-1.0
-1.0
-1.0
-0.944899272222882237921
-1.0
-1.0
-0.81927932164400668659
-1.0
-1.0
-0.632876153031860683828
-1.0
-1.0
-0.399530940965348958597
-1.0
-1.0
-0.136552932854927547162
-1.0
-1.0
0.136552932854927547162
-1.0
-1.0
0.399530940965348958598
-1.0
-1.0
0.632876153031860683829
-1.0
-1.0
0.81927932164400668659
-1.0
-1.0
0.944899272222882237921
-1.0
-1.0
1.0
-1.0
-1.0
-1.0
-0.944899272222882237921
-1.0
-0.918312349642134181455
-0.921517860430384066711
-1.0
-0.762929451089958296199
-0.904109027451205446106
-1.0
-0.54590195312211096217
-0.892092413183274334018
-1.0
-0.284537165344849935669
-0.885050872026176682255
-1.0
9.22588286149383929313e-17
-0.882731906226922648744
-1.0
0.284537165344850003044
-0.885050872026176682255
-1.0
0.54590195312211093785
-0.89209241318327434598
-1.0
0.762929451089958397875
-0.904109027451205511645
-1.0
0.91831234964213420749
-0.921517860430384212283
-1.0
1.0
-0.944899272222882237921
-1.0
-1.0
-0.81927932164400668659
-1.0
-0.891910958255740992419
-0.774295913838788509433
-1.0
-0.70334195333297063629
-0.741661108759706422867
-1.0
-0.450053664485779831132
-0.720438843490089559894
-1.0
-0.154852032529762719733
-0.709989975301326756273
-1.0
0.154852032529762835194
-0.709989975301326778988
-1.0
0.450053664485779633162
-0.720438843490089596796
-1.0
0.703341953332970605899
-0.741661108759706453942
-1.0
0.89191095825574102157
-0.774295913838788552621
-1.0
1.00000000000000012205
-0.819279321644006713439
-1.0
-1.0
-0.632876153031860683828
-1.0
-0.862573317424480684611
-0.570402265330501622749
-1.0
-0.633824754464360390126
-0.526925481273151105754
-1.0
-0.335653882151422848096
-0.501306445586711136246
-1.0
2.78396436356439028192e-17
-0.492845428353529241864
-1.0
0.335653882151422628875
-0.501306445586711150695
-1.0
0.633824754464360174324
-0.526925481273151121543
-1.0
0.862573317424480671627
-0.570402265330501648473
-1.0
1.0
-0.632876153031860683828
-1.0
-1.0
-0.399530940965348958598
-1.0
-0.826578014762566886665
-0.325658079815494617829
-1.0
-0.545937989246077982261
-0.277402723989801311251
-1.0
-0.190868281705634413571
-0.253577285823235399848
-1.0
0.190868281705634386746
-0.253577285823235358288
-1.0
0.545937989246077915018
-0.277402723989801222132
-1.0
0.826578014762566878358
-0.325658079815494554327
-1.0
1.0
-0.399530940965348958598
-1.0
-1.0
-0.136552932854927547162
-1.0
-0.778453953719012032596
-0.0586340468865387624772
-1.0
-0.42720139486323515319
-0.0126073007088720215948
-1.0
-1.09677531779631045467e-16
0.00261289117342214238809
-1.0
0.427201394863235134793
-0.0126073007088719097605
-1.0
0.778453953719011996245
-0.0586340468865385887785
-1.0
0.999999999999999804634
-0.1365529328549275147
-1.0
-1.0
0.136552932854927547162
-1.0
-0.708728159930264500818
0.210708951841671236583
-1.0
-0.257114256716656862115
0.247364324763240549163
-1.0
0.257114256716656668825
0.247364324763240570043
-1.0
0.708728159930264477383
0.210708951841671300085
-1.0
0.99999999999999974284
0.136552932854927569404
-1.0
-1.0
0.399530940965348958598
-1.0
-0.598487373042719609831
0.46249467851377598249
-1.0
6.01452684856861041762e-17
0.483322217519412876809
-1.0
0.598487373042719664623
0.46249467851377596873
-1.0
1.0
0.399530940965348958598
-1.0
-1.0
0.632876153031860683829
-1.0
-0.403653943356990682013
0.678404941289994092706
-1.0
0.403653943356991433889
0.678404941289994115867
-1.0
1.0
0.632876153031860683829
-1.0
-1.0
0.81927932164400668659
-1.0
1.50285434765480997027e-15
0.843035720860768418861
-1.0
1.00000000000000122866
0.819279321644006727997
-1.0
-0.999999999999999999995
0.944899272222882237921
-1.0
0.999999999999999999999
0.944899272222882237921
-1.0
-1.0
1.0
-1.0
-1.0
-1.0
-0.944899272222882237921
-0.918312349642134181455
-1.0
-0.921517860430384066711
-0.762929451089958296199
-1.0
-0.904109027451205446106
-0.54590195312211096217
-1.0
-0.892092413183274334018
-0.284537165344849935669
-1.0
-0.885050872026176682256
9.22588286149383929313e-17
-1.0
-0.882731906226922648744
0.284537165344850003044
-1.0
-0.885050872026176682256
0.54590195312211093785
-1.0
-0.89209241318327434598
0.762929451089958397875
-1.0
-0.904109027451205511645
0.91831234964213420749
-1.0
-0.921517860430384212284
1.0
-1.0
-0.944899272222882237921
-1.0
-0.918312349642134181455
-0.921517860430384066711
-0.872108673931397439675
-0.879795246588190278546
-0.886610240620980024494
-0.695855970475348902717
-0.855128373719351062606
-0.864913475934346669446
-0.449323431461004521597
-0.842458219589013550077
-0.853961780169117664906
-0.155293620408911971439
-0.836901420000149759245
-0.849199124341469879763
0.155293620408912302647
-0.836901420000149763493
-0.849199124341469883394
0.449323431461004513709
-0.842458219589013555485
-0.853961780169117669554
0.695855970475349021458
-0.855128373719351082146
-0.864913475934346686436
0.872108673931397563482
-0.879795246588190343977
-0.886610240620980082717
1.00000000000000024096
-0.918312349642134183256
-0.921517860430384068373
-1.0
-0.762929451089958296199
-0.904109027451205446106
-0.831337409841995841744
-0.717886890565741851026
-0.864913475934346669359
-0.610934619816719200008
-0.674294907614932596595
-0.846511228248515864511
-0.324204793516050277037
-0.651437883928572859889
-0.838021329501461733204
1.60921648659976927742e-16
-0.64432413503064086844
-0.835508411392165865474
0.324204793516050305339
-0.651437883928572884917
-0.838021329501461737181
0.610934619816719168309
-0.67429490761493262263
-0.846511228248515868058
0.831337409841995941872
-0.71788689056574189234
-0.864913475934346687664
1.0000000000000001323
-0.762929451089958260833
-0.904109027451205479236
-1.0
-0.54590195312211096217
-0.892092413183274334018
-0.788917123399269199477
-0.492700714980127494094
-0.853961780169117664872
-0.516551731059555281413
-0.441983097117536555228
-0.838021329501461733453
-0.180093178053245848752
-0.418486585751282144263
-0.831758948566527095079
0.18009317805324587022
-0.418486585751282141696
-0.831758948566527096733
0.516551731059555244552
-0.441983097117536553123
-0.838021329501461736323
0.788917123399269192193
-0.492700714980127499377
-0.853961780169117665858
1.0
-0.54590195312211096217
-0.892092413183274334018
-1.0
-0.284537165344849935669
-0.885050872026176682256
-0.73353798228476680138
-0.22417882592297250413
-0.849199124341469880146
-0.396052962534409600738
-0.177837932484679491708
-0.835508411392165866825
3.58824332280602981138e-18
-0.163026828497435679877
-0.831758948566527098387
0.396052962534409801739
-0.177837932484679450308
-0.83550841139216587297
0.733537982284766961752
-0.224178825922972478216
-0.849199124341469894021
1.0
-0.284537165344849935669
-0.885050872026176682256
-1.0
9.22588286149383929313e-17
-0.882731906226922648744
-0.652582493250012217148
0.0610802459231224373743
-0.849199124341469884329
-0.231038643551146809663
0.0934209810461094258805
-0.838021329501461740051
0.231038643551146844248
0.093420981046109452983
-0.8380213295014617403
0.652582493250012427969
0.0610802459231224742041
-0.849199124341469896258
1.0
9.22588286149383929313e-17
-0.882731906226922648744
-1.0
0.284537165344850003044
-0.885050872026176682256
-0.526076866780515618191
0.335158934569141045136
-0.85396178016911767054
4.01832430177440080854e-17
0.348589815229865208233
-0.846511228248515871605
0.526076866780515633358
0.335158934569141045161
-0.853961780169117670506
1.0
0.284537165344850003044
-0.885050872026176682256
-1.0
0.54590195312211093785
-0.89209241318327434598
-0.321420115695292064077
0.57301526428509304367
-0.864913475934346688776
0.321420115695292492113
0.57301526428509304235
-0.864913475934346695415
1.0
0.54590195312211093785
-0.89209241318327434598
-0.999999999999999999999
0.762929451089958397875
-0.904109027451205511645
5.72506604433866209125e-16
0.759590493176380737436
-0.88661024062098010415
1.00000000000000098379
0.762929451089958363907
-0.904109027451205535841
-1.0
0.91831234964213420749
-0.921517860430384212284
1.00000000000000565847
0.918312349642134293771
-0.921517860430384189173
-1.0
1.0
-0.944899272222882237921
-1.0
-1.0
-0.819279321644006590125
-0.891910958255740992419
-1.0
-0.774295913838788509433
-0.70334195333297063629
-1.0
-0.741661108759706422867
-0.450053664485779831132
-1.0
-0.720438843490089559894
-0.154852032529762719733
-1.0
-0.709989975301326756273
0.154852032529762835194
-1.0
-0.709989975301326778988
0.450053664485779633162
-1.0
-0.720438843490089596796
0.703341953332970605899
-1.0
-0.741661108759706453942
0.89191095825574102157
-1.0
-0.774295913838788552621
1.00000000000000012205
-1.0
-0.819279321644006616975
-1.0
-0.891910958255740992419
-0.774295913838788509433
-0.831337409841995841792
-0.844454742823118683401
-0.736941730239155447241
-0.61093461981671919858
-0.819349626723376534325
-0.699290944906626423146
-0.324204793516050275716
-0.807130099970144516454
-0.67966769800227633256
1.60921648659976927742e-16
-0.803425129927102504546
-0.673576979059778563897
0.324204793516050304019
-0.807130099970144523751
-0.679667698002276354868
0.610934619816719166881
-0.819349626723376540993
-0.699290944906626446606
0.83133740984199594192
-0.844454742823118707697
-0.736941730239155483183
1.0000000000000001323
-0.891910958255741027472
-0.774295913838788471836
-1.0
-0.70334195333297063629
-0.741661108759706422867
-0.780507994748911156687
-0.646077022896279741347
-0.699290944906626422439
-0.509097056164176419689
-0.605843378963721514806
-0.67073447278008645465
-0.1773160251454093772
-0.587144319422803764051
-0.657786676674807076992
0.177316025145409423632
-0.587144319422803771761
-0.657786676674807082289
0.509097056164176395149
-0.605843378963721530436
-0.670734472780086465557
0.780507994748911148519
-0.646077022896279750066
-0.699290944906626428733
1.0
-0.70334195333297063629
-0.741661108759706422867
-1.0
-0.450053664485779831132
-0.720438843490089559894
-0.722364530458858193014
-0.389375070473657752901
-0.679667698002276330928
-0.387063847331354579041
-0.347140901314681895817
-0.657786676674807076083
-1.14593075730784563909e-16
-0.333333333333333378468
-0.651049614332145202067
0.387063847331354560249
-0.347140901314681880693
-0.657786676674807077789
0.722364530458858179443
-0.389375070473657741942
-0.679667698002276333076
0.999999999999999821989
-0.450053664485779804272
-0.720438843490089529734
-1.0
-0.154852032529762719733
-0.709989975301326756273
-0.642033835948648896211
-0.0982874350364486469473
-0.673576979059778562781
-0.225204175430697053257
-0.0657147792625143373301
-0.657786676674807083994
0.225204175430697050382
-0.065714779262514314633
-0.657786676674807083085
0.642033835948649112688
-0.0982874350364486339311
-0.673576979059778576854
1.0
-0.154852032529762719733
-0.709989975301326756273
-1.0
0.154852032529762835194
-0.709989975301326778988
-0.519922486280626774563
0.196505170443802267507
-0.679667698002276357016
1.65630940088474024052e-17
0.211686757927443026848
-0.670734472780086476464
0.519922486280626774607
0.196505170443802285145
-0.679667698002276355384
1.0
0.154852032529762835194
-0.709989975301326778988
-0.999999999999999999999
0.450053664485779633162
-0.720438843490089596796
-0.32413251372111055316
0.465426649619656259969
-0.6992909449066264529
0.324132513721110571814
0.465426649619656257346
-0.699290944906626452193
0.999999999999999530635
0.450053664485779647312
-0.720438843490089576257
-0.999999999999999999999
0.703341953332970605898
-0.741661108759706453942
2.66485459052149056824e-16
0.688909485646237476194
-0.736941730239155489525
1.0
0.703341953332970605898
-0.741661108759706453942
-1.0
0.89191095825574102157
-0.774295913838788552621
1.00000000000000231559
0.891910958255741090005
-0.774295913838788491436
-1.0
1.00000000000000003948
-0.819279321644006718061
-1.0
-1.0
-0.632876153031860683828
-0.862573317424480684611
-1.0
-0.570402265330501622749
-0.633824754464360390126
-1.0
-0.526925481273151105754
-0.335653882151422848096
-1.0
-0.501306445586711136246
2.78396436356439028192e-17
-1.0
-0.492845428353529241864
0.335653882151422628875
-1.0
-0.501306445586711150695
0.633824754464360174324
-1.0
-0.526925481273151121543
0.862573317424480671626
-1.0
-0.570402265330501648473
1.0
-1.0
-0.632876153031860683828
-1.0
-0.86257331742448068461
-0.570402265330501622749
-0.788917123399269199433
-0.809068326805329993098
-0.529743257233018276904
-0.516551731059555284593
-0.782166180208531644684
-0.487176515139843254257
-0.18009317805324585107
-0.770695630679888834039
-0.467403799869218650702
0.180093178053245872538
-0.770695630679888835851
-0.46740379986921864787
0.516551731059555247733
-0.782166180208531648143
-0.487176515139843251521
0.788917123399269192149
-0.809068326805329994968
-0.529743257233018281551
1.0
-0.86257331742448068461
-0.570402265330501622749
-1.0
-0.633824754464360390126
-0.526925481273151105754
-0.722364530458858199341
-0.569207422606990364461
-0.487176515139843252376
-0.387063847331354588006
-0.530844906376574782334
-0.458849442226778308385
-1.14593075730784563909e-16
-0.518572959372677379
-0.449650128555951650924
0.387063847331354569214
-0.530844906376574780462
-0.458849442226778295292
0.722364530458858185769
-0.569207422606990364494
-0.487176515139843242516
0.999999999999999821989
-0.63382475446436034707
-0.526925481273151090941
-1.0
-0.335653882151422848096
-0.501306445586711136246
-0.640052024650746559584
-0.274097286407124442888
-0.467403799869218644048
-0.223951326804894716594
-0.240713520313661413553
-0.449650128555951643747
0.223951326804894434249
-0.240713520313661389688
-0.449650128555951631209
0.640052024650746543577
-0.274097286407124421346
-0.467403799869218632451
0.999999999999999778535
-0.33565388215142280819
-0.50130644558671111376
-1.0
2.78396436356439028192e-17
-0.492845428353529241864
-0.519885533886897842616
0.0447929170870132475582
-0.467403799869218636274
1.16403502776422224096e-18
0.061689812753149534396
-0.4588494422267782822
0.5198855338868978337
0.0447929170870132703557
-0.467403799869218629619
1.0
2.78396436356439028192e-17
-0.492845428353529241864
-1.0
0.335653882151422628875
-0.501306445586711150695
-0.328322680862112652993
0.351373602815521969542
-0.487176515139843241662
0.328322680862112662303
0.351373602815521972222
-0.48717651513984323978
0.999999999999999554747
0.335653882151422638221
-0.501306445586711138565
-1.0
0.633824754464360174324
-0.526925481273151121543
3.25959453927136127982e-18
0.618136653610659977608
-0.529743257233018286199
0.999999999999999205739
0.633824754464360149537
-0.526925481273151127732
-0.999999999999999999999
0.862573317424480671626
-0.570402265330501648473
1.0
0.862573317424480671626
-0.570402265330501648473
-1.0
1.0
-0.632876153031860683828
-1.0
-1.0
-0.399530940965348958598
-0.826578014762566886665
-1.0
-0.325658079815494617829
-0.545937989246077982261
-1.0
-0.277402723989801311251
-0.190868281705634413571
-1.0
-0.253577285823235399848
0.190868281705634386746
-1.0
-0.253577285823235358288
0.545937989246077915018
-1.0
-0.277402723989801222132
0.826578014762566878358
-1.0
-0.325658079815494554327
1.0
-1.0
-0.399530940965348958598
-1.0
-0.826578014762566886665
-0.325658079815494617829
-0.733537982284766816591
-0.764865225507862469668
-0.282676082125594901278
-0.396052962534409618922
-0.735853508623197609663
-0.24545730477402775549
3.58824332280602981138e-18
-0.727198818546279829137
-0.233433451695035636196
0.396052962534409819924
-0.735853508623197610936
-0.245457304774027714969
0.733537982284766976963
-0.764865225507862485924
-0.282676082125594871935
1.0
-0.826578014762566886665
-0.325658079815494617829
-1.0
-0.54593798924607798226
-0.277402723989801311251
-0.642033835948648920185
-0.475818207996384581349
-0.245457304774027753023
-0.225204175430697067106
-0.441547505795627424313
-0.225577204423607563019
0.22520417543069706423
-0.441547505795627414451
-0.22557720442360754463
0.642033835948649136662
-0.475818207996384596694
-0.245457304774027735786
1.0
-0.54593798924607798226
-0.277402723989801311251
-1.0
-0.190868281705634413572
-0.253577285823235399848
-0.519885533886897848144
-0.136400590726860102649
-0.233433451695035622945
1.16403502776422224096e-18
-0.116904988408745166302
-0.225577204423607526241
0.519885533886897839228
-0.136400590726860082581
-0.233433451695035609695
1.0
-0.190868281705634413572
-0.253577285823235399848
-1.0
0.190868281705634386746
-0.253577285823235358288
-0.329856616981645934259
0.211671716619582337613
-0.245457304774027679842
0.329856616981646340415
0.211671716619582336089
-0.245457304774027680432
1.0
0.190868281705634386746
-0.253577285823235358288
-1.0
0.545937989246077915018
-0.277402723989801222132
2.79743218742573365732e-16
0.529730451015725071556
-0.282676082125594812051
1.0
0.545937989246077915018
-0.277402723989801222132
-1.0
0.826578014762566878358
-0.325658079815494554327
0.999999999999999999999
0.826578014762566878358
-0.325658079815494554327
-1.0
1.0
-0.399530940965348958597
-1.0
-1.0
-0.136552932854927712888
-0.778453953719012032596
-1.0
-0.0586340468865387624772
-0.42720139486323515319
-1.0
-0.0126073007088720215949
-1.09677531779631045467e-16
-1.0
0.00261289117342214238784
0.427201394863235134793
-1.0
-0.0126073007088719097606
0.778453953719011996245
-1.0
-0.0586340468865385887785
0.999999999999999804634
-1.0
-0.136552932854927680426
-1.0
-0.778453953719012032596
-0.0586340468865387624772
-0.652582493250012242893
-0.7040002421801913047
-0.0189256691914652964327
-0.231038643551146821937
-0.674458724042506410965
0.00486554264358130794125
0.231038643551146856523
-0.674458724042506403274
0.00486554264358133298484
0.652582493250012453714
-0.704000242180191316384
-0.0189256691914652560512
1.0
-0.778453953719012032596
-0.0586340468865387624772
-1.0
-0.42720139486323515319
-0.0126073007088720215949
-0.519922486280626782974
-0.356202974121329172878
0.00486554264358130866302
1.65630940088474024052e-17
-0.333333333333333311249
0.0122034183402593966705
0.519922486280626783018
-0.356202974121329160646
0.00486554264358132250004
1.0
-0.42720139486323515319
-0.0126073007088720215949
-1.0
-1.09677425900512638679e-16
0.00261289117342214238784
-0.32832268086211263288
0.0306616981638356003023
0.00486554264358134682193
0.328322680862112642189
0.030661698163835604831
0.00486554264358134754357
0.999999999999999554747
-8.64428886408535532282e-17
0.00261289117342214130273
-0.999999999999999999999
0.427201394863235134793
-0.0126073007088719097606
2.79743218742573365732e-16
0.40800048436038276956
-0.0189256691914651939301
1.0
0.427201394863235134793
-0.0126073007088719097606
-0.999999999999999999998
0.778453953719011996245
-0.0586340468865385887785
1.0
0.778453953719011996245
-0.0586340468865385887785
-1.0
0.999999999999999910159
-0.136552932854927489519
-1.0
-1.0
0.136552932854927381436
-0.708728159930264500818
-1.0
0.210708951841671236582
-0.257114256716656862115
-1.0
0.247364324763240549163
0.257114256716656668825
-1.0
0.247364324763240570043
0.708728159930264477384
-1.0
0.210708951841671300085
0.99999999999999974284
-1.0
0.136552932854927403678
-1.0
-0.708728159930264500818
0.210708951841671236582
-0.52607686678051561706
-0.616865110434748238374
0.237666817571253616963
4.01832430177440080854e-17
-0.593357073769416113683
0.245093118061768746145
0.526076866780515632228
-0.616865110434748238283
0.237666817571253616963
1.0
-0.708728159930264500818
0.210708951841671236582
-1.0
-0.257114256716656862115
0.247364324763240549163
-0.324132513721110528591
-0.203321463115291899243
0.245093118061768743397
0.324132513721110547244
-0.203321463115291900269
0.245093118061768740649
0.999999999999999530635
-0.257114256716656810219
0.247364324763240546444
-1.0
0.257114256716656668826
0.247364324763240570043
3.25959453927136127982e-18
0.233730220869496503631
0.237666817571253616963
0.999999999999999205739
0.257114256716656629216
0.247364324763240556176
-1.0
0.708728159930264477384
0.210708951841671300085
1.0
0.708728159930264477384
0.210708951841671300085
-1.0
0.999999999999999881743
0.136552932854927604191
-1.0
-1.0
0.399530940965348958598
-0.598487373042719609831
-1.0
0.46249467851377598249
6.01452684856861041762e-17
-1.0
0.483322217519412876809
0.598487373042719664623
-1.0
0.462494678513775968729
1.0
-1.0
0.399530940965348958598
-1.0
-0.598487373042719609831
0.46249467851377598249
-0.321420115695292061031
-0.49332861918295915096
0.466768682107848929765
0.321420115695292489067
-0.493328619182959172071
0.466768682107848933756
1.0
-0.598487373042719609831
0.46249467851377598249
-1.0
6.01450567274492906011e-17
0.483322217519412876809
2.66485459052149056824e-16
-0.013342761634081329692
0.466768682107848935165
1.0
6.01450567274492906011e-17
0.483322217519412876809
-0.999999999999999999999
0.598487373042719664623
0.462494678513775968729
1.0
0.598487373042719664623
0.462494678513775968729
-1.0
1.0
0.399530940965348958598
-1.0
-1.0
0.632876153031860683828
-0.403653943356990682013
-0.999999999999999999999
0.678404941289994092706
0.403653943356991433889
-0.999999999999999999999
0.678404941289994115867
1.0
-1.0
0.632876153031860683828
-1.0
-0.403653943356990682012
0.678404941289994092706
5.72506604433866209125e-16
-0.333333333333332994876
0.65983072186294035655
1.00000000000000098379
-0.403653943356990852908
0.678404941289994081694
-0.999999999999999999997
0.403653943356991433889
0.678404941289994115867
1.00000000000000231559
0.403653943356991826766
0.678404941289994118699
-1.0
1.0
0.632876153031860683828
-1.0
-1.0
0.819279321644006783054
1.50285434765480997027e-15
-1.0
0.843035720860768418861
1.00000000000000122866
-1.0
0.819279321644006824461
-1.0
1.50285540644599403814e-15
0.843035720860768418861
1.00000000000000565848
2.18422268526098292685e-15
0.843035720860768479591
-1.0
1.00000000000000039741
0.819279321644006657507
-1.0
-0.999999999999999999997
0.944899272222882237921
1.0
-0.999999999999999999997
0.944899272222882237921
-1.0
0.999999999999999999999
0.94489927222288223792
-1.0
-1.0
1.0
