-1.0
-1.0
-1.0
-0.944899272222882237921
-1.0
-1.0
-0.81927932164400668659
-1.0
-1.0
-0.632876153031860683828
-1.0
-1.0
-0.399530940965348958597
-1.0
-1.0
-0.136552932854927547162
-1.0
-1.0
0.136552932854927547162
-1.0
-1.0
0.399530940965348958598
-1.0
-1.0
0.632876153031860683828
-1.0
-1.0
0.819279321644006686589
-1.0
-1.0
0.944899272222882237921
-1.0
-1.0
1.0
-1.0
-1.0
-1.0
-0.944899272222882237921
-1.0
-0.921517860430384187511
-0.921517860430384066711
-1.0
-0.774295913838788529034
-0.904109027451205446106
-1.0
-0.570402265330501648473
-0.892092413183274334018
-1.0
-0.325658079815494554327
-0.885050872026176682255
-1.0
-0.0586340468865385887787
-0.882731906226922648744
-1.0
0.210708951841671300085
-0.885050872026176682255
-1.0
0.462494678513775968729
-0.89209241318327434598
-1.0
0.678404941289994129711
-0.904109027451205511645
-1.0
0.843035720860768418861
-0.921517860430384212283
-1.0
0.944899272222882237921
-0.944899272222882237921
-1.0
-1.0
-0.81927932164400668659
-1.0
-0.904109027451205502712
-0.774295913838788509433
-1.0
-0.741661108759706453943
-0.741661108759706422867
-1.0
-0.526925481273151142544
-0.720438843490089559894
-1.0
-0.277402723989801222132
-0.709989975301326756273
-1.0
-0.0126073007088719097606
-0.709989975301326778988
-1.0
0.247364324763240558895
-0.720438843490089596796
-1.0
0.483322217519412876809
-0.741661108759706453942
-1.0
0.678404941289994078861
-0.774295913838788552621
-1.0
0.819279321644006824461
-0.819279321644006713439
-1.0
-1.0
-0.632876153031860683828
-1.0
-0.89209241318327434598
-0.570402265330501622749
-1.0
-0.720438843490089606416
-0.526925481273151105754
-1.0
-0.501306445586711161052
-0.501306445586711136246
-1.0
-0.253577285823235358288
-0.492845428353529241864
-1.0
0.0026128911734221423878
-0.501306445586711150695
-1.0
0.247364324763240560311
-0.526925481273151121543
-1.0
0.46249467851377598249
-0.570402265330501648473
-1.0
0.632876153031860683828
-0.632876153031860683828
-1.0
-1.0
-0.399530940965348958598
-1.0
-0.885050872026176682256
-0.325658079815494617829
-1.0
-0.709989975301326778988
-0.277402723989801311251
-1.0
-0.492845428353529241864
-0.253577285823235399848
-1.0
-0.253577285823235399848
-0.253577285823235358288
-1.0
-0.0126073007088720215948
-0.277402723989801222132
-1.0
0.210708951841671236582
-0.325658079815494554327
-1.0
0.399530940965348958597
-0.399530940965348958598
-1.0
-1.0
-0.136552932854927547162
-1.0
-0.882731906226922648744
-0.0586340468865387624773
-1.0
-0.709989975301326756273
-0.0126073007088720215949
-1.0
-0.501306445586711125889
0.00261289117342214238783
-1.0
-0.277402723989801311251
-0.0126073007088719097607
-1.0
-0.0586340468865387624774
-0.0586340468865385887786
-1.0
0.136552932854927403678
-0.1365529328549275147
-1.0
-1.0
0.136552932854927547162
-1.0
-0.885050872026176682256
0.210708951841671236582
-1.0
-0.720438843490089550274
0.247364324763240549163
-1.0
-0.526925481273151084752
0.247364324763240570043
-1.0
-0.325658079815494617829
0.210708951841671300085
-1.0
-0.136552932854927680426
0.136552932854927569404
-1.0
-1.0
0.399530940965348958598
-1.0
-0.892092413183274334018
0.46249467851377598249
-1.0
-0.741661108759706422867
0.483322217519412876809
-1.0
-0.570402265330501622749
0.462494678513775968729
-1.0
-0.399530940965348958598
0.399530940965348958598
-1.0
-1.0
0.632876153031860683828
-1.0
-0.90410902745120545504
0.678404941289994092705
-1.0
-0.774295913838788533021
0.678404941289994115867
-1.0
-0.632876153031860683829
0.632876153031860683828
-1.0
-1.0
0.81927932164400668659
-1.0
-0.921517860430384091483
0.843035720860768418861
-1.0
-0.819279321644006616974
0.819279321644006727997
-1.0
-1.0
0.94489927222288223792
-1.0
-0.944899272222882237921
0.94489927222288223792
-1.0
-1.0
1.0
-1.0
-1.0
-1.0
-0.944899272222882237921
-0.921517860430384187511
-1.0
-0.921517860430384066711
-0.774295913838788529034
-1.0
-0.904109027451205446106
-0.570402265330501648473
-1.0
-0.892092413183274334018
-0.325658079815494554327
-1.0
-0.885050872026176682256
-0.0586340468865385887786
-1.0
-0.882731906226922648744
0.210708951841671300085
-1.0
-0.885050872026176682256
0.462494678513775968729
-1.0
-0.89209241318327434598
0.678404941289994129711
-1.0
-0.904109027451205511645
0.843035720860768418861
-1.0
-0.921517860430384212284
0.944899272222882237921
-1.0
-0.944899272222882237921
-1.0
-0.921517860430384187511
-0.921517860430384066711
-0.88661024062098006736
-0.886610240620980045927
-0.886610240620980024494
-0.736941730239155459926
-0.864913475934346671698
-0.864913475934346669446
-0.529743257233018286199
-0.853961780169117665858
-0.853961780169117664906
-0.282676082125594781509
-0.849199124341469881081
-0.849199124341469879763
-0.0189256691914651721906
-0.849199124341469884712
-0.849199124341469883394
0.237666817571253616963
-0.853961780169117670505
-0.853961780169117669554
0.466768682107848932583
-0.864913475934346688688
-0.864913475934346686436
0.65983072186294035655
-0.88661024062098010415
-0.886610240620980082717
0.843035720860768479591
-0.921517860430384189173
-0.921517860430384068373
-1.0
-0.774295913838788529033
-0.904109027451205446106
-0.864913475934346679537
-0.736941730239155453583
-0.864913475934346669359
-0.6992909449066264529
-0.699290944906626428733
-0.846511228248515864511
-0.487176515139843241662
-0.679667698002276333076
-0.838021329501461733204
-0.245457304774027665008
-0.673576979059778561664
-0.835508411392165865474
0.00486554264358134682189
-0.679667698002276355384
-0.838021329501461737181
0.245093118061768743397
-0.699290944906626452193
-0.846511228248515868058
0.466768682107848932347
-0.736941730239155489525
-0.864913475934346687664
0.678404941289994081694
-0.774295913838788491436
-0.904109027451205479236
-1.0
-0.570402265330501648473
-0.892092413183274334018
-0.85396178016911767054
-0.529743257233018281551
-0.853961780169117664872
-0.679667698002276357017
-0.487176515139843242516
-0.838021329501461733453
-0.467403799869218636274
-0.467403799869218632452
-0.831758948566527095079
-0.233433451695035622945
-0.467403799869218629619
-0.831758948566527096733
0.00486554264358130866288
-0.48717651513984323978
-0.838021329501461736323
0.237666817571253616963
-0.529743257233018286199
-0.853961780169117665858
0.46249467851377598249
-0.570402265330501648473
-0.892092413183274334018
-1.0
-0.325658079815494554327
-0.885050872026176682256
-0.849199124341469882934
-0.282676082125594841393
-0.849199124341469880146
-0.673576979059778562781
-0.245457304774027717895
-0.835508411392165866825
-0.467403799869218644048
-0.233433451695035609695
-0.831758948566527098387
-0.245457304774027767856
-0.245457304774027677375
-0.83550841139216587297
-0.0189256691914653181723
-0.282676082125594812051
-0.849199124341469894021
0.210708951841671236582
-0.325658079815494554327
-0.885050872026176682256
-1.0
-0.0586340468865385887785
-0.882731906226922648744
-0.849199124341469881541
-0.0189256691914652343117
-0.849199124341469884329
-0.679667698002276330928
0.00486554264358132250002
-0.838021329501461740051
-0.487176515139843252376
0.00486554264358134754357
-0.8380213295014617403
-0.282676082125594931819
-0.0189256691914651939301
-0.849199124341469896258
-0.0586340468865387624773
-0.0586340468865385887785
-0.882731906226922648744
-1.0
0.210708951841671300085
-0.885050872026176682256
-0.853961780169117664871
0.237666817571253616963
-0.85396178016911767054
-0.699290944906626422439
0.245093118061768740649
-0.846511228248515871605
-0.529743257233018276904
0.237666817571253616963
-0.853961780169117670506
-0.325658079815494617829
0.210708951841671300085
-0.885050872026176682256
-1.0
0.462494678513775968729
-0.89209241318327434598
-0.864913475934346678598
0.466768682107848931174
-0.864913475934346688776
-0.736941730239155476841
0.466768682107848935165
-0.864913475934346695415
-0.570402265330501622749
0.462494678513775968729
-0.89209241318327434598
-1.0
0.678404941289994129711
-0.904109027451205511645
-0.886610240620980061284
0.65983072186294035655
-0.88661024062098010415
-0.774295913838788471835
0.678404941289994118699
-0.904109027451205535841
-1.0
0.843035720860768418862
-0.921517860430384212284
-0.921517860430384068373
0.843035720860768479591
-0.921517860430384189173
-1.0
0.944899272222882237921
-0.944899272222882237921
-1.0
-1.0
-0.819279321644006590125
-0.904109027451205502712
-1.0
-0.774295913838788509433
-0.741661108759706453943
-1.0
-0.741661108759706422867
-0.526925481273151142544
-1.0
-0.720438843490089559894
-0.277402723989801222132
-1.0
-0.709989975301326756273
-0.0126073007088719097607
-1.0
-0.709989975301326778988
0.247364324763240558895
-1.0
-0.720438843490089596796
0.483322217519412876809
-1.0
-0.741661108759706453942
0.678404941289994078861
-1.0
-0.774295913838788552621
0.819279321644006727997
-1.0
-0.819279321644006616975
-1.0
-0.904109027451205502712
-0.774295913838788509433
-0.864913475934346679449
-0.864913475934346677198
-0.736941730239155447241
-0.699290944906626452193
-0.846511228248515868058
-0.699290944906626423146
-0.48717651513984323978
-0.838021329501461736323
-0.67966769800227633256
-0.245457304774027662541
-0.835508411392165868175
-0.673576979059778563897
0.00486554264358134754361
-0.8380213295014617403
-0.679667698002276354868
0.245093118061768740649
-0.846511228248515871605
-0.699290944906626446606
0.466768682107848933756
-0.864913475934346695503
-0.736941730239155483183
0.678404941289994118699
-0.904109027451205535841
-0.774295913838788471836
-1.0
-0.741661108759706453942
-0.741661108759706422867
-0.846511228248515871605
-0.699290944906626446606
-0.699290944906626422439
-0.670734472780086476464
-0.670734472780086465557
-0.67073447278008645465
-0.4588494422267782822
-0.657786676674807077789
-0.657786676674807076992
-0.225577204423607526241
-0.657786676674807083085
-0.657786676674807082289
0.0122034183402593966706
-0.670734472780086476464
-0.670734472780086465557
0.245093118061768746144
-0.6992909449066264529
-0.699290944906626428733
0.483322217519412876809
-0.741661108759706453942
-0.741661108759706422867
-1.0
-0.526925481273151142544
-0.720438843490089559894
-0.838021329501461740051
-0.487176515139843251522
-0.679667698002276330928
-0.657786676674807083994
-0.458849442226778295293
-0.657786676674807076083
-0.449650128555951643747
-0.44965012855595163657
-0.651049614332145202067
-0.225577204423607563019
-0.4588494422267782822
-0.657786676674807077789
0.00486554264358130794126
-0.487176515139843241662
-0.679667698002276333076
0.247364324763240546444
-0.526925481273151127732
-0.720438843490089529734
-1.0
-0.277402723989801222132
-0.709989975301326756273
-0.835508411392165866825
-0.245457304774027700136
-0.673576979059778562781
-0.657786676674807076083
-0.22557720442360754463
-0.657786676674807083994
-0.458849442226778308385
-0.225577204423607526241
-0.657786676674807083085
-0.245457304774027773381
-0.245457304774027682899
-0.673576979059778576854
-0.0126073007088720215948
-0.277402723989801222132
-0.709989975301326756273
-1.0
-0.0126073007088719097606
-0.709989975301326778988
-0.838021329501461733453
0.0048655426435813329849
-0.679667698002276357016
-0.67073447278008645465
0.0122034183402593966706
-0.670734472780086476464
-0.487176515139843254257
0.00486554264358134682189
-0.679667698002276355384
-0.277402723989801311251
-0.0126073007088719097606
-0.709989975301326778988
-1.0
0.247364324763240558895
-0.720438843490089596796
-0.846511228248515864511
0.245093118061768746144
-0.6992909449066264529
-0.699290944906626423146
0.245093118061768743397
-0.699290944906626452193
-0.526925481273151090942
0.247364324763240556176
-0.720438843490089576257
-1.0
0.483322217519412876809
-0.741661108759706453942
-0.864913475934346685412
0.466768682107848932347
-0.736941730239155489525
-0.741661108759706422867
0.483322217519412876809
-0.741661108759706453942
-1.0
0.678404941289994078861
-0.774295913838788552621
-0.904109027451205479236
0.678404941289994081694
-0.774295913838788491436
-1.0
0.819279321644006753971
-0.819279321644006718061
-1.0
-1.0
-0.632876153031860683828
-0.892092413183274345981
-1.0
-0.570402265330501622749
-0.720438843490089606416
-1.0
-0.526925481273151105754
-0.501306445586711161052
-1.0
-0.501306445586711136246
-0.253577285823235358288
-1.0
-0.492845428353529241864
0.00261289117342214238785
-1.0
-0.501306445586711150695
0.247364324763240560311
-1.0
-0.526925481273151121543
0.46249467851377598249
-1.0
-0.570402265330501648473
0.632876153031860683828
-1.0
-0.632876153031860683828
-1.0
-0.89209241318327434598
-0.570402265330501622749
-0.853961780169117670506
-0.853961780169117669553
-0.529743257233018276904
-0.679667698002276355384
-0.838021329501461737181
-0.487176515139843254257
-0.467403799869218629619
-0.831758948566527096733
-0.467403799869218650702
-0.233433451695035609695
-0.831758948566527098387
-0.46740379986921864787
0.00486554264358132249997
-0.838021329501461740051
-0.487176515139843251521
0.237666817571253616963
-0.85396178016911767054
-0.529743257233018281551
0.462494678513775968729
-0.89209241318327434598
-0.570402265330501622749
-1.0
-0.720438843490089606416
-0.526925481273151105754
-0.8380213295014617403
-0.679667698002276354868
-0.487176515139843252376
-0.657786676674807083085
-0.657786676674807082289
-0.458849442226778308385
-0.44965012855595163657
-0.651049614332145202067
-0.449650128555951650924
-0.22557720442360754463
-0.657786676674807083994
-0.458849442226778295292
0.00486554264358133298482
-0.679667698002276357016
-0.487176515139843242516
0.247364324763240556176
-0.720438843490089576257
-0.526925481273151090941
-1.0
-0.501306445586711161052
-0.501306445586711136246
-0.831758948566527098387
-0.46740379986921864787
-0.467403799869218644048
-0.651049614332145202067
-0.449650128555951650924
-0.449650128555951643747
-0.449650128555951645563
-0.449650128555951638386
-0.449650128555951631209
-0.233433451695035636196
-0.467403799869218636274
-0.467403799869218632451
0.00261289117342214130277
-0.501306445586711138565
-0.50130644558671111376
-1.0
-0.253577285823235358288
-0.492845428353529241864
-0.831758948566527095079
-0.233433451695035636195
-0.467403799869218636274
-0.657786676674807076992
-0.225577204423607563019
-0.4588494422267782822
-0.467403799869218650702
-0.233433451695035622945
-0.467403799869218629619
-0.253577285823235399848
-0.253577285823235358288
-0.492845428353529241864
-1.0
0.0026128911734221423879
-0.501306445586711150695
-0.838021329501461733204
0.00486554264358130794131
-0.487176515139843241662
-0.67966769800227633256
0.00486554264358130866304
-0.48717651513984323978
-0.50130644558671111376
0.00261289117342214130273
-0.501306445586711138565
-1.0
0.247364324763240560311
-0.526925481273151121543
-0.853961780169117664906
0.237666817571253616963
-0.529743257233018286199
-0.720438843490089529734
0.247364324763240546444
-0.526925481273151127732
-1.0
0.46249467851377598249
-0.570402265330501648473
-0.892092413183274334018
0.46249467851377598249
-0.570402265330501648473
-1.0
0.632876153031860683828
-0.632876153031860683828
-1.0
-1.0
-0.399530940965348958598
-0.885050872026176682255
-1.0
-0.325658079815494617829
-0.709989975301326778988
-1.0
-0.277402723989801311251
-0.492845428353529241864
-1.0
-0.253577285823235399848
-0.253577285823235399848
-1.0
-0.253577285823235358288
-0.0126073007088720215949
-1.0
-0.277402723989801222132
0.210708951841671236582
-1.0
-0.325658079815494554327
0.399530940965348958598
-1.0
-0.399530940965348958598
-1.0
-0.885050872026176682255
-0.325658079815494617829
-0.849199124341469883318
-0.849199124341469881999
-0.282676082125594901278
-0.673576979059778561664
-0.835508411392165865474
-0.24545730477402775549
-0.467403799869218632452
-0.831758948566527095079
-0.233433451695035636196
-0.245457304774027732729
-0.835508411392165871619
-0.245457304774027714969
-0.0189256691914652560511
-0.849199124341469895875
-0.282676082125594871935
0.210708951841671300085
-0.885050872026176682255
-0.325658079815494617829
-1.0
-0.709989975301326778988
-0.277402723989801311251
-0.835508411392165868176
-0.673576979059778563897
-0.245457304774027753023
-0.657786676674807077789
-0.657786676674807076992
-0.225577204423607563019
-0.458849442226778295293
-0.657786676674807076083
-0.22557720442360754463
-0.245457304774027718027
-0.67357697905977857797
-0.245457304774027735786
-0.0126073007088719097606
-0.709989975301326778988
-0.277402723989801311251
-1.0
-0.492845428353529241864
-0.253577285823235399848
-0.831758948566527096733
-0.467403799869218650702
-0.233433451695035622945
-0.657786676674807082289
-0.458849442226778308385
-0.225577204423607526241
-0.46740379986921864787
-0.467403799869218644048
-0.233433451695035609695
-0.253577285823235358288
-0.492845428353529241864
-0.253577285823235399848
-1.0
-0.253577285823235399848
-0.253577285823235358288
-0.835508411392165870269
-0.245457304774027770323
-0.245457304774027679842
-0.673576979059778579087
-0.245457304774027770914
-0.245457304774027680432
-0.492845428353529241864
-0.253577285823235399848
-0.253577285823235358288
-1.0
-0.0126073007088720215949
-0.277402723989801222132
-0.849199124341469892703
-0.0189256691914653181722
-0.282676082125594812051
-0.709989975301326756273
-0.0126073007088720215949
-0.277402723989801222132
-1.0
0.210708951841671236582
-0.325658079815494554327
-0.885050872026176682256
0.210708951841671236582
-0.325658079815494554327
-1.0
0.399530940965348958597
-0.399530940965348958597
-1.0
-1.0
-0.136552932854927712888
-0.882731906226922648744
-1.0
-0.0586340468865387624772
-0.709989975301326756273
-1.0
-0.0126073007088720215949
-0.501306445586711125889
-1.0
0.00261289117342214238784
-0.277402723989801311251
-1.0
-0.0126073007088719097606
-0.0586340468865387624773
-1.0
-0.0586340468865385887785
0.136552932854927569404
-1.0
-0.136552932854927680426
-1.0
-0.882731906226922648744
-0.0586340468865387624772
-0.849199124341469882476
-0.849199124341469881157
-0.0189256691914652964327
-0.679667698002276333076
-0.838021329501461733204
0.00486554264358130794125
-0.487176515139843242516
-0.838021329501461733453
0.00486554264358133298484
-0.282676082125594871935
-0.849199124341469893086
-0.0189256691914652560512
-0.0586340468865385887786
-0.882731906226922648744
-0.0586340468865387624772
-1.0
-0.709989975301326756273
-0.0126073007088720215949
-0.838021329501461736323
-0.67966769800227633256
0.00486554264358130866302
-0.670734472780086465557
-0.67073447278008645465
0.0122034183402593966705
-0.487176515139843251522
-0.679667698002276330928
0.00486554264358132250004
-0.277402723989801222132
-0.709989975301326756273
-0.0126073007088720215949
-1.0
-0.501306445586711125889
0.00261289117342214238784
-0.838021329501461737181
-0.487176515139843254257
0.00486554264358134682193
-0.679667698002276354868
-0.487176515139843252376
0.00486554264358134754357
-0.501306445586711138565
-0.50130644558671111376
0.00261289117342214130273
-1.0
-0.277402723989801311251
-0.0126073007088719097606
-0.84919912434146989494
-0.282676082125594931819
-0.0189256691914651939301
-0.709989975301326778988
-0.277402723989801311251
-0.0126073007088719097606
-1.0
-0.0586340468865387624773
-0.0586340468865385887785
-0.882731906226922648744
-0.0586340468865387624773
-0.0586340468865385887785
-1.0
0.136552932854927438465
-0.136552932854927489519
-1.0
-1.0
0.136552932854927381436
-0.885050872026176682256
-1.0
0.210708951841671236582
-0.720438843490089550274
-1.0
0.247364324763240549163
-0.526925481273151084752
-1.0
0.247364324763240570043
-0.325658079815494617829
-1.0
0.210708951841671300085
-0.1365529328549275147
-1.0
0.136552932854927403678
-1.0
-0.885050872026176682256
0.210708951841671236582
-0.853961780169117665858
-0.853961780169117664906
0.237666817571253616963
-0.699290944906626428733
-0.846511228248515864511
0.245093118061768746145
-0.529743257233018281552
-0.853961780169117664872
0.237666817571253616963
-0.325658079815494554327
-0.885050872026176682256
0.210708951841671236582
-1.0
-0.720438843490089550274
0.247364324763240549163
-0.846511228248515868058
-0.699290944906626423146
0.245093118061768743397
-0.699290944906626446606
-0.699290944906626422439
0.245093118061768740649
-0.526925481273151127732
-0.720438843490089529734
0.247364324763240546444
-1.0
-0.526925481273151084752
0.247364324763240570043
-0.853961780169117669554
-0.529743257233018276904
0.237666817571253616963
-0.720438843490089576257
-0.526925481273151090942
0.247364324763240556176
-1.0
-0.325658079815494617829
0.210708951841671300085
-0.885050872026176682256
-0.325658079815494617829
0.210708951841671300085
-1.0
-0.136552932854927655245
0.136552932854927604191
-1.0
-1.0
0.399530940965348958598
-0.892092413183274334018
-1.0
0.46249467851377598249
-0.741661108759706422867
-1.0
0.483322217519412876809
-0.570402265330501622749
-1.0
0.462494678513775968729
-0.399530940965348958597
-1.0
0.399530940965348958598
-1.0
-0.892092413183274334018
0.46249467851377598249
-0.864913475934346680937
-0.864913475934346678685
0.466768682107848929765
-0.736941730239155483183
-0.864913475934346685325
0.466768682107848933756
-0.570402265330501648473
-0.892092413183274334018
0.46249467851377598249
-1.0
-0.741661108759706422867
0.483322217519412876809
-0.864913475934346693164
-0.736941730239155476841
0.466768682107848935165
-0.741661108759706453942
-0.741661108759706422867
0.483322217519412876809
-1.0
-0.570402265330501622749
0.462494678513775968729
-0.89209241318327434598
-0.570402265330501622749
0.462494678513775968729
-1.0
-0.399530940965348958598
0.399530940965348958598
-1.0
-1.0
0.632876153031860683828
-0.90410902745120545504
-1.0
0.678404941289994092706
-0.774295913838788533021
-1.0
0.678404941289994115867
-0.632876153031860683828
-1.0
0.632876153031860683828
-1.0
-0.904109027451205455039
0.678404941289994092706
-0.886610240620980082717
-0.886610240620980061284
0.65983072186294035655
-0.774295913838788491436
-0.904109027451205479236
0.678404941289994081694
-1.0
-0.774295913838788533021
0.678404941289994115867
-0.904109027451205535841
-0.774295913838788471836
0.678404941289994118699
-1.0
-0.632876153031860683828
0.632876153031860683828
-1.0
-1.0
0.819279321644006783054
-0.921517860430384091483
-1.0
0.843035720860768418861
-0.819279321644006713439
-1.0
0.819279321644006824461
-1.0
-0.921517860430384091483
0.843035720860768418861
-0.921517860430384189173
-0.921517860430384068373
0.843035720860768479591
-1.0
-0.819279321644006621597
0.819279321644006657507
-1.0
-1.0
0.944899272222882237921
-0.944899272222882237921
-1.0
0.944899272222882237921
-1.0
-0.944899272222882237921
0.94489927222288223792
-1.0
-1.0
1.0
