-1.0
-0.577350269189625764509
-0.408248290463863016366
-0.944899272222882237921
-0.577350269189625764509
-0.408248290463863016366
-0.81927932164400668659
-0.577350269189625764509
-0.408248290463863016366
-0.632876153031860683828
-0.577350269189625764509
-0.408248290463863016366
-0.399530940965348958598
-0.577350269189625764509
-0.408248290463863016366
-0.136552932854927547162
-0.577350269189625764509
-0.408248290463863016366
0.136552932854927547162
-0.577350269189625764509
-0.408248290463863016366
0.399530940965348958598
-0.577350269189625764509
-0.408248290463863016366
0.632876153031860683829
-0.577350269189625764509
-0.408248290463863016366
0.81927932164400668659
-0.577350269189625764509
-0.408248290463863016366
0.944899272222882237921
-0.577350269189625764509
-0.408248290463863016366
1.0
-0.577350269189625764509
-0.408248290463863016366
-0.97244963611144111896
-0.529631639167630920093
-0.408248290463863016366
-0.882276790645576220866
-0.509382742578982455968
-0.408248290463863016366
-0.726350427564391252087
-0.494306250968773439066
-0.408248290463863016366
-0.516448471922138815482
-0.483899557745266551108
-0.408248290463863016366
-0.268183515828582895455
-0.477801404221426313914
-0.408248290463863016366
8.68493519589723101792e-17
-0.47579312092876503605
-0.408248290463863016366
0.268183515828582958957
-0.477801404221426313914
-0.408248290463863016366
0.516448471922138795739
-0.483899557745266561468
-0.408248290463863016366
0.726350427564391373888
-0.494306250968773495824
-0.408248290463863016366
0.88227679064557631272
-0.509382742578982582038
-0.408248290463863016366
0.97244963611144111896
-0.529631639167630920093
-0.408248290463863016366
-0.909639660822003343295
-0.420841570744178993426
-0.408248290463863016366
-0.791256984370599757429
-0.381884796836064852506
-0.408248290463863016366
-0.612491663139559665376
-0.353622226590026339283
-0.408248290463863016366
-0.387144903018195922491
-0.335243205740685926822
-0.408248290463863016366
-0.132397711640464600268
-0.326194220448422243723
-0.408248290463863016366
0.132397711640464700745
-0.326194220448422263394
-0.408248290463863016366
0.387144903018195760497
-0.33524320574068595878
-0.408248290463863016366
0.612491663139559649838
-0.353622226590026366195
-0.408248290463863016366
0.791256984370599802551
-0.381884796836064889908
-0.408248290463863016366
0.909639660822003467742
-0.420841570744179016678
-0.408248290463863016366
-0.816438076515930341914
-0.259411691380146451351
-0.408248290463863016366
-0.677293545848525157355
-0.205307717557593294906
-0.408248290463863016366
-0.483901584126665159293
-0.167655718089077468661
-0.408248290463863016366
-0.251959668380066729175
-0.145468982364160350748
-0.408248290463863016366
2.07801087481182655673e-17
-0.138141526498366906784
-0.408248290463863016366
0.251959668380066567041
-0.14546898236416036326
-0.408248290463863016366
0.48390158412666499954
-0.167655718089077482335
-0.408248290463863016366
0.677293545848525158254
-0.205307717557593317183
-0.408248290463863016366
0.816438076515930341914
-0.259411691380146451351
-0.408248290463863016366
-0.699765470482674479299
-0.0573288098790801693216
-0.408248290463863016366
-0.54787991193392399117
0.0066469645269342067665
-0.408248290463863016366
-0.348691337296227434614
0.048437328540642016373
-0.408248290463863016366
-0.119634071265146941788
0.0690707632491834353959
-0.408248290463863016366
0.119634071265146921008
0.0690707632491834713881
-0.408248290463863016366
0.348691337296227367339
0.0484373285406420935528
-0.408248290463863016366
0.547879911933923959419
0.00664696452693426176127
-0.408248290463863016366
0.699765470482674479299
-0.0573288098790801693216
-0.408248290463863016366
-0.568276466427463773581
0.170416825781174914828
-0.408248290463863016366
-0.412048929670192029983
0.237896560464382442811
-0.408248290463863016366
-0.216293625655762767071
0.27775689190778015017
-0.408248290463863016366
-5.46953824024355809161e-17
0.290937964728320588821
-0.408248290463863016366
0.216293625655762733868
0.277756891907780247021
-0.408248290463863016366
0.412048929670191943133
0.237896560464382593239
-0.408248290463863016366
0.568276466427463646328
0.17041682578117494294
-0.408248290463863016366
-0.431723533572536226419
0.406933443408450849681
-0.408248290463863016366
-0.279696396105341063964
0.471154439694492052153
-0.408248290463863016366
-0.096756681108469275692
0.502898923829763294605
-0.408248290463863016366
0.0967566811084692002692
0.502898923829763312687
-0.408248290463863016366
0.279696396105341032213
0.471154439694492107148
-0.408248290463863016366
0.431723533572536104276
0.406933443408450868944
-0.408248290463863016366
-0.300234529517325520701
0.634679079068705933831
-0.408248290463863016366
-0.160845073926386342773
0.689207275302859868291
-0.408248290463863016366
1.55378201832001756628e-17
0.707244453180052705478
-0.408248290463863016366
0.160845073926386361616
0.689207275302859856374
-0.408248290463863016366
0.300234529517325520701
0.634679079068705933831
-0.408248290463863016366
-0.183561923484069658086
0.83676196056977221586
-0.408248290463863016366
-0.0649065568062084086868
0.876191047804838410361
-0.408248290463863016366
0.0649065568062085249121
0.876191047804838430419
-0.408248290463863016366
0.183561923484069658086
0.83676196056977221586
-0.408248290463863016366
-0.0903603391779966567052
0.998191839933804757935
-0.408248290463863016366
1.17947226940238086889e-16
1.01876548515796515913
-0.408248290463863016366
0.0903603391779967470239
0.998191839933804793795
-0.408248290463863016366
-0.0275503638885588810397
1.1069819083572566846
-0.408248290463863016366
0.0275503638885588810397
1.1069819083572566846
-0.408248290463863016366
0.0
1.15470053837925152902
-0.408248290463863016366
-0.97244963611144111896
-0.561444059182294149704
-0.36325873462721698179
-0.882276790645576220866
-0.554694426986077994996
-0.344167891841379010939
-0.726350427564391252087
-0.549668929782674989362
-0.329953639235937828452
-0.516448471922138815482
-0.546200032041506026709
-0.320142114771844745874
-0.268183515828582895455
-0.544167314200225947644
-0.314392720492612649443
8.68493519589723101792e-17
-0.543497886436005521689
-0.312499292846233399588
0.268183515828582958957
-0.544167314200225947644
-0.314392720492612649443
0.516448471922138795739
-0.546200032041506030162
-0.320142114771844755642
0.726350427564391373888
-0.549668929782675008281
-0.329953639235937881964
0.88227679064557631272
-0.554694426986078037019
-0.344167891841379129799
0.97244963611144111896
-0.561444059182294149704
-0.36325873462721698179
-0.921517860430384127111
-0.48672690037543479107
-0.344167891841379010939
-0.773220481241960102571
-0.446419052987977631822
-0.315665939618675650993
-0.601855206173502130498
-0.421365787123234147546
-0.297950605434846091457
-0.383705037402135951581
-0.40871985812695844582
-0.289008583287175953069
-0.131875206467064661931
-0.403220416878658468853
-0.285119891087766027258
0.131875206467064943756
-0.403220416878658473046
-0.285119891087766030223
0.383705037402135946934
-0.408719858126958451186
-0.289008583287175956863
0.601855206173502245021
-0.421365787123234167164
-0.297950605434846105329
0.773220481241960263117
-0.446419052987977699052
-0.315665939618675698532
0.921517860430384350818
-0.48672690037543479299
-0.344167891841379012296
-0.83920247064499698757
-0.354203457429114094332
-0.329953639235937828452
-0.665841079021097741008
-0.310539004384556674674
-0.297950605434846091385
-0.472192031484197599522
-0.272620196486597714346
-0.28292523311798008053
-0.246021028891712274801
-0.25317514349919400245
-0.275993259818587797159
1.21422254879784596355e-16
-0.247175009194253113486
-0.273941470774196355402
0.24602102889171230054
-0.253175143499194022918
-0.275993259818587800406
0.472192031484197583272
-0.272620196486597735686
-0.282925233117980083425
0.665841079021097843752
-0.310539004384556711084
-0.297950605434846106331
0.839202470644997096358
-0.354203457429114071335
-0.329953639235937855502
-0.731247339256887991245
-0.174157480409473579383
-0.320142114771844745874
-0.545814298870185643752
-0.12793838088682869388
-0.289008583287175953041
-0.342266620322928845001
-0.0864728891358111687106
-0.275993259818587797362
-0.116985174087091500039
-0.0675414217503775078409
-0.270880047196746688787
0.116985174087091513879
-0.0675414217503775058655
-0.270880047196746690137
0.342266620322928820611
-0.0864728891358111671701
-0.275993259818587799706
0.545814298870185640935
-0.12793838088682869819
-0.289008583287175953846
0.731247339256887991245
-0.174157480409473579383
-0.320142114771844745874
-0.605354475920835618291
0.0398299195163340786262
-0.314392720492612649443
-0.415136727575002243704
0.087402929509533293876
-0.285119891087766027571
-0.214059837142875355141
0.123587504597126615706
-0.273941470774196356505
1.91113318328869423278e-18
0.135082843500755040987
-0.270880047196746691488
0.214059837142875456971
0.123587504597126649024
-0.273941470774196361522
0.415136727575002328792
0.087402929509533315282
-0.2851198910877660389
0.605354475920835618291
0.0398299195163340786262
-0.314392720492612649443
-0.470682976556730618761
0.271748943218002836058
-0.312499292846233399588
-0.283261521107937440861
0.315817487369125315101
-0.285119891087766030987
-0.0962455914312165397031
0.339648032635005180981
-0.27599325981858780275
0.0962455914312165512461
0.339648032635005202597
-0.275993259818587802953
0.283261521107937523087
0.315817487369125346629
-0.285119891087766040727
0.470682976556730618761
0.271748943218002836058
-0.312499292846233399588
-0.337170960092252691085
0.504337394683891924013
-0.314392720492612649443
-0.16210926146804969166
0.536658239013787142108
-0.289008583287175957669
1.20834196465889010474e-17
0.545240392973195442814
-0.282925233117980086321
0.162109261468049696325
0.536658239013787142119
-0.289008583287175957641
0.337170960092252691085
0.504337394683891924013
-0.314392720492612649443
-0.214798867334749188626
0.720357512450979590721
-0.320142114771844755642
-0.0639858728475955573983
0.731904791507790934831
-0.297950605434846107239
0.0639858728475956430341
0.73190479150779093637
-0.29795060543484611266
0.214798867334749188626
0.720357512450979590721
-0.320142114771844755642
-0.112852043080605690967
0.903872387211789198637
-0.329953639235937881964
6.49163635408307125021e-17
0.89283810597595544867
-0.315665939618675716032
0.112852043080605819593
0.903872387211789182115
-0.32995363923593790172
-0.0392410697848078967111
1.04142132736151288662
-0.344167891841379129799
0.0392410697848080768357
1.04142132736151294589
-0.344167891841379110929
6.61744490042422139897e-24
1.12288811836458829941
-0.36325873462721698179
-0.909639660822003295063
-0.525180703041143479634
-0.260690474483255096737
-0.791256984370599757429
-0.512195111738438793841
-0.223961675811816949236
-0.612491663139559665376
-0.502774254989759289434
-0.19731546904550363777
-0.387144903018195922491
-0.496647914706645818613
-0.179987562013320243278
-0.132397711640464600268
-0.49363158627589125758
-0.17145609686263093266
0.132397711640464700745
-0.493631586275891264138
-0.171456096862630951206
0.387144903018195760497
-0.496647914706645829266
-0.179987562013320273409
0.612491663139559649838
-0.502774254989759298404
-0.197315469045503663143
0.791256984370599802551
-0.512195111738438806309
-0.223961675811816984499
0.90963966082200341951
-0.525180703041143487385
-0.260690474483255118659
-0.839202470644997006073
-0.42915109351758651742
-0.223961675811816949236
-0.665841079021097741669
-0.384423526210341660179
-0.193462112619370016144
-0.472192031484197597795
-0.357617866704210559299
-0.162720375126116291514
-0.246021028891712274222
-0.344600655272403497483
-0.146698061122013858428
1.21422254052603983802e-16
-0.340666165241618595391
-0.141725009930072695136
0.24602102889171229996
-0.344600655272403507367
-0.146698061122013876642
0.472192031484197581544
-0.357617866704210569143
-0.162720375126116310669
0.665841079021097844413
-0.384423526210341686407
-0.193462112619370045491
0.839202470644997114861
-0.429151093517586535257
-0.223961675811816918538
-0.741661108759706438405
-0.27904621239015989112
-0.19731546904550363777
-0.545802173155142306127
-0.23012136137779130626
-0.162720375126116290937
-0.341468945560172936567
-0.197147187639063504174
-0.139404113271438497409
-0.116636118901585359591
-0.182196360505472621926
-0.128832282020928558093
0.116636118901585391072
-0.182196360505472628043
-0.128832282020928562418
0.34146894556017292566
-0.197147187639063516769
-0.139404113271438506314
0.545802173155142305328
-0.230121361377791313528
-0.162720375126116296076
0.741661108759706438405
-0.27904621239015989112
-0.19731546904550363777
-0.623682162381620351219
-0.0869533636060975546269
-0.179987562013320243278
-0.421443436072521531275
-0.0407601332492064295777
-0.146698061122013857095
-0.216104736125599769682
-0.00991166171485895776591
-0.128832282020928557351
-6.30663166118032936718e-17
-3.22677449410709480076e-17
-0.123331493652648201001
0.216104736125599756986
-0.00991166171485894692015
-0.128832282020928558744
0.421443436072521520572
-0.0407601332492064216589
-0.146698061122013858849
0.623682162381620217711
-0.0869533636060975330927
-0.179987562013320218653
-0.493696349645563989203
0.132156011454376600482
-0.17145609686263093266
-0.295025553309068998283
0.170333082620809370615
-0.141725009930072694225
-0.0994686172240143903952
0.19210802222033158252
-0.128832282020928563811
0.0994686172240143869521
0.192108022220331598708
-0.128832282020928563069
0.295025553309069096743
0.17033308262080938148
-0.141725009930072705715
0.493696349645563989203
0.132156011454376600482
-0.17145609686263093266
-0.361298638005099344374
0.361475574821514747393
-0.171456096862630951206
-0.175422407180809245469
0.385360788521609931367
-0.146698061122013878397
5.45359846983966124832e-18
0.394294375278127011497
-0.13940411327143851522
0.175422407180809241462
0.385360788521609943821
-0.146698061122013877064
0.361298638005099344374
0.361475574821514747393
-0.171456096862630951206
-0.23653725936342451895
0.583601278312743238276
-0.179987562013320273409
-0.0736101416709447178891
0.587739228082001864392
-0.162720375126116315808
0.073610141670944722456
0.587739228082001862217
-0.162720375126116315231
0.236537259363424399018
0.58360127831274324185
-0.179987562013320256638
-0.129169445620146788567
0.781820467379919171583
-0.197315469045503663143
3.59985462250055917146e-17
0.76884705242068342135
-0.193462112619370050669
0.129169445620146788567
0.781820467379919171583
-0.197315469045503663143
-0.0479454862743972368801
0.941346205256025356572
-0.223961675811816984499
0.0479454862743973158933
0.941346205256025376688
-0.223961675811816934541
1.79551463355455420429e-17
1.05036140608228706423
-0.260690474483255201196
-0.816438076515930341914
-0.471370743253132660123
-0.108492924637343545679
-0.677293545848525157355
-0.453336085312281607975
-0.0574832089319211589694
-0.483901584126665159293
-0.44078541882277633256
-0.0219845633993613935922
-0.251959668380066729175
-0.433389840247803959922
-0.00106670835471775977422
2.07801087481182655673e-17
-0.430947354959206145267
0.00584168328734582545777
0.251959668380066567041
-0.433389840247803964093
-0.00106670835471777157121
0.48390158412666499954
-0.440785418822776337118
-0.0219845633993614064839
0.677293545848525158254
-0.4533360853122816154
-0.0574832089319211799727
0.816438076515930341914
-0.471370743253132660123
-0.108492924637343545679
-0.731247339256887984365
-0.359885373867922404934
-0.0574832089319211589694
-0.545814298870185643734
-0.315126032380248530644
-0.0242852678364132802031
-0.342266620322928851103
-0.289033237151275890494
0.0104703315438964418982
-0.116985174087091503337
-0.27790196493139467864
0.0266146859580188678587
0.116985174087091517176
-0.277901964931394679255
0.0266146859580188701714
0.342266620322928826714
-0.28903323715127589219
0.0104703315438964441317
0.545814298870185640917
-0.315126032380248532839
-0.0242852678364132839976
0.731247339256887984365
-0.359885373867922404934
-0.0574832089319211589694
-0.623682162381620356085
-0.198678355373836535162
-0.0219845633993613935922
-0.421443436072521543922
-0.151894969491461666658
0.0104703315438964434343
-0.216104736125599778422
-0.1247681275752680752
0.0335992897251043704934
-6.30663172321887530866e-17
-0.116278047327537596709
0.0411104978842160248582
0.216104736125599765726
-0.124768127575268072898
0.0335992897251043811831
0.421443436072521533219
-0.151894969491461665673
0.010470331543896451485
0.623682162381620222577
-0.198678355373836504767
-0.021984563399361381498
-0.501306445586711148649
-0.00150855342233856764275
-0.00106670835471775977422
-0.299162748435745744346
0.0376388498401310575081
0.0266146859580188732923
-0.100699742888096849403
0.0581390236637687333784
0.0411104978842160307182
0.100699742888096719639
0.0581390236637687478562
0.0411104978842160409555
0.299162748435745729442
0.0376388498401310708982
0.0266146859580188827605
0.50130644558671101514
-0.00150855342233854167751
-0.00106670835471774141403
-0.373211357088382300076
0.21547367747960309063
0.00584168328734582545777
-0.182177574348654231314
0.240263115091263599938
0.0266146859580188796396
3.98290773666733037561e-19
0.249536255150536126799
0.0335992897251043918728
0.182177574348654223015
0.240263115091263613334
0.0266146859580188850731
0.373211357088382300076
0.21547367747960309063
0.00584168328734582545777
-0.249346777206644504153
0.434898393670142389238
-0.00106670835471777157121
-0.0791768157495927000638
0.440928206642737528107
0.0104703315438964521823
0.0791768157495927018815
0.440928206642737529275
0.0104703315438964537185
0.249346777206644387609
0.434898393670142391799
-0.00106670835471776166753
-0.139780578254955280616
0.639463774196612731651
-0.0219845633993614064839
4.75981231158938502841e-19
0.630252064760497059428
-0.0242852678364132877922
0.139780578254955179622
0.639463774196612717854
-0.0219845633993614115373
-0.0539537934083628329912
0.8132214591802040174
-0.0574832089319211799727
0.0539537934083628329912
0.8132214591802040174
-0.0574832089319211799727
1.32348898008484427979e-23
0.942741486506265320246
-0.108492924637343545679
-0.699765470482674479299
-0.40400978275277723278
0.0820326431908184383489
-0.54787991193392399117
-0.382684524617439107417
0.142349581743023151486
-0.348691337296227434614
-0.368754403279536504215
0.181749914786152562254
-0.119634071265146941788
-0.361876591710022697874
0.201203303588258578487
0.119634071265146921008
-0.361876591710022685877
0.201203303588258612421
0.348691337296227367339
-0.368754403279536478488
0.18174991478615263502
0.547879911933923959419
-0.382684524617439089086
0.142349581743023203335
0.699765470482674479299
-0.40400978275277723278
0.0820326431908184383489
-0.605354475920835650042
-0.283135659649239656822
0.142349581743023151486
-0.415136727575002274956
-0.239679301415927899703
0.177444235898269688789
-0.214059837142875372147
-0.217078660644492026732
0.20783324035213454962
1.91113318328869423278e-18
-0.210360543181017162995
0.217650675280708926386
0.214059837142875473977
-0.217078660644492020357
0.207833240352134582705
0.415136727575002360044
-0.239679301415927903249
0.177444235898269712747
0.605354475920835650042
-0.283135659649239656822
0.142349581743023151486
-0.49369634964556404512
-0.1175983545383330031
0.181749914786152562254
-0.295025553309069026636
-0.0768419265734438095722
0.207833240352134551635
-0.0994686172240143977941
-0.0574282329302045579522
0.224065274316752724964
0.0994686172240143943509
-0.0574282329302045518565
0.224065274316752739979
0.295025553309069125095
-0.0768419265734438167841
0.207833240352134565708
0.49369634964556404512
-0.1175983545383330031
0.181749914786152562254
-0.373211357088382320856
0.077332150981236159851
0.201203303588258578487
-0.182177574348654233557
0.105180271590508571172
0.217650675280708937205
3.98290773666733037561e-19
0.114856465860409104535
0.224065274316752754993
0.182177574348654225259
0.10518027159050858076
0.217650675280708948024
0.373211357088382320856
0.077332150981236159851
0.201203303588258578487
-0.253577285823235379068
0.284544440728786514028
0.201203303588258612421
-0.0809657161661935953513
0.293920587217935897666
0.207833240352134611387
0.0809657161661936952403
0.293920587217935896984
0.207833240352134610905
0.253577285823235379068
0.284544440728786514028
0.201203303588258612421
-0.145005012349336621863
0.486352757817869436191
0.18174991478615263502
4.2185480012542914542e-17
0.479358602831855839497
0.177444235898269761642
0.145005012349336621863
0.486352757817869436191
0.18174991478615263502
-0.0574745639869116588722
0.665820184266678727576
0.142349581743023203335
0.0574745639869116588722
0.665820184266678727576
0.142349581743023203335
6.61744490042422139897e-24
0.80801956550555446556
0.0820326431908184383491
-0.568276466427463856444
-0.328094570866025585905
0.29675328767216119199
-0.412048929670192029983
-0.305601325971623028736
0.360373791655048137065
-0.216293625655762767071
-0.292314548823823792949
0.397954472540341314006
-5.46953824024355809161e-17
-0.287920857883643646732
0.410381707173298429684
0.216293625655762733868
-0.292314548823823760666
0.397954472540341405318
0.412048929670191943133
-0.305601325971622978593
0.360373791655048278889
0.568276466427463729191
-0.328094570866025576534
0.296753287672161218495
-0.470682976556730705611
-0.204044177710762300276
0.360373791655048137065
-0.283261521107937471271
-0.163541115462730558808
0.392795546277262400644
-0.0962455914312165457073
-0.146992929894337103997
0.412220989396705203826
0.0962455914312165572503
-0.146992929894337096984
0.412220989396705224274
0.283261521107937553496
-0.163541115462730557482
0.392795546277262433616
0.470682976556730705611
-0.204044177710762300276
0.360373791655048137065
-0.361298638005099388934
-0.0411585000826202721631
0.397954472540341314006
-0.175422407180809248271
-0.00985466223452286462165
0.412220989396705204415
5.45359846983966124832e-18
9.44590959571049444254e-18
0.418212339814315518943
0.175422407180809244265
-0.00985466223452285921361
0.412220989396705215713
0.361298638005099388934
-0.0411585000826202721631
0.397954472540341314006
-0.249346777206644491751
0.143960428941821775999
0.410381707173298429684
-0.0791768157495926908983
0.15684759212885996959
0.412220989396705235572
0.079176815749592692716
0.156847592128859971428
0.412220989396705236161
0.249346777206644375206
0.14396042894182178619
0.410381707173298428798
-0.145005012349336610506
0.333473048906444020217
0.397954472540341405318
4.21854899387102651783e-17
0.327082230925461155376
0.392795546277262484337
0.145005012349336610506
0.333473048906444020217
0.397954472540341405318
-0.0586340468865386756279
0.509645503682385228727
0.360373791655048278889
0.0586340468865386756279
0.509645503682385228727
0.360373791655048278889
-2.55271775151906586514e-17
0.656189141732050998633
0.29675328767216137437
-0.431723533572536309282
-0.249255698323600274287
0.519743293255564570112
-0.279696396105341063964
-0.227848699561586492288
0.580291429213452462473
-0.096756681108469275692
-0.217267204849829411471
0.610220415876544558128
0.0967566811084692002692
-0.217267204849829405444
0.610220415876544575176
0.279696396105341032213
-0.227848699561586473957
0.580291429213452514323
0.431723533572536187139
-0.249255698323600267866
0.519743293255564588273
-0.337170960092252722837
-0.128299834593387041694
0.580291429213452462473
-0.16210926146804968983
-0.0935938257467099154188
0.602302434410765194707
1.20834196465889010474e-17
-0.0849976702176128365184
0.608365983370212692414
0.162109261468049694494
-0.0935938257467099153889
0.602302434410765194707
0.337170960092252722837
-0.128299834593387041694
0.580291429213452462473
-0.236537259363424500555
0.0248398585991104345472
0.610220415876544558128
-0.0736101416709447079327
0.0424988351088064327691
0.60836598337021269017
0.0736101416709447124995
0.0424988351088064325884
0.608365983370212687927
0.236537259363424380623
0.0248398585991104515499
0.610220415876544555907
-0.139780578254955257355
0.192427346250718908592
0.610220415876544575176
4.75981231158938502841e-19
0.187187651493419839711
0.602302434410765194707
0.139780578254955156361
0.192427346250718899229
0.610220415876544563853
-0.0574745639869116588722
0.356148534154973497319
0.580291429213452514323
0.0574745639869116588722
0.356148534154973497319
0.580291429213452514323
-2.55271841326355590756e-17
0.498511396647200375751
0.519743293255564751991
-0.300234529517325520701
-0.173340486436848531729
0.734463937736907594383
-0.160845073926386342773
-0.155164421025463886909
0.785873614167628942213
1.55378201832001756628e-17
-0.14915202839973294118
0.802879228554870317279
0.160845073926386361616
-0.155164421025463890881
0.785873614167628930977
0.300234529517325520701
-0.173340486436848531729
0.734463937736907594383
-0.214798867334749175764
-0.0617137095811046735082
0.785873614167628942213
-0.0639858728475955553969
-0.036942260912892458668
0.789363323489062316332
0.0639858728475956410327
-0.0369422609128924632661
0.78936332348906231959
0.214798867334749175764
-0.0617137095811046735082
0.785873614167628942213
-0.129169445620146773029
0.0745760141998664840461
0.802879228554870317279
3.59985561511729423509e-17
0.0738845218257850016472
0.789363323489062320741
0.129169445620146773029
0.0745760141998664840461
0.802879228554870317279
-0.0539537934083628270098
0.216878130606568578722
0.785873614167628930977
0.0539537934083628270098
0.216878130606568578722
0.785873614167628930977
-6.61744490042422139897e-24
0.346680972873697063458
0.734463937736907594383
-0.183561923484069658086
-0.105979525936493104386
0.924989505565069578412
-0.0649065568062084086868
-0.0928364968581377062191
0.96216360551161790605
0.0649065568062085249121
-0.0928364968581376995331
0.96216360551161792496
0.183561923484069658086
-0.105979525936493104386
0.924989505565069578412
-0.112852043080605681167
-0.00979247863728538851255
0.96216360551161790605
6.49163503059409116537e-17
4.98539190925810865259e-17
0.946997818856027184102
0.112852043080605809793
-0.00979247863728541264587
0.962163605511617897058
-0.0479454862743972085773
0.102628975495423192043
0.96216360551161792496
0.0479454862743972875905
0.102628975495423245849
0.962163605511617927273
-6.61744490042422139897e-24
0.211959051872986208772
0.924989505565069578412
-0.0903603391779966084731
-0.052169566148482229181
1.077187055410981287
1.17947226940238086889e-16
-0.0453116844070954566281
1.0965840741466212713
0.0903603391779966987917
-0.0521695661484822172277
1.0771870554109813208
-0.0392410697848078363111
0.0226558422035478304593
1.0965840741466212713
0.0392410697848080164356
0.0226558422035478680046
1.09658407414662132089
1.79551331006557411945e-17
0.104339132296964561946
1.07718705541098118449
-0.0275503638885588810396
-0.0159062100073316148055
1.17975531555494301452
0.0275503638885588810396
-0.0159062100073316148055
1.17975531555494301452
-1.32348898008484427979e-23
0.0318124200146632296109
1.17975531555494301452
0.0
0.0
1.2247448713915890491
