-1.0
-1.0
-1.0
-0.830223896278566945521
-1.0
-1.0
-0.468848793470714249636
-1.0
-1.0
0.0
-1.0
-1.0
0.468848793470714249636
-1.0
-1.0
0.830223896278566945521
-1.0
-1.0
1.0
-1.0
-1.0
-1.0
-0.830223896278566945521
-1.0
-0.744729192474997777522
-0.773622922202284430833
-1.0
-0.272847471377793779056
-0.758731085969035016385
-1.0
0.272847471377793600903
-0.758731085969034964204
-1.0
0.744729192474997619585
-0.773622922202284310654
-1.0
1.0
-0.830223896278566945521
-1.0
-1.0
-0.468848793470714249636
-1.0
-0.645340666904453427838
-0.360567121835568735641
-1.0
-1.15898247623385033944e-16
-0.333333333333333384844
-1.0
0.645340666904453315892
-0.360567121835568698099
-1.0
0.999999999999999848831
-0.468848793470714216303
-1.0
-1.0
2.11758236813575084767e-22
-1.0
-0.452098505603049825068
0.119298207804603576789
-1.0
0.452098505603049451196
0.119298207804603561982
-1.0
1.0
2.11758236813575084767e-22
-1.0
-1.0
0.468848793470714249636
-1.0
-6.77816622579217268468e-16
0.547245844404568515985
-1.0
0.999999999999999581956
0.468848793470714249118
-1.0
-1.0
0.830223896278566945521
-1.0
1.0
0.830223896278566945521
-1.0
-1.0
1.0
-1.0
-1.0
-1.0
-0.830223896278566945521
-0.744729192474997777522
-1.0
-0.773622922202284430833
-0.272847471377793779056
-1.0
-0.758731085969035016385
0.272847471377793600903
-1.0
-0.758731085969034964204
0.744729192474997619585
-1.0
-0.773622922202284310654
1.0
-1.0
-0.830223896278566945521
-1.0
-0.744729192474997777522
-0.773622922202284430833
-0.593140052068851929968
-0.661916391702915239911
-0.710802806967776579775
-2.21291274997567014721e-16
-0.638965348909965881288
-0.694172509561981299918
0.59314005206885164278
-0.661916391702915174452
-0.710802806967776531878
0.999999999999999712981
-0.744729192474997731711
-0.773622922202284394805
-1.0
-0.272847471377793779056
-0.758731085969035016385
-0.388345019123962684734
-0.180517325545017231792
-0.694172509561981297377
0.388345019123962200989
-0.180517325545017204381
-0.694172509561981277469
0.999999999999999801622
-0.272847471377793755576
-0.758731085969034977751
-1.0
0.272847471377793600903
-0.758731085969034964204
-3.9841835800441321655e-16
0.32383278340583017978
-0.710802806967776508455
0.999999999999999652748
0.27284747137779362883
-0.758731085969034927293
-1.0
0.744729192474997619585
-0.773622922202284310654
0.999999999999998038276
0.744729192474997580465
-0.773622922202284294025
-1.0
1.0
-0.830223896278566945521
-1.0
-1.0
-0.468848793470714393473
-0.645340666904453427838
-1.0
-0.360567121835568735641
-1.15898247623385033944e-16
-1.0
-0.333333333333333384844
0.645340666904453315892
-1.0
-0.360567121835568698099
0.999999999999999848831
-1.0
-0.46884879347071436014
-1.0
-0.645340666904453427838
-0.360567121835568735641
-0.388345019123962677228
-0.53159587667214176361
-0.305827490438018843228
0.388345019123962193483
-0.531595876672141727716
-0.305827490438018828166
0.999999999999999801621
-0.645340666904453369326
-0.36056712183556872904
-1.0
-1.15898247623385033944e-16
-0.333333333333333384844
-3.62023469843264066731e-16
0.0631917533442831287356
-0.305827490438018834671
0.999999999999999666933
-8.32667268468867405318e-17
-0.333333333333333370341
-0.999999999999999999999
0.645340666904453315892
-0.360567121835568698099
0.99999999999999907968
0.645340666904453275629
-0.360567121835568711127
-1.0
0.999999999999999956232
-0.468848793470714192801
-1.0
-1.0
0.0
-0.452098505603049825068
-1.0
0.119298207804603576789
0.452098505603049451196
-1.0
0.119298207804603561982
1.0
-1.0
0.0
-1.0
-0.452098505603049825067
0.119298207804603576789
-3.9841835800441321655e-16
-0.333333333333333546405
0.132408420903329388614
0.999999999999999652748
-0.45209850560304974058
0.119298207804603577856
-1.0
0.452098505603049451196
0.119298207804603561982
0.99999999999999907968
0.45209850560304939412
0.11929820780460354531
-1.0
1.0
0.0
-1.0
-1.0
0.468848793470714105799
-6.77816622579217268468e-16
-1.0
0.547245844404568515984
0.999999999999999581956
-1.0
0.46884879347071410528
-1.0
-6.77816304941862048106e-16
0.547245844404568515984
0.999999999999998038277
-7.13025558735091991025e-16
0.547245844404568466786
-1.0
0.999999999999999878963
0.468848793470714304494
-0.999999999999999999999
-1.0
0.830223896278566945521
0.999999999999999999999
-1.0
0.830223896278566945521
-1.0
0.999999999999999999999
0.83022389627856694552
-1.0
-1.0
1.0
