-1.0
-1.0
-1.0
-0.830223896278566945521
-1.0
-1.0
-0.468848793470714249636
-1.0
-1.0
-7.37224720937885915229e-23
-1.0
-1.0
0.468848793470714249636
-1.0
-1.0
0.83022389627856694552
-1.0
-1.0
1.0
-1.0
-1.0
-1.0
-0.830223896278566945521
-1.0
-0.773622922202284330052
-0.773622922202284430833
-1.0
-0.360567121835568717729
-0.758731085969035016385
-1.0
0.119298207804603544243
-0.758731085969034964204
-1.0
0.547245844404568515984
-0.773622922202284310654
-1.0
0.830223896278566945521
-0.830223896278566945521
-1.0
-1.0
-0.468848793470714249636
-1.0
-0.758731085969034965927
-0.360567121835568735641
-1.0
-0.333333333333333384844
-0.333333333333333384844
-1.0
0.119298207804603594528
-0.360567121835568698099
-1.0
0.46884879347071410528
-0.468848793470714216303
-1.0
-1.0
-4.32203519139966705109e-23
-1.0
-0.758731085969035014663
0.119298207804603576789
-1.0
-0.360567121835568716011
0.119298207804603561982
-1.0
-4.3220187005895696012e-23
-4.32203519139966705109e-23
-1.0
-1.0
0.468848793470714249636
-1.0
-0.773622922202284411434
0.547245844404568515984
-1.0
-0.46884879347071436014
0.468848793470714249118
-1.0
-1.0
0.83022389627856694552
-1.0
-0.830223896278566945521
0.83022389627856694552
-1.0
-1.0
1.0
-1.0
-1.0
-1.0
-0.830223896278566945521
-0.773622922202284330052
-1.0
-0.773622922202284430833
-0.360567121835568717729
-1.0
-0.758731085969035016385
0.119298207804603544243
-1.0
-0.758731085969034964204
0.547245844404568515984
-1.0
-0.773622922202284310654
0.83022389627856694552
-1.0
-0.830223896278566945521
-1.0
-0.773622922202284330052
-0.773622922202284430833
-0.710802806967776532929
-0.710802806967776556352
-0.710802806967776579775
-0.305827490438018856238
-0.694172509561981294836
-0.694172509561981299918
0.132408420903329388614
-0.710802806967776508455
-0.710802806967776531878
0.547245844404568466786
-0.773622922202284294025
-0.773622922202284394805
-1.0
-0.360567121835568717729
-0.758731085969035016385
-0.694172509561981297377
-0.305827490438018849733
-0.694172509561981297377
-0.305827490438018821661
-0.305827490438018834671
-0.694172509561981277469
0.119298207804603577856
-0.360567121835568711127
-0.758731085969034977751
-1.0
0.119298207804603544243
-0.758731085969034964204
-0.710802806967776555301
0.132408420903329388614
-0.710802806967776508455
-0.36056712183556872904
0.11929820780460354531
-0.758731085969034927293
-1.0
0.547245844404568515984
-0.773622922202284310654
-0.773622922202284394805
0.547245844404568466785
-0.773622922202284294025
-1.0
0.830223896278566945521
-0.830223896278566945521
-1.0
-1.0
-0.468848793470714393473
-0.758731085969034965927
-1.0
-0.360567121835568735641
-0.333333333333333384844
-1.0
-0.333333333333333384844
0.119298207804603594528
-1.0
-0.360567121835568698099
0.468848793470714249118
-1.0
-0.46884879347071436014
-1.0
-0.758731085969034965927
-0.360567121835568735641
-0.694172509561981294836
-0.694172509561981299918
-0.305827490438018843228
-0.305827490438018828166
-0.69417250956198128001
-0.305827490438018828166
0.11929820780460354531
-0.758731085969034927293
-0.36056712183556872904
-1.0
-0.333333333333333384844
-0.333333333333333384844
-0.694172509561981282551
-0.305827490438018821661
-0.305827490438018834671
-0.333333333333333370341
-0.333333333333333370341
-0.333333333333333370341
-1.0
0.119298207804603594528
-0.360567121835568698099
-0.758731085969034977751
0.119298207804603577856
-0.360567121835568711127
-1.0
0.468848793470714160657
-0.468848793470714192801
-1.0
-1.0
0.0
-0.758731085969035014663
-1.0
0.119298207804603576789
-0.360567121835568716011
-1.0
0.119298207804603561982
0.0
-1.0
0.0
-1.0
-0.758731085969035014662
0.119298207804603576789
-0.710802806967776531878
-0.710802806967776555301
0.132408420903329388614
-0.360567121835568711128
-0.758731085969034977751
0.119298207804603577856
-1.0
-0.360567121835568716011
0.119298207804603561982
-0.758731085969034927293
-0.36056712183556872904
0.11929820780460354531
-1.0
0.0
0.0
-1.0
-1.0
0.468848793470714105799
-0.773622922202284411434
-1.0
0.547245844404568515984
-0.468848793470714216303
-1.0
0.46884879347071410528
-1.0
-0.773622922202284411434
0.547245844404568515984
-0.773622922202284294025
-0.773622922202284394805
0.547245844404568466786
-1.0
-0.468848793470714336639
0.468848793470714304494
-1.0
-1.0
0.830223896278566945521
-0.830223896278566945521
-1.0
0.830223896278566945521
-1.0
-0.83022389627856694552
0.83022389627856694552
-1.0
-1.0
1.0
