-1.0
-0.577350269189625764509
-0.408248290463863016366
-0.830223896278566945521
-0.577350269189625764509
-0.408248290463863016366
-0.468848793470714249636
-0.577350269189625764509
-0.408248290463863016366
0.0
-0.577350269189625764509
-0.408248290463863016366
0.468848793470714249636
-0.577350269189625764509
-0.408248290463863016366
0.830223896278566945521
-0.577350269189625764509
-0.408248290463863016366
1.0
-0.577350269189625764509
-0.408248290463863016366
-0.91511194813928347276
-0.43031985041132296671
-0.408248290463863016366
-0.660434383303426545468
-0.381301968982317857676
-0.408248290463863016366
-0.239932664820086225921
-0.368405260495326299666
-0.408248290463863016366
0.239932664820086062141
-0.368405260495326254477
-0.408248290463863016366
0.660434383303426360658
-0.381301968982317753598
-0.408248290463863016366
0.91511194813928347276
-0.43031985041132296671
-0.408248290463863016366
-0.734424396735357124818
-0.117359831084509307571
-0.408248290463863016366
-0.439014646886819333747
-0.0235851526842284168833
-0.408248290463863016366
-7.72655391805022373409e-17
-4.46092461824903832018e-17
-0.408248290463863016366
0.439014646886819245479
-0.0235851526842283843709
-0.408248290463863016366
0.734424396735356997129
-0.117359831084509278704
-0.408248290463863016366
-0.5
0.288675134594812882255
-0.408248290463863016366
-0.199081982066733226268
0.39199041317955456479
-0.408248290463863016366
0.19908198206673306498
0.391990413179554551967
-0.408248290463863016366
0.5
0.288675134594812882255
-0.408248290463863016366
-0.265575603264642875182
0.69471010027413507208
-0.408248290463863016366
-1.53442109507705040476e-16
0.762603937964635415983
-0.408248290463863016366
0.265575603264642764419
0.694710100274135071632
-0.408248290463863016366
-0.0848880518607165272397
1.00767011960094873122
-0.408248290463863016366
0.0848880518607165272397
1.00767011960094873122
-0.408248290463863016366
0.0
1.15470053837925152902
-0.408248290463863016366
-0.91511194813928347276
-0.528340129596858165243
-0.269626682252081943527
-0.660434383303426545468
-0.512000835787189795565
-0.223412180441618414042
-0.239932664820086225921
-0.507701932958192609562
-0.211253047073434640709
0.239932664820086062141
-0.507701932958192594498
-0.211253047073434598104
0.660434383303426360658
-0.512000835787189760872
-0.223412180441618315916
0.91511194813928347276
-0.528340129596858165243
-0.269626682252081943527
-0.773622922202284380442
-0.315952535579881801453
-0.223412180441618414042
-0.421605613935553100992
-0.243414114697549031909
-0.172119771139156999388
-1.53614236280600281176e-16
-0.224211101329670168105
-0.158541190167513921368
0.421605613935552868448
-0.243414114697548976602
-0.17211977113915696028
0.773622922202284122371
-0.315952535579881759852
-0.223412180441618384625
-0.559649103902301867057
0.0460631835472047535766
-0.211253047073434640709
-0.194172509561981370932
0.112105550664834957385
-0.158541190167513919294
0.194172509561981122269
0.112105550664834976176
-0.158541190167513903039
0.559649103902301733417
0.0460631835472047704462
-0.211253047073434609165
-0.319716439082215709981
0.461638749410987706615
-0.211253047073434598104
-1.15221460026722722443e-16
0.486828229395097821252
-0.172119771139156941155
0.319716439082215579969
0.461638749410987718195
-0.211253047073434567966
-0.113188538898857897335
0.82795337136707141962
-0.223412180441618315916
0.113188538898857691575
0.827953371367071381813
-0.223412180441618302338
6.61744490042422139897e-24
1.05668025919371633049
-0.269626682252081943527
-0.734424396735357196737
-0.424020123154586987052
0.0254348536229351528205
-0.439014646886819333747
-0.392761897021159981967
0.113846468290170315886
-7.72655391805022373409e-17
-0.384900179459750524542
0.136082763487954296731
0.439014646886819245479
-0.39276189702115997113
0.113846468290170346539
0.734424396735357069048
-0.42402012315458697743
0.0254348536229351800371
-0.559649103902301850784
-0.183816888326860473427
0.113846468290170315886
-0.194172509561981366409
-0.112105550664835127575
0.15854119016751380449
0.194172509561981117746
-0.112105550664835105987
0.158541190167513816789
0.559649103902301717144
-0.183816888326860438063
0.113846468290170321276
-0.333333333333333384844
0.192450089729875195357
0.136082763487954296731
-1.10716642682565059256e-16
0.224211101329670028363
0.158541190167513811477
0.333333333333333259318
0.192450089729875212104
0.136082763487954308572
-0.120634457015482551785
0.576578785348020373532
0.113846468290170346539
0.120634457015482455613
0.576578785348020355333
0.113846468290170335901
-1.60722582682482366314e-17
0.848040246309173830408
0.0254348536229353166684
-0.5
-0.288675134594812882255
0.408248290463863016366
-0.199081982066733226268
-0.254236708399898988076
0.505654869247127198109
0.19908198206673306498
-0.25423670839989899235
0.505654869247127186019
0.5
-0.288675134594812882255
0.408248290463863016366
-0.319716439082215718937
-0.0452916997055995217417
0.505654869247127198109
-1.15221455063639047125e-16
-8.00465408463586305964e-17
0.516359313417470711808
0.319716439082215588925
-0.0452916997055994894673
0.50565486924712719898
-0.120634457015482577014
0.299528408105498372276
0.505654869247127186019
0.120634457015482480842
0.29952840810549835618
0.505654869247127172407
0.0
0.577350269189625764509
0.408248290463863016366
-0.265575603264642947101
-0.153330146035038860502
0.791061727304790645027
-1.53442109507705040476e-16
-0.130698866804872037678
0.855072651347099562202
0.265575603264642836338
-0.153330146035038860651
0.791061727304790644603
-0.113188538898857947725
0.0653494334024358859545
0.855072651347099562202
0.113188538898857741965
0.065349433402435886153
0.855072651347099522031
-1.60722715031380374798e-17
0.306660292070077578448
0.791061727304790807261
-0.0848880518607165272396
-0.0490101395927675992663
1.08612326317980797626
0.0848880518607165272396
-0.0490101395927675992663
1.08612326317980797626
-1.32348898008484427979e-23
0.0980202791855351985328
1.08612326317980797626
0.0
0.0
1.2247448713915890491
