-1.0
-1.0
-1.0
-0.899757995411460178899
-1.0
-1.0
-0.677186279510737752626
-1.0
-1.0
-0.363117463826178177005
-1.0
-1.0
0.0
-1.0
-1.0
0.363117463826178177005
-1.0
-1.0
0.677186279510737752626
-1.0
-1.0
0.899757995411460178899
-1.0
-1.0
1.0
-1.0
-1.0
-1.0
-0.899757995411460178899
-1.0
-0.851437073383567491106
-0.86170949449417323953
-1.0
-0.568862235999423128238
-0.843392748647345459236
-1.0
-0.199565755802451651797
-0.836392678593849077078
-1.0
0.199565755802451651797
-0.836392678593849077078
-1.0
0.568862235999423128238
-0.843392748647345459236
-1.0
0.851437073383567491106
-0.861709494494173239531
-1.0
1.0
-0.899757995411460178899
-1.0
-1.0
-0.677186279510737752626
-1.0
-0.804561197232786500347
-0.602621886086653026473
-1.0
-0.446200471420518733089
-0.566293655878677947636
-1.0
0.0
-0.55560875493979495407
-1.0
0.446200471420518733089
-0.566293655878677947636
-1.0
0.804561197232786500347
-0.602621886086653026473
-1.0
1.0
-0.677186279510737752626
-1.0
-1.0
-0.363117463826178177004
-1.0
-0.741341337347668390273
-0.265044207129910545315
-1.0
-0.27279849989929129205
-0.222195622530102522965
-1.0
0.27279849989929129205
-0.222195622530102522965
-1.0
0.741341337347668390272
-0.265044207129910545315
-1.0
1.0
-0.363117463826178177004
-1.0
-1.0
2.11758236813575084767e-22
-1.0
-0.63584678959823402511
0.101436885723759622393
-1.0
0.0
0.132587311757355895272
-1.0
0.635846789598234025111
0.101436885723759622393
-1.0
1.0
2.11758236813575084767e-22
-1.0
-1.0
0.363117463826178177005
-1.0
-0.434615926081520110715
0.446014634733998485709
-1.0
0.434615926081520110715
0.446014634733998485709
-1.0
1.0
0.363117463826178177005
-1.0
-1.0
0.677186279510737752626
-1.0
0.0
0.723418988988346479061
-1.0
1.0
0.677186279510737752626
-1.0
-0.999999999999999999999
0.899757995411460178899
-1.0
1.0
0.899757995411460178899
-1.0
-1.0
1.0
-1.0
-1.0
-1.0
-0.899757995411460178899
-0.851437073383567491106
-1.0
-0.86170949449417323953
-0.568862235999423128238
-1.0
-0.843392748647345459236
-0.199565755802451651797
-1.0
-0.836392678593849077078
0.199565755802451651797
-1.0
-0.836392678593849077078
0.568862235999423128238
-1.0
-0.843392748647345459236
0.851437073383567491106
-1.0
-0.86170949449417323953
1.0
-1.0
-0.899757995411460178899
-1.0
-0.851437073383567491106
-0.86170949449417323953
-0.769449078914002266974
-0.793278943864013260132
-0.812644144069609327327
-0.428424101277236424097
-0.765090509242633816241
-0.78978165180393050307
0.0
-0.757604735410718653143
-0.783806835113274617436
0.428424101277236424097
-0.765090509242633816241
-0.78978165180393050307
0.769449078914002266974
-0.793278943864013260132
-0.812644144069609327327
1.0
-0.851437073383567491106
-0.86170949449417323953
-1.0
-0.568862235999423128238
-0.843392748647345459236
-0.68585714834308521893
-0.495558402926310574172
-0.78978165180393050307
-0.249334699602585234172
-0.454193645232694058783
-0.771411550227146203566
0.249334699602585234172
-0.454193645232694058783
-0.771411550227146203566
0.68585714834308521893
-0.495558402926310574172
-0.78978165180393050307
1.0
-0.568862235999423128238
-0.843392748647345459236
-1.0
-0.199565755802451651797
-0.836392678593849077078
-0.567613670226549234873
-0.121197632294640673429
-0.783806835113274617436
0.0
-0.0916127095346118824338
-0.771411550227146203566
0.567613670226549234873
-0.121197632294640673429
-0.783806835113274617436
1.0
-0.199565755802451651797
-0.836392678593849077078
-1.0
0.199565755802451651797
-0.836392678593849077078
-0.364552255014619388193
0.260648912168944390413
-0.78978165180393050307
0.364552255014619388194
0.260648912168944390413
-0.78978165180393050307
1.0
0.199565755802451651797
-0.836392678593849077078
-1.0
0.568862235999423128238
-0.843392748647345459236
0.0
0.586557887728026520265
-0.812644144069609327327
1.0
0.568862235999423128238
-0.843392748647345459236
-1.0
0.851437073383567491106
-0.86170949449417323953
1.0
0.851437073383567491106
-0.86170949449417323953
-1.0
1.0
-0.899757995411460178899
-1.0
-1.0
-0.677186279510737752626
-0.804561197232786500347
-1.0
-0.602621886086653026474
-0.446200471420518733089
-1.0
-0.566293655878677947636
0.0
-1.0
-0.555608754939794954069
0.446200471420518733089
-1.0
-0.566293655878677947636
0.804561197232786500347
-1.0
-0.602621886086653026474
1.0
-1.0
-0.677186279510737752626
-1.0
-0.804561197232786500347
-0.602621886086653026474
-0.68585714834308521893
-0.728501763465474864271
-0.548579842575419691937
-0.249334699602585234172
-0.698546692373314415743
-0.516576159488909425988
0.249334699602585234172
-0.698546692373314415743
-0.516576159488909425988
0.68585714834308521893
-0.728501763465474864271
-0.548579842575419691937
1.0
-0.804561197232786500347
-0.602621886086653026474
-1.0
-0.446200471420518733089
-0.566293655878677947636
-0.557493226170145293824
-0.362479968465275343057
-0.516576159488909425988
0.0
-0.333333333333333333333
-0.5
0.557493226170145293824
-0.362479968465275343057
-0.516576159488909425988
1.0
-0.446200471420518733089
-0.566293655878677947636
-1.0
0.0
-0.555608754939794954069
-0.35790869654316025649
0.0610266608385897587996
-0.516576159488909425988
0.35790869654316025649
0.0610266608385897587996
-0.516576159488909425988
1.0
0.0
-0.555608754939794954069
-1.0
0.446200471420518733089
-0.566293655878677947636
0.0
0.457003526930949728543
-0.548579842575419691937
1.0
0.446200471420518733089
-0.566293655878677947636
-1.0
0.804561197232786500347
-0.602621886086653026474
1.0
0.804561197232786500347
-0.602621886086653026474
-1.0
1.0
-0.677186279510737752626
-1.0
-1.0
-0.363117463826178177005
-0.741341337347668390273
-1.0
-0.265044207129910545315
-0.27279849989929129205
-1.0
-0.222195622530102522965
0.27279849989929129205
-1.0
-0.222195622530102522965
0.741341337347668390273
-1.0
-0.265044207129910545315
1.0
-1.0
-0.363117463826178177005
-1.0
-0.741341337347668390273
-0.265044207129910545315
-0.567613670226549234873
-0.644475612709332522777
-0.216193164886725382563
0.0
-0.617564763379154170484
-0.195436130795034944457
0.567613670226549234873
-0.644475612709332522777
-0.216193164886725382563
1.0
-0.741341337347668390273
-0.265044207129910545315
-1.0
-0.27279849989929129205
-0.222195622530102522965
-0.35790869654316025649
-0.191217618310422914758
-0.195436130795034944457
0.35790869654316025649
-0.191217618310422914758
-0.195436130795034944457
1.0
-0.27279849989929129205
-0.222195622530102522965
-1.0
0.27279849989929129205
-0.222195622530102522965
0.0
0.288951225418665045554
-0.216193164886725382563
1.0
0.27279849989929129205
-0.222195622530102522965
-1.0
0.741341337347668390273
-0.265044207129910545315
1.0
0.741341337347668390273
-0.265044207129910545315
-1.0
1.0
-0.363117463826178177005
-1.0
-1.0
0.0
-0.63584678959823402511
-1.0
0.101436885723759622393
0.0
-1.0
0.132587311757355895272
0.63584678959823402511
-1.0
0.101436885723759622393
1.0
-1.0
0.0
-1.0
-0.63584678959823402511
0.101436885723759622393
-0.364552255014619388193
-0.517768662881300592538
0.128143146183280698078
0.364552255014619388194
-0.517768662881300592538
0.128143146183280698078
1.0
-0.63584678959823402511
0.101436885723759622393
-1.0
0.0
0.132587311757355895272
0.0
0.0355373257626011850753
0.128143146183280698078
1.0
0.0
0.132587311757355895272
-1.0
0.635846789598234025111
0.101436885723759622393
1.0
0.635846789598234025111
0.101436885723759622393
-1.0
1.0
0.0
-1.0
-1.0
0.363117463826178177005
-0.434615926081520110715
-1.0
0.446014634733998485709
0.434615926081520110715
-1.0
0.446014634733998485709
1.0
-1.0
0.363117463826178177005
-1.0
-0.434615926081520110715
0.446014634733998485709
0.0
-0.333333333333333333333
0.437932432208827981983
1.0
-0.434615926081520110715
0.446014634733998485709
-1.0
0.434615926081520110715
0.446014634733998485709
1.0
0.434615926081520110715
0.446014634733998485709
-1.0
1.0
0.363117463826178177005
-1.0
-1.0
0.677186279510737752626
0.0
-1.0
0.723418988988346479061
1.0
-1.0
0.677186279510737752626
-1.0
1.05879118406787542384e-21
0.723418988988346479061
1.0
1.05879118406787542384e-21
0.723418988988346479061
-1.0
1.0
0.677186279510737752626
-1.0
-1.0
0.899757995411460178899
1.0
-1.0
0.899757995411460178899
-1.0
1.0
0.899757995411460178899
-1.0
-1.0
1.0
