-1.0
-1.0
-1.0
-0.899757995411460178899
-1.0
-1.0
-0.677186279510737752626
-1.0
-1.0
-0.363117463826178177005
-1.0
-1.0
-7.37224720937885915229e-23
-1.0
-1.0
0.363117463826178177005
-1.0
-1.0
0.677186279510737752625
-1.0
-1.0
0.899757995411460178899
-1.0
-1.0
1.0
-1.0
-1.0
-1.0
-0.899757995411460178899
-1.0
-0.861709494494173239531
-0.86170949449417323953
-1.0
-0.602621886086653026474
-0.843392748647345459236
-1.0
-0.265044207129910545315
-0.836392678593849077078
-1.0
0.101436885723759622393
-0.836392678593849077078
-1.0
0.446014634733998485709
-0.843392748647345459236
-1.0
0.723418988988346479061
-0.861709494494173239531
-1.0
0.899757995411460178899
-0.899757995411460178899
-1.0
-1.0
-0.677186279510737752626
-1.0
-0.843392748647345459236
-0.602621886086653026474
-1.0
-0.566293655878677947636
-0.566293655878677947636
-1.0
-0.222195622530102522965
-0.55560875493979495407
-1.0
0.132587311757355895272
-0.566293655878677947636
-1.0
0.446014634733998485709
-0.602621886086653026473
-1.0
0.677186279510737752626
-0.677186279510737752626
-1.0
-1.0
-0.363117463826178177005
-1.0
-0.836392678593849077078
-0.265044207129910545315
-1.0
-0.55560875493979495407
-0.222195622530102522965
-1.0
-0.222195622530102522965
-0.222195622530102522965
-1.0
0.101436885723759622393
-0.265044207129910545315
-1.0
0.363117463826178177004
-0.363117463826178177005
-1.0
-1.0
-4.32203519139966705109e-23
-1.0
-0.836392678593849077078
0.101436885723759622393
-1.0
-0.566293655878677947636
0.132587311757355895272
-1.0
-0.265044207129910545315
0.101436885723759622393
-1.0
-4.3220187005895696012e-23
-4.32203519139966705109e-23
-1.0
-1.0
0.363117463826178177005
-1.0
-0.843392748647345459236
0.446014634733998485709
-1.0
-0.602621886086653026474
0.446014634733998485709
-1.0
-0.363117463826178177005
0.363117463826178177005
-1.0
-1.0
0.677186279510737752626
-1.0
-0.861709494494173239531
0.723418988988346479061
-1.0
-0.677186279510737752626
0.677186279510737752626
-1.0
-1.0
0.899757995411460178899
-1.0
-0.899757995411460178899
0.899757995411460178899
-1.0
-1.0
1.0
-1.0
-1.0
-1.0
-0.899757995411460178899
-0.861709494494173239531
-1.0
-0.86170949449417323953
-0.602621886086653026474
-1.0
-0.843392748647345459236
-0.265044207129910545315
-1.0
-0.836392678593849077078
0.101436885723759622393
-1.0
-0.836392678593849077078
0.446014634733998485709
-1.0
-0.843392748647345459236
0.723418988988346479061
-1.0
-0.86170949449417323953
0.899757995411460178899
-1.0
-0.899757995411460178899
-1.0
-0.861709494494173239531
-0.86170949449417323953
-0.812644144069609327328
-0.812644144069609327327
-0.812644144069609327327
-0.548579842575419691937
-0.78978165180393050307
-0.78978165180393050307
-0.216193164886725382563
-0.783806835113274617437
-0.783806835113274617436
0.128143146183280698078
-0.78978165180393050307
-0.78978165180393050307
0.437932432208827981983
-0.812644144069609327327
-0.812644144069609327327
0.723418988988346479061
-0.861709494494173239531
-0.86170949449417323953
-1.0
-0.602621886086653026474
-0.843392748647345459236
-0.78978165180393050307
-0.548579842575419691937
-0.78978165180393050307
-0.516576159488909425989
-0.516576159488909425989
-0.771411550227146203566
-0.195436130795034944457
-0.516576159488909425989
-0.771411550227146203566
0.128143146183280698078
-0.548579842575419691937
-0.78978165180393050307
0.446014634733998485709
-0.602621886086653026474
-0.843392748647345459236
-1.0
-0.265044207129910545315
-0.836392678593849077078
-0.783806835113274617437
-0.216193164886725382563
-0.783806835113274617436
-0.516576159488909425989
-0.195436130795034944457
-0.771411550227146203566
-0.216193164886725382563
-0.216193164886725382563
-0.783806835113274617436
0.101436885723759622393
-0.265044207129910545315
-0.836392678593849077078
-1.0
0.101436885723759622393
-0.836392678593849077078
-0.78978165180393050307
0.128143146183280698078
-0.78978165180393050307
-0.548579842575419691937
0.128143146183280698078
-0.78978165180393050307
-0.265044207129910545315
0.101436885723759622393
-0.836392678593849077078
-1.0
0.446014634733998485709
-0.843392748647345459236
-0.812644144069609327328
0.437932432208827981983
-0.812644144069609327327
-0.602621886086653026474
0.446014634733998485709
-0.843392748647345459236
-1.0
0.723418988988346479061
-0.86170949449417323953
-0.86170949449417323953
0.723418988988346479061
-0.86170949449417323953
-1.0
0.899757995411460178899
-0.899757995411460178899
-1.0
-1.0
-0.677186279510737752626
-0.843392748647345459236
-1.0
-0.602621886086653026474
-0.566293655878677947636
-1.0
-0.566293655878677947636
-0.222195622530102522965
-1.0
-0.555608754939794954069
0.132587311757355895272
-1.0
-0.566293655878677947636
0.446014634733998485709
-1.0
-0.602621886086653026474
0.677186279510737752625
-1.0
-0.677186279510737752626
-1.0
-0.843392748647345459236
-0.602621886086653026474
-0.78978165180393050307
-0.78978165180393050307
-0.548579842575419691937
-0.516576159488909425989
-0.771411550227146203566
-0.516576159488909425988
-0.195436130795034944457
-0.771411550227146203566
-0.516576159488909425988
0.128143146183280698078
-0.78978165180393050307
-0.548579842575419691937
0.446014634733998485709
-0.843392748647345459236
-0.602621886086653026474
-1.0
-0.566293655878677947636
-0.566293655878677947636
-0.771411550227146203566
-0.516576159488909425989
-0.516576159488909425988
-0.5
-0.5
-0.5
-0.195436130795034944457
-0.516576159488909425989
-0.516576159488909425988
0.132587311757355895272
-0.566293655878677947636
-0.566293655878677947636
-1.0
-0.222195622530102522965
-0.555608754939794954069
-0.771411550227146203566
-0.195436130795034944457
-0.516576159488909425988
-0.516576159488909425988
-0.195436130795034944457
-0.516576159488909425988
-0.222195622530102522965
-0.222195622530102522965
-0.555608754939794954069
-1.0
0.132587311757355895272
-0.566293655878677947636
-0.78978165180393050307
0.128143146183280698078
-0.548579842575419691937
-0.566293655878677947636
0.132587311757355895272
-0.566293655878677947636
-1.0
0.446014634733998485709
-0.602621886086653026474
-0.843392748647345459236
0.446014634733998485709
-0.602621886086653026474
-1.0
0.677186279510737752626
-0.677186279510737752626
-1.0
-1.0
-0.363117463826178177005
-0.836392678593849077078
-1.0
-0.265044207129910545315
-0.55560875493979495407
-1.0
-0.222195622530102522965
-0.222195622530102522965
-1.0
-0.222195622530102522965
0.101436885723759622393
-1.0
-0.265044207129910545315
0.363117463826178177005
-1.0
-0.363117463826178177005
-1.0
-0.836392678593849077078
-0.265044207129910545315
-0.783806835113274617437
-0.783806835113274617437
-0.216193164886725382563
-0.516576159488909425989
-0.771411550227146203566
-0.195436130795034944457
-0.216193164886725382563
-0.783806835113274617437
-0.216193164886725382563
0.101436885723759622393
-0.836392678593849077078
-0.265044207129910545315
-1.0
-0.55560875493979495407
-0.222195622530102522965
-0.771411550227146203566
-0.516576159488909425989
-0.195436130795034944457
-0.516576159488909425988
-0.516576159488909425989
-0.195436130795034944457
-0.222195622530102522965
-0.55560875493979495407
-0.222195622530102522965
-1.0
-0.222195622530102522965
-0.222195622530102522965
-0.783806835113274617437
-0.216193164886725382563
-0.216193164886725382563
-0.55560875493979495407
-0.222195622530102522965
-0.222195622530102522965
-1.0
0.101436885723759622393
-0.265044207129910545315
-0.836392678593849077078
0.101436885723759622393
-0.265044207129910545315
-1.0
0.363117463826178177005
-0.363117463826178177005
-1.0
-1.0
0.0
-0.836392678593849077078
-1.0
0.101436885723759622393
-0.566293655878677947636
-1.0
0.132587311757355895272
-0.265044207129910545315
-1.0
0.101436885723759622393
0.0
-1.0
0.0
-1.0
-0.836392678593849077078
0.101436885723759622393
-0.78978165180393050307
-0.78978165180393050307
0.128143146183280698078
-0.548579842575419691937
-0.78978165180393050307
0.128143146183280698078
-0.265044207129910545315
-0.836392678593849077078
0.101436885723759622393
-1.0
-0.566293655878677947636
0.132587311757355895272
-0.78978165180393050307
-0.548579842575419691937
0.128143146183280698078
-0.566293655878677947636
-0.566293655878677947636
0.132587311757355895272
-1.0
-0.265044207129910545315
0.101436885723759622393
-0.836392678593849077078
-0.265044207129910545315
0.101436885723759622393
-1.0
0.0
0.0
-1.0
-1.0
0.363117463826178177005
-0.843392748647345459236
-1.0
0.446014634733998485709
-0.602621886086653026474
-1.0
0.446014634733998485709
-0.363117463826178177005
-1.0
0.363117463826178177005
-1.0
-0.843392748647345459236
0.446014634733998485709
-0.812644144069609327328
-0.812644144069609327328
0.437932432208827981983
-0.602621886086653026474
-0.843392748647345459236
0.446014634733998485709
-1.0
-0.602621886086653026474
0.446014634733998485709
-0.843392748647345459236
-0.602621886086653026474
0.446014634733998485709
-1.0
-0.363117463826178177005
0.363117463826178177005
-1.0
-1.0
0.677186279510737752626
-0.861709494494173239531
-1.0
0.723418988988346479061
-0.677186279510737752626
-1.0
0.677186279510737752626
-1.0
-0.86170949449417323953
0.723418988988346479061
-0.861709494494173239531
-0.86170949449417323953
0.723418988988346479061
-1.0
-0.677186279510737752625
0.677186279510737752626
-1.0
-1.0
0.899757995411460178899
-0.899757995411460178899
-1.0
0.899757995411460178899
-1.0
-0.899757995411460178899
0.899757995411460178899
-1.0
-1.0
1.0
