-1.0
-0.577350269189625764509
-0.408248290463863016366
-0.899757995411460178899
-0.577350269189625764509
-0.408248290463863016366
-0.677186279510737752626
-0.577350269189625764509
-0.408248290463863016366
-0.363117463826178177005
-0.577350269189625764509
-0.408248290463863016366
0.0
-0.577350269189625764509
-0.408248290463863016366
0.363117463826178177005
-0.577350269189625764509
-0.408248290463863016366
0.677186279510737752626
-0.577350269189625764509
-0.408248290463863016366
0.899757995411460178899
-0.577350269189625764509
-0.408248290463863016366
1.0
-0.577350269189625764509
-0.408248290463863016366
-0.949878997705730089449
-0.49053814668967401433
-0.408248290463863016366
-0.792564241741259859296
-0.457587178319388008426
-0.408248290463863016366
-0.524318260410325756091
-0.441724411101372040399
-0.408248290463863016366
-0.183240546426835083854
-0.435662172606773479002
-0.408248290463863016366
0.183240546426835083854
-0.435662172606773479002
-0.408248290463863016366
0.524318260410325756091
-0.441724411101372040399
-0.408248290463863016366
0.792564241741259859296
-0.457587178319388008426
-0.408248290463863016366
0.949878997705730089449
-0.49053814668967401433
-0.408248290463863016366
-0.838593139755368876313
-0.297785386555755511497
-0.408248290463863016366
-0.644703691690671972472
-0.23321072763272079475
-0.408248290463863016366
-0.349440483818016921454
-0.201749557398085135542
-0.408248290463863016366
1.65436122510605534974e-24
-0.192496161748092263436
-0.408248290463863016366
0.349440483818016921454
-0.201749557398085135542
-0.408248290463863016366
0.644703691690671972472
-0.23321072763272079475
-0.408248290463863016366
0.838593139755368876313
-0.297785386555755511497
-0.408248290463863016366
-0.681558731913089088502
-0.0257938136364343673756
-0.408248290463863016366
-0.468914782158804349735
0.0591401180944057097205
-0.408248290463863016366
-0.166706566204846215552
0.096248080874046131718
-0.408248290463863016366
0.166706566204846215552
0.0962480808740461317179
-0.408248290463863016366
0.468914782158804349735
0.0591401180944057097205
-0.408248290463863016366
0.681558731913089088502
-0.0257938136364343673756
-0.408248290463863016366
-0.5
0.288675134594812882255
-0.408248290463863016366
-0.285674235731969265881
0.376522054512367769282
-0.408248290463863016366
-5.95570041038179925907e-23
0.403499114796170271085
-0.408248290463863016366
0.285674235731969265881
0.376522054512367769282
-0.408248290463863016366
0.5
0.288675134594812882255
-0.408248290463863016366
-0.318441268086910911498
0.603144082826060131885
-0.408248290463863016366
-0.120385431280346216381
0.67493513873409283515
-0.408248290463863016366
0.120385431280346216381
0.67493513873409283515
-0.408248290463863016366
0.318441268086910911498
0.603144082826060131885
-0.408248290463863016366
-0.161406860244631123687
0.875135655745381276006
-0.408248290463863016366
4.63221143029695497928e-23
0.915174356638776016852
-0.408248290463863016366
0.161406860244631123687
0.875135655745381276006
-0.408248290463863016366
-0.0501210022942699105507
1.06788841587929977884
-0.408248290463863016366
0.0501210022942699105507
1.06788841587929977884
-0.408248290463863016366
0.0
1.15470053837925152902
-0.408248290463863016366
-0.949878997705730089449
-0.548412895022975181116
-0.326401036451978828013
-0.792564241741259859296
-0.537429238899546512481
-0.295334565543588594333
-0.524318260410325756091
-0.532141649826874523139
-0.280379005185931585916
-0.183240546426835083854
-0.530120903662008336007
-0.274663471920997225622
0.183240546426835083854
-0.530120903662008336007
-0.274663471920997225622
0.524318260410325756091
-0.532141649826874523139
-0.280379005185931585916
0.792564241741259859296
-0.537429238899546512482
-0.295334565543588594333
0.949878997705730089449
-0.548412895022975181116
-0.326401036451978828013
-0.86170949449417323953
-0.417666148029308756398
-0.295334565543588594333
-0.625288288139218654655
-0.361010361478298169392
-0.255272874679911409134
-0.338361494379350195007
-0.334611029350427356938
-0.236605727913498068501
-6.61744490042422139897e-24
-0.327711905301009667858
-0.23172731051390762694
0.338361494379350195008
-0.334611029350427356938
-0.236605727913498068501
0.625288288139218654655
-0.361010361478298169392
-0.255272874679911409134
0.86170949449417323953
-0.417666148029308756398
-0.295334565543588594333
-0.723007317366999242855
-0.18800210826996955338
-0.280379005185931585916
-0.458962398993605600574
-0.125724135119769141808
-0.236605727913498068501
-0.160570014346937240766
-0.0927051410069862870101
-0.221606602784758659102
0.160570014346937240766
-0.0927051410069862870101
-0.221606602784758659102
0.458962398993605600574
-0.125724135119769141808
-0.236605727913498068501
0.723007317366999242855
-0.18800210826996955338
-0.280379005185931585916
-0.550718442861879811197
0.106369483622023138223
-0.274663471920997225622
-0.283806835113274617437
0.163855952650504833929
-0.23172731051390762694
-8.27180612553027674871e-24
0.18541028201397257402
-0.221606602784758659102
0.283806835113274617437
0.163855952650504833929
-0.23172731051390762694
0.550718442861879811197
0.106369483622023138223
-0.274663471920997225622
-0.367477896435044727342
0.423751420039985197784
-0.274663471920997225622
-0.120600904614255405566
0.460335164470196498746
-0.236605727913498068501
0.120600904614255405566
0.460335164470196498746
-0.236605727913498068501
0.367477896435044727342
0.423751420039985197784
-0.274663471920997225622
-0.198689056956673486763
0.72014375809684407652
-0.280379005185931585916
0.0
0.722020722956596338784
-0.255272874679911409134
0.198689056956673486763
0.72014375809684407652
-0.280379005185931585916
-0.0691452527529133802348
0.95509538692885526888
-0.295334565543588594333
0.0691452527529133802348
0.95509538692885526888
-0.295334565543588594333
6.61744490042422139897e-24
1.09682579004595036223
-0.326401036451978828013
-0.838593139755368876313
-0.484161974978335680172
-0.144671991407821772441
-0.644703691690671972472
-0.462637088670657441256
-0.083790419118106775013
-0.349440483818016921454
-0.452150031925778888187
-0.0541285433621397895299
1.65436122510605534974e-24
-0.449065566709114597485
-0.0454043582779903755045
0.349440483818016921454
-0.452150031925778888187
-0.0541285433621397895298
0.644703691690671972472
-0.462637088670657441256
-0.083790419118106775013
0.838593139755368876313
-0.484161974978335680172
-0.144671991407821772441
-0.723007317366999242855
-0.327011230582403717146
-0.083790419118106775013
-0.458962398993605600574
-0.264982064606874618561
-0.0396652753648373551548
-0.160570014346937240766
-0.239834422448750754923
-0.01353437754760722893
0.160570014346937240766
-0.239834422448750754923
-0.01353437754760722893
0.458962398993605600574
-0.264982064606874618561
-0.0396652753648373551548
0.723007317366999242855
-0.327011230582403717146
-0.083790419118106775013
-0.566293655878677947636
-0.0765493201342382592201
-0.0541285433621397895299
-0.287987709716055629555
-0.0191405002861040530536
-0.01353437754760722893
0.0
0.0
0.0
0.287987709716055629555
-0.0191405002861040530536
-0.01353437754760722893
0.566293655878677947636
-0.0765493201342382592201
-0.0541285433621397895299
-0.388902188734948738517
0.224532783354557298742
-0.0454043582779903755045
-0.127417695369118388789
0.258974922734854807977
-0.01353437754760722893
0.127417695369118388789
0.258974922734854807976
-0.01353437754760722893
0.388902188734948738517
0.224532783354557298742
-0.0454043582779903755045
-0.216853172060661026182
0.528699352060017147407
-0.0541285433621397895298
-3.30872245021211069949e-24
0.529964129213749237123
-0.0396652753648373551548
0.216853172060661026182
0.528699352060017147407
-0.0541285433621397895298
-0.0783036256763272703822
0.789648319253061158403
-0.083790419118106775013
0.0783036256763272703822
0.789648319253061158403
-0.083790419118106775013
6.61744490042422139897e-24
0.968323949956671360343
-0.144671991407821772441
-0.681558731913089088502
-0.393498117338561965465
0.11176412277464129624
-0.468914782158804349735
-0.365186806761615273099
0.191840601547591029631
-0.166706566204846215552
-0.352817485835068465767
0.226826324370926695935
0.166706566204846215552
-0.352817485835068465767
0.226826324370926695935
0.468914782158804349735
-0.365186806761615273099
0.191840601547591029631
0.681558731913089088502
-0.393498117338561965465
0.11176412277464129624
-0.550718442861879811197
-0.223498710178762987592
0.191840601547591029631
-0.283806835113274617437
-0.163855952650504833929
0.23172731051390762694
-8.27180612553027674871e-24
-0.147129281441764467913
0.248675357879973116962
0.283806835113274617437
-0.163855952650504833929
0.23172731051390762694
0.550718442861879811197
-0.223498710178762987592
0.191840601547591029631
-0.388902188734948738517
0.0320366216064650353064
0.226826324370926695935
-0.127417695369118388789
0.0735646407208822339564
0.248675357879973116962
0.127417695369118388789
0.0735646407208822339564
0.248675357879973116962
0.388902188734948738517
0.0320366216064650353064
0.226826324370926695935
-0.222195622530102522965
0.32078086422860343046
0.226826324370926695935
-4.96308367531816604923e-24
0.327711905301009667858
0.23172731051390762694
0.222195622530102522965
0.32078086422860343046
0.226826324370926695935
-0.0818036607030754614611
0.588685516940378260692
0.191840601547591029631
0.0818036607030754614611
0.588685516940378260692
0.191840601547591029631
9.92616735063633209846e-24
0.786996234677123930929
0.11176412277464129624
-0.5
-0.288675134594812882255
0.408248290463863016366
-0.285674235731969265881
-0.259392827955627919912
0.491071160837269212357
-5.95570041038179925907e-23
-0.250400474527693752645
0.516505377188142595426
0.285674235731969265881
-0.259392827955627919912
0.491071160837269212357
0.5
-0.288675134594812882255
0.408248290463863016366
-0.367477896435044727342
-0.117704731372775634405
0.491071160837269212357
-0.120600904614255405566
-0.0696289647435527383765
0.512876731191833492157
0.120600904614255405566
-0.0696289647435527383764
0.512876731191833492157
0.367477896435044727342
-0.117704731372775634405
0.491071160837269212357
-0.216853172060661026182
0.125200237263846876322
0.516505377188142595426
-3.30872245021211069949e-24
0.139257929487105476753
0.512876731191833492157
0.216853172060661026182
0.125200237263846876322
0.516505377188142595426
-0.0818036607030754614611
0.377097559328403554317
0.491071160837269212357
0.0818036607030754614611
0.377097559328403554317
0.491071160837269212357
0.0
0.577350269189625764509
0.408248290463863016366
-0.318441268086910911498
-0.183852151851063799045
0.704732458153084736492
-0.120385431280346216381
-0.159921799881719564623
0.772417714767901377295
0.120385431280346216381
-0.159921799881719564623
0.772417714767901377295
0.318441268086910911498
-0.183852151851063799045
0.704732458153084736492
-0.198689056956673486763
-0.0242959417934658405131
0.772417714767901377295
0.0
0.0
0.765818624039734227401
0.198689056956673486763
-0.0242959417934658405131
0.772417714767901377295
-0.0783036256763272703822
0.184217741675185405136
0.772417714767901377295
0.0783036256763272703822
0.184217741675185405136
0.772417714767901377295
-6.61744490042422139897e-24
0.367704303702127598089
0.704732458153084736492
-0.161406860244631123687
-0.0931882942112900843375
0.961168572335547805173
4.63221143029695497928e-23
-0.0798420605801585040554
0.998917421551040205032
0.161406860244631123687
-0.0931882942112900843375
0.961168572335547805173
-0.0691452527529133802348
0.0399210302900792520277
0.998917421551040205032
0.0691452527529133802348
0.0399210302900792520277
0.998917421551040205032
-1.32348898008484427979e-23
0.186376588422580168675
0.961168572335547805173
-0.0501210022942699105506
-0.028937374166650583393
1.14289761737970486075
0.0501210022942699105506
-0.028937374166650583393
1.14289761737970486075
-6.61744490042422139897e-24
0.0578747483333011667861
1.14289761737970486075
0.0
0.0
1.2247448713915890491
