-1.0
-1.0
-1.0
-0.965245926503838584844
-1.0
-1.0
-0.88508204422297631724
-1.0
-1.0
-0.763519689951815206405
-1.0
-1.0
-0.606253205469845723419
-1.0
-1.0
-0.42063805471367251243
-1.0
-1.0
-0.215353955363794232984
-1.0
-1.0
0.0
-1.0
-1.0
0.215353955363794232984
-1.0
-1.0
0.420638054713672512431
-1.0
-1.0
0.606253205469845723419
-1.0
-1.0
0.763519689951815206405
-1.0
-1.0
0.88508204422297631724
-1.0
-1.0
0.965245926503838584845
-1.0
-1.0
1.0
-1.0
-1.0
-1.0
-0.965245926503838584844
-1.0
-0.948975115469312860946
-0.950244499795661105014
-1.0
-0.850612389744572821083
-0.93886143433223580012
-1.0
-0.709880813410266404853
-0.930493208057762079166
-1.0
-0.533831162256249394632
-0.924651929607974963401
-1.0
-0.331267720815786952911
-0.920966651001074780705
-1.0
-0.11227680136802296287
-0.919187082963685709574
-1.0
0.11227680136802287729
-0.919187082963685667281
-1.0
0.331267720815786852872
-0.920966651001074689325
-1.0
0.533831162256249168343
-0.924651929607974972718
-1.0
0.709880813410266668953
-0.930493208057762325019
-1.0
0.85061238974457221071
-0.938861434332235760029
-1.0
0.948975115469314500525
-0.950244499795659326847
-1.0
1.0
-0.965245926503838584844
-1.0
-1.0
-0.88508204422297631724
-1.0
-0.934088771348407686825
-0.855179061854348222229
-1.0
-0.817201452423952388474
-0.832509923759073784705
-1.0
-0.655573892224439527225
-0.816014173738648826725
-1.0
-0.458042192933294425258
-0.804847787801738260078
-1.0
-0.235453253048335442736
-0.798396784167464532706
-1.0
-6.64350175146413181315e-17
-0.796288156056775049911
-1.0
0.23545325304833560195
-0.7983967841674646433
-1.0
0.458042192933294110309
-0.804847787801738287566
-1.0
0.655573892224439630196
-0.816014173738648704424
-1.0
0.817201452423952388474
-0.832509923759073784705
-1.0
0.934088771348407667904
-0.855179061854348700413
-1.0
0.999999999999999882209
-0.885082044222976294534
-1.0
-1.0
-0.763519689951815206405
-1.0
-0.919176430951514422142
-0.719963440380638581565
-1.0
-0.781911533352188737429
-0.687258653236973357509
-1.0
-0.59615129104037863544
-0.663998231291014949
-1.0
-0.373250017949094445433
-0.649102311443159541988
-1.0
-0.127060026219814976261
-0.641839098264837400236
-1.0
0.127060026219814972549
-0.641839098264837423898
-1.0
0.373250017949094519224
-0.649102311443159638691
-1.0
0.596151291040378496592
-0.663998231291015093751
-1.0
0.781911533352189023307
-0.687258653236973390596
-1.0
0.919176430951514125957
-0.719963440380638362308
-1.0
1.0
-0.763519689951815206405
-1.0
-1.0
-0.606253205469845723419
-1.0
-0.902864019481863707852
-0.551393623456691483873
-1.0
-0.741678376718944960612
-0.510924325416887441566
-1.0
-0.526841002061233694355
-0.483212577951446478207
-1.0
-0.273473914369162742287
-0.467068303905304037919
-1.0
-2.18930488294450872888e-17
-0.461767825940466930521
-1.0
0.273473914369162610964
-0.467068303905303942171
-1.0
0.526841002061233554215
-0.483212577951446447667
-1.0
0.741678376718944792211
-0.510924325416887560076
-1.0
0.902864019481863709611
-0.551393623456691703809
-1.0
1.0
-0.606253205469845723419
-1.0
-1.0
-0.42063805471367251243
-1.0
-0.883577063995278254554
-0.357693796619593347572
-1.0
-0.692799966778099677712
-0.312520794468215197418
-1.0
-0.441850293953725528179
-0.283386510304705095191
-1.0
-0.151799934521026857163
-0.269116087029766518738
-1.0
0.151799934521026878552
-0.269116087029766550741
-1.0
0.441850293953725497122
-0.283386510304705108567
-1.0
0.692799966778099485577
-0.31252079446821509653
-1.0
0.883577063995278257459
-0.357693796619593213404
-1.0
1.0000000000000001563
-0.420638054713672549775
-1.0
-1.0
-0.215353955363794232984
-1.0
-0.859228916556489214175
-0.148146551969151821935
-1.0
-0.630238691137200722605
-0.101855921971612581234
-1.0
-0.333514261986698731432
-0.074774391430457491197
-1.0
-2.14130140824123939292e-16
-0.0658633921893921689355
-1.0
0.333514261986698769086
-0.0747743914304574809104
-1.0
0.630238691137200499286
-0.10185592197161250638
-1.0
0.859228916556489128485
-0.14814655196915167498
-1.0
0.9999999999999998173
-0.21535395536379419791
-1.0
-1.0
2.11758236813575084767e-22
-1.0
-0.826705625799007282271
0.0673336349328372612471
-1.0
-0.546491504076371170082
0.110917578635679629236
-1.0
-0.191186562341688558676
0.132314889394605989655
-1.0
0.191186562341688662967
0.132314889394606116898
-1.0
0.546491504076371310991
0.110917578635679840718
-1.0
0.826705625799007002583
0.0673336349328373656005
-1.0
1.0
2.11758236813575084767e-22
-1.0
-1.0
0.215353955363794232984
-1.0
-0.780870607363108206762
0.278660447620667875815
-1.0
-0.429569545561018259515
0.315772113218625692838
-1.0
2.1540111376147901695e-16
0.327996462582030042751
-1.0
0.42956954556101813934
0.315772113218625601344
-1.0
0.780870607363107731881
0.278660447620667917745
-1.0
0.999999999999999717013
0.215353955363794251625
-1.0
-1.0
0.420638054713672512431
-1.0
-0.71238694190785434614
0.47604555306466666721
-1.0
-0.259207725073169014172
0.503272826975622332451
-1.0
0.259207725073169088273
0.503272826975622177476
-1.0
0.712386941907854497321
0.476045553064666456591
-1.0
1.00000000000000038326
0.420638054713672507708
-1.0
-1.0
0.606253205469845723419
-1.0
-0.602299447941358818162
0.650456648438400441474
-1.0
-1.2705494208814505086e-21
0.665019847518147569411
-1.0
0.60229944794135969568
0.650456648438400906584
-1.0
1.0
0.606253205469845723419
-1.0
-0.999999999999999999999
0.763519689951815206405
-1.0
-0.406304981942942252761
0.794040496186584422949
-1.0
0.40630498194294286873
0.794040496186583903787
-1.0
1.0
0.763519689951815206405
-1.0
-1.0
0.88508204422297631724
-1.0
-1.86027708392967941996e-14
0.900488999591320318182
-1.0
0.999999999999998067799
0.885082044222976262518
-1.0
-1.0
0.965245926503838584845
-1.0
0.999999999999999999997
0.965245926503838584845
-1.0
-1.0
1.0
-1.0
-1.0
-1.0
-0.965245926503838584845
-0.948975115469312860946
-1.0
-0.950244499795661105014
-0.850612389744572821083
-1.0
-0.938861434332235800119
-0.709880813410266404853
-1.0
-0.930493208057762079166
-0.533831162256249394632
-1.0
-0.924651929607974963401
-0.331267720815786952911
-1.0
-0.920966651001074780705
-0.11227680136802296287
-1.0
-0.919187082963685709574
0.11227680136802287729
-1.0
-0.919187082963685667281
0.331267720815786852872
-1.0
-0.920966651001074689325
0.533831162256249168343
-1.0
-0.924651929607974972718
0.709880813410266668953
-1.0
-0.930493208057762325018
0.85061238974457221071
-1.0
-0.938861434332235760029
0.948975115469314500525
-1.0
-0.950244499795659326847
1.0
-1.0
-0.965245926503838584845
-1.0
-0.948975115469312860946
-0.950244499795661105014
-0.918004476754664044139
-0.921233718007688684933
-0.924218241680521321266
-0.813957121255084567688
-0.902243979198182673325
-0.906799437272545674344
-0.660862279845258869885
-0.891836224947672163648
-0.897385794849223185703
-0.465657993505209742742
-0.885874027644089837818
-0.892034841964755723959
-0.240550981491675357407
-0.882725149468914599144
-0.88922094785977471674
-1.63391279096815247168e-16
-0.881735400515566983214
-0.888338218451823644651
0.240550981491675344546
-0.882725149468914584702
-0.889220947859774703853
0.465657993505209245132
-0.885874027644089795309
-0.892034841964755685915
0.660862279845258856277
-0.891836224947672171817
-0.897385794849223193055
0.813957121255084487106
-0.902243979198182792444
-0.906799437272545782619
0.91800447675466395109
-0.921233718007688628062
-0.924218241680521268623
0.999999999999999766329
-0.948975115469312872729
-0.950244499795661116219
-1.0
-0.850612389744572821083
-0.938861434332235800119
-0.892755555204768580564
-0.823050527017393531311
-0.906799437272545674311
-0.762295148674001760648
-0.787545840833172232234
-0.890839410747467241016
-0.584536107612783450843
-0.765777934318238310565
-0.882379840732127588406
-0.367525646445665446912
-0.753217928986888374883
-0.877849038727256138374
-0.125379615947485297606
-0.74742752642519470751
-0.875840124891833159233
0.12537961594748517885
-0.747427526425194752937
-0.875840124891833165363
0.367525646445665330387
-0.753217928986888453022
-0.87784903872725613894
0.584536107612783111591
-0.765777934318238303027
-0.882379840732127566246
0.762295148674001899922
-0.787545840833172141105
-0.890839410747467242184
0.892755555204768304731
-0.823050527017393504345
-0.906799437272545709031
0.999999999999999876232
-0.850612389744572882444
-0.938861434332235766794
-1.0
-0.709880813410266404853
-0.930493208057762079166
-0.871172522171543511302
-0.679203487882547226056
-0.897385794849223185523
-0.713172565746668626836
-0.63319151315834284802
-0.882379840732127588141
-0.506831358849622100492
-0.604384049269267216553
-0.874748694093174422814
-0.263291376728182635163
-0.588717781645920657729
-0.871004258642234449631
-2.40339246036303313958e-17
-0.583739740991457238033
-0.869867994060834505679
0.263291376728182522477
-0.588717781645920641773
-0.871004258642234458715
0.506831358849622025033
-0.604384049269267271435
-0.874748694093174425598
0.713172565746668490641
-0.633191513158342922469
-0.882379840732127568218
0.871172522171543502666
-0.679203487882547233806
-0.897385794849223185523
1.0
-0.709880813410266404853
-0.930493208057762079166
-1.0
-0.533831162256249394632
-0.924651929607974963401
-0.847440380110721414683
-0.496149144036122673395
-0.892034841964755723781
-0.658567167383959602895
-0.445567311862074287652
-0.877849038727256138164
-0.418595661417045035778
-0.414788955158089067378
-0.871004258642234449923
-0.143620754682099606758
-0.400374269823130758216
-0.868129317148312876621
0.143620754682099413068
-0.400374269823130730214
-0.86812931714831287992
0.418595661417044835864
-0.414788955158089003316
-0.871004258642234454016
0.658567167383959297578
-0.445567311862074244019
-0.877849038727256131157
0.847440380110721223222
-0.496149144036122647702
-0.892034841964755686405
1.0
-0.533831162256249394632
-0.924651929607974963401
-1.0
-0.331267720815786952911
-0.920966651001074780705
-0.817482855357639624272
-0.285083116557447083607
-0.88922094785977471733
-0.591251162908577867905
-0.235832132867030225916
-0.875840124891833160691
-0.310901617561105504871
-0.208130129504271350012
-0.869867994060834508972
-1.436100951631119442e-16
-0.199251460353738653396
-0.868129317148312884277
0.310901617561105539529
-0.208130129504271394359
-0.869867994060834512266
0.591251162908577581332
-0.235832132867030180523
-0.875840124891833157655
0.817482855357639479223
-0.285083116557446952165
-0.889220947859774702222
0.999999999999999826346
-0.331267720815786993219
-0.920966651001074741491
-1.0
-0.11227680136802296287
-0.919187082963685709574
-0.776676436903647330125
-0.0591322997422166870198
-0.888338218451823646318
-0.503172120820967789176
-0.0167403407077752268032
-0.875840124891833169181
-0.174540895469780431096
0.00350673680400954580439
-0.871004258642234466349
0.174540895469780110723
0.00350673680400959213519
-0.871004258642234464907
0.503172120820967615113
-0.016740340707775139449
-0.875840124891833164536
0.776676436903646950097
-0.0591322997422165797953
-0.88833821845182361907
0.999999999999999791963
-0.112276801368022957445
-0.919187082963685671177
-1.0
0.11227680136802287729
-0.919187082963685667281
-0.718154252815973435107
0.167808266026361504314
-0.889220947859774703854
-0.383980217052914778081
0.198785240848962492831
-0.877849038727256139418
6.7811340174811149395e-17
0.208768098538534448392
-0.874748694093174428383
0.383980217052914633294
0.198785240848962605863
-0.877849038727256134156
0.718154252815973148197
0.167808266026361609433
-0.889220947859774690728
0.999999999999999739339
0.112276801368022929957
-0.919187082963685629567
-1.0
0.331267720815786852872
-0.920966651001074689325
-0.630646434863241244399
0.382023171680212188782
-0.892034841964755680036
-0.220598471414195455081
0.398969447476581051602
-0.882379840732127554422
0.220598471414195268768
0.398969447476580960401
-0.882379840732127550835
0.630646434863240609545
0.38202317168021212665
-0.892034841964755654471
0.999999999999999654301
0.331267720815786942766
-0.92096665100107465221
-1.0
0.533831162256249168343
-0.924651929607974972718
-0.495693292421183567208
0.571039712830219391396
-0.897385794849223193055
-2.14941704266711965804e-16
0.575091681666344461501
-0.890839410747467243351
0.495693292421183604002
0.571039712830219391544
-0.897385794849223192876
1.0
0.533831162256249168343
-0.924651929607974972718
-1.0
0.709880813410266668953
-0.930493208057762325018
-0.288284923209204163269
0.725294506215576069763
-0.906799437272545834462
0.28828492320920429274
0.725294506215576187766
-0.90679943727254582696
1.0
0.709880813410266668953
-0.930493208057762325018
-1.0
0.85061238974457221071
-0.938861434332235760029
-6.01015615856077822787e-16
0.842467436015377224672
-0.924218241680521253109
0.999999999999998466765
0.850612389744572251237
-0.938861434332235734307
-1.00000000000000000001
0.948975115469314500525
-0.950244499795659326847
0.999999999999991074574
0.94897511546931440171
-0.950244499795659358384
-1.0
1.0
-0.965245926503838584844
-1.0
-1.0
-0.885082044222976396247
-0.934088771348407686825
-1.0
-0.855179061854348222229
-0.817201452423952388474
-1.0
-0.832509923759073784705
-0.655573892224439527225
-1.0
-0.816014173738648826725
-0.458042192933294425258
-1.0
-0.804847787801738260079
-0.235453253048335442736
-1.0
-0.798396784167464532706
-6.64350175146413181315e-17
-1.0
-0.796288156056775049911
0.235453253048335601951
-1.0
-0.7983967841674646433
0.458042192933294110309
-1.0
-0.804847787801738287565
0.655573892224439630196
-1.0
-0.816014173738648704424
0.817201452423952388474
-1.0
-0.832509923759073784705
0.934088771348407667904
-1.0
-0.855179061854348700413
0.999999999999999882209
-1.0
-0.88508204422297637354
-1.0
-0.934088771348407686825
-0.855179061854348222229
-0.892755555204768587678
-0.898213569801909905441
-0.831296422245546228574
-0.762295148674001766722
-0.878652590622354235867
-0.799141651435073425371
-0.584536107612783447763
-0.86780928824774415096
-0.779552552653007751493
-0.367525646445665441712
-0.861842861596630228151
-0.768290262586453426202
-0.125379615947485295603
-0.859157883970806503512
-0.763107209812599001591
0.125379615947485176847
-0.859157883970806513807
-0.763107209812599043424
0.367525646445665325187
-0.861842861596630234518
-0.768290262586453499499
0.58453610761278310851
-0.86780928824774412572
-0.779552552653007746993
0.762295148674001905997
-0.878652590622354231346
-0.799141651435073339092
0.892755555204768311845
-0.89821356980190994176
-0.831296422245546199794
0.999999999999999876232
-0.934088771348407653099
-0.855179061854348284203
-1.0
-0.817201452423952388474
-0.832509923759073784705
-0.86340270331735855328
-0.776717582626455977896
-0.799141651435073425438
-0.704993849036629240148
-0.742914718690809139269
-0.772197104435440626089
-0.50086479318598545418
-0.721780746464941550247
-0.755757262516895776646
-0.26022247249601432384
-0.710322547745541991137
-0.746970952638559345498
-1.22848364713843381801e-17
-0.706693503012335252669
-0.744206457032295774182
0.260222472496014226169
-0.710322547745542030842
-0.746970952638559375791
0.500864793185985384468
-0.721780746464941604929
-0.755757262516895818788
0.704993849036629098954
-0.742914718690809118328
-0.772197104435440609647
0.86340270331735854326
-0.776717582626455926585
-0.799141651435073383915
1.0
-0.817201452423952388474
-0.832509923759073784705
-1.0
-0.655573892224439527225
-0.816014173738648826725
-0.835991300532756527867
-0.611996341433797782576
-0.779552552653007751287
-0.645648122547859716099
-0.570299305512416485456
-0.755757262516895776001
-0.409484105494238756051
-0.544093980848996538512
-0.742107076869915132451
-0.140390505840533508503
-0.531681510055985679976
-0.735893586731928426846
0.140390505840533507425
-0.531681510055985660233
-0.735893586731928430581
0.409484105494238790747
-0.54409398084899652426
-0.742107076869915148922
0.645648122547859636908
-0.570299305512416533087
-0.755757262516895799059
0.835991300532756444036
-0.611996341433797803089
-0.779552552653007728621
1.00000000000000014771
-0.655573892224439537683
-0.816014173738648858133
-1.0
-0.458042192933294425258
-0.804847787801738260079
-0.804201296519461777175
-0.411216069845959471995
-0.768290262586453424947
-0.576300108873572663181
-0.367370907197242754197
-0.746970952638559342593
-0.301890345550172078854
-0.341676015963683187982
-0.735893586731928423717
-1.2513778889115334883e-16
-0.333333333333333394246
-0.732456743502708078283
0.301890345550172121929
-0.341676015963683180797
-0.735893586731928421727
0.576300108873572389001
-0.367370907197242702295
-0.746970952638559338742
0.804201296519461612998
-0.411216069845959418966
-0.768290262586453415008
0.999999999999999831244
-0.458042192933294412195
-0.804847787801738224252
-1.0
-0.235453253048335442736
-0.798396784167464532706
-0.762686570449478424647
-0.186971308753596350605
-0.763107209812599000552
-0.488412914064591543163
-0.146653248493832372393
-0.744206457032295771581
-0.168647551002608142098
-0.126642473980331127155
-0.735893586731928428591
0.168647551002608116007
-0.126642473980331139902
-0.735893586731928425462
0.48841291406459155171
-0.146653248493832381604
-0.744206457032295768981
0.762686570449478207357
-0.186971308753596288037
-0.763107209812598984919
1.0
-0.235453253048335442736
-0.798396784167464532706
-1.0
-6.64351233937597249191e-17
-0.796288156056775049911
-0.704693518336177236003
0.0461291927244026852858
-0.76310720981259904778
-0.371841273800159714616
0.0776934549427845874628
-0.746970952638559384047
-2.16573619118715782195e-17
0.0881879616979930907619
-0.742107076869915165392
0.371841273800159481774
0.0776934549427846731093
-0.746970952638559373394
0.704693518336177000033
0.0461291927244027521618
-0.763107209812599028713
0.999999999999999752774
-3.59077383373595203364e-17
-0.796288156056775014603
-1.0
0.235453253048335601951
-0.7983967841674646433
-0.619894529614242704205
0.273058931442589562881
-0.768290262586453511253
-0.213981031860512118098
0.292080051977358035885
-0.755757262516895841846
0.213981031860512248298
0.292080051977358042376
-0.755757262516895841201
0.619894529614242404101
0.273058931442589606077
-0.768290262586453494511
1.0
0.235453253048335601951
-0.7983967841674646433
-1.0
0.458042192933294110309
-0.804847787801738287565
-0.491764158572766205908
0.479805629681541746473
-0.779552552653007747718
-1.92573893470330843175e-16
0.485829437381618137641
-0.772197104435440609647
0.491764158572765829692
0.479805629681541678394
-0.779552552653007735699
0.999999999999999545991
0.458042192933294138979
-0.80484778780173825852
-1.0
0.655573892224439630196
-0.816014173738648704424
-0.295781154396399918855
0.655370173248810237804
-0.79914165143507329757
0.29578115439639982957
0.655370173248810285198
-0.799141651435073297637
1.00000000000000070999
0.65557389222443962207
-0.816014173738648725177
-0.999999999999999999999
0.817201452423952388474
-0.832509923759073784705
-7.10702994393720699495e-18
0.796427139603819511479
-0.831296422245546201858
1.0
0.817201452423952388474
-0.832509923759073784705
-0.999999999999999999997
0.934088771348407667904
-0.855179061854348700413
0.999999999999996368174
0.934088771348407586143
-0.855179061854348782665
-1.0
0.999999999999999969644
-0.885082044222976290876
-1.0
-1.0
-0.763519689951815206405
-0.919176430951514422142
-1.0
-0.719963440380638581566
-0.781911533352188737429
-1.0
-0.687258653236973357509
-0.59615129104037863544
-1.0
-0.663998231291014949001
-0.373250017949094445433
-1.0
-0.649102311443159541988
-0.127060026219814976261
-1.0
-0.641839098264837400236
0.127060026219814972549
-1.0
-0.641839098264837423898
0.373250017949094519223
-1.0
-0.649102311443159638691
0.596151291040378496593
-1.0
-0.663998231291015093751
0.781911533352189023307
-1.0
-0.687258653236973390595
0.919176430951514125957
-1.0
-0.719963440380638362308
1.0
-1.0
-0.763519689951815206405
-1.0
-0.919176430951514422142
-0.719963440380638581566
-0.871172522171543511091
-0.878968606737574660549
-0.695662627435584198311
-0.713172565746668613682
-0.857840524339757549777
-0.65476354947990429413
-0.506831358849622095749
-0.846238153861949496681
-0.629159756502564520668
-0.263291376728182639842
-0.840277143609355597431
-0.615244608977846098671
-2.40339246036303313958e-17
-0.838428040237779893514
-0.610824132240226374069
0.263291376728182527156
-0.840277143609355607018
-0.615244608977846081876
0.506831358849622020289
-0.846238153861949504903
-0.629159756502564571562
0.713172565746668477487
-0.85784052433975753203
-0.654763549479904367855
0.871172522171543502455
-0.878968606737574661074
-0.695662627435584205663
1.0
-0.919176430951514422142
-0.719963440380638581566
-1.0
-0.781911533352188737429
-0.687258653236973357509
-0.835991300532756517005
-0.733560184575881740495
-0.65476354947990429419
-0.645648122547859716686
-0.698981379252775995554
-0.622774942472435663932
-0.40948410549423876747
-0.678213353433993402916
-0.602881448824722912146
-0.14039050584053351499
-0.668525437156650918557
-0.593524468379102224686
0.140390505840533513911
-0.668525437156650919498
-0.593524468379102206675
0.409484105494238802166
-0.678213353433993420221
-0.602881448824722895977
0.645648122547859637495
-0.69898137925277603081
-0.622774942472435700792
0.835991300532756433174
-0.733560184575881716747
-0.654763549479904316839
1.00000000000000014771
-0.781911533352188775186
-0.687258653236973361596
-1.0
-0.59615129104037863544
-0.663998231291014949001
-0.800922890232069334318
-0.544746619209959996395
-0.629159756502564521268
-0.572232777052885183464
-0.504494170212706088662
-0.602881448824722913178
-0.299375249485313867031
-0.481138762146676788621
-0.588019196884765270967
-1.16314564316960522561e-17
-0.473560035424476957629
-0.583255512138027590698
0.299375249485314134182
-0.481138762146676770587
-0.588019196884765259597
0.572232777052885123804
-0.504494170212706077647
-0.602881448824722906103
0.800922890232069331506
-0.544746619209960025156
-0.629159756502564540352
1.0
-0.59615129104037863544
-0.663998231291014949001
-1.0
-0.373250017949094445433
-0.649102311443159541988
-0.758384815272394693286
-0.322125979546479579436
-0.615244608977846098131
-0.483225601376301492637
-0.282859846486784306263
-0.593524468379102223298
-0.166511024276055172161
-0.263219982287761519037
-0.58325551213802758608
0.166511024276055183202
-0.263219982287761525458
-0.583255512138027581463
0.483225601376301484394
-0.282859846486784302096
-0.593524468379102213585
0.758384815272394458218
-0.322125979546479518325
-0.615244608977846073157
1.0
-0.373250017949094445433
-0.649102311443159541988
-1.0
-0.127060026219814976261
-0.641839098264837400236
-0.701010259626066683489
-0.0807859798811100881872
-0.610824132240226369466
-0.367785788864255412811
-0.0486147163565647809085
-0.593524468379102196962
1.22610136697428109831e-16
-0.0377224757066462489483
-0.588019196884765240748
0.367785788864255425487
-0.0486147163565647755955
-0.593524468379102195574
0.701010259626066672772
-0.0807859798811100798861
-0.610824132240226364864
1.0
-0.127060026219814976261
-0.641839098264837400236
-1.0
0.127060026219814972549
-0.641839098264837423898
-0.618616399353263408314
0.162403123155835009319
-0.615244608977846078642
-0.212554487221526399117
0.182707523646699471491
-0.602881448824722888902
0.212554487221526422343
0.182707523646699500108
-0.602881448824722889934
0.618616399353263121655
0.162403123155835068523
-0.615244608977846063314
1.0
0.127060026219814972549
-0.641839098264837423898
-1.0
0.373250017949094519223
-0.649102311443159638691
-0.495047613460719164482
0.390984773071909477335
-0.629159756502564590646
4.58816571703973136165e-17
0.397962758505551942206
-0.622774942472435737652
0.495047613460719192909
0.390984773071909456813
-0.629159756502564591246
1.0
0.373250017949094519223
-0.649102311443159638691
-1.0
0.596151291040378496592
-0.663998231291015093751
-0.304161907462087600663
0.591400708915639198162
-0.654763549479904419735
0.304161907462087074624
0.591400708915639181951
-0.654763549479904415941
1.0
0.596151291040378496592
-0.663998231291015093751
-1.0
0.781911533352189023307
-0.687258653236973390595
-8.74985034513692250258e-19
0.757937213475149305641
-0.695662627435584213016
1.00000000000000120686
0.781911533352189065873
-0.687258653236973373097
-0.999999999999999999998
0.919176430951514125957
-0.719963440380638362308
1.0
0.919176430951514125957
-0.719963440380638362308
-1.0
1.0
-0.763519689951815206405
-1.0
-1.0
-0.606253205469845723419
-0.902864019481863707852
-1.0
-0.551393623456691483873
-0.741678376718944960612
-1.0
-0.510924325416887441566
-0.526841002061233694355
-1.0
-0.483212577951446478207
-0.273473914369162742287
-1.0
-0.467068303905304037919
-2.18930488294450872888e-17
-1.0
-0.461767825940466930521
0.273473914369162610964
-1.0
-0.467068303905303942171
0.526841002061233554215
-1.0
-0.483212577951446447667
0.741678376718944792211
-1.0
-0.510924325416887560076
0.902864019481863709611
-1.0
-0.551393623456691703809
1.0
-1.0
-0.606253205469845723419
-1.0
-0.902864019481863707852
-0.551393623456691483873
-0.84744038011072140388
-0.858252827489976039654
-0.523348312681289165551
-0.658567167383959605817
-0.834867485404962838189
-0.479429554770613822809
-0.418595661417045047876
-0.822385214783971729758
-0.452533821448156526169
-0.143620754682099612766
-0.816834927385754526213
-0.439910797070063381337
0.143620754682099419075
-0.816834927385754527342
-0.439910797070063354192
0.418595661417044847962
-0.822385214783971727918
-0.452533821448156465042
0.6585671673839593005
-0.83486748540496282436
-0.479429554770613783783
0.847440380110721212419
-0.858252827489975989198
-0.523348312681289150661
1.0
-0.902864019481863707852
-0.551393623456691483873
-1.0
-0.741678376718944960612
-0.510924325416887441566
-0.804201296519461791201
-0.686757998491556176745
-0.479429554770613821765
-0.576300108873572680262
-0.650369344259440828783
-0.447407675539749828541
-0.301890345550172079444
-0.630260954960275740357
-0.428609809059772607609
-1.2513778889115334883e-16
-0.623844576961285654253
-0.422514418832430679573
0.30189034555017212252
-0.630260954960275736126
-0.428609809059772602028
0.576300108873572406082
-0.650369344259440812805
-0.447407675539749784423
0.804201296519461627024
-0.686757998491556154002
-0.479429554770613777805
0.999999999999999831244
-0.741678376718944912832
-0.510924325416887439486
-1.0
-0.526841002061233694355
-0.483212577951446478207
-0.758384815272394701972
-0.4702286647775843138
-0.452533821448156525336
-0.483225601376301481812
-0.430949544034817728144
-0.428609809059772609349
-0.16651102427605516112
-0.411687158224434733777
-0.416744487861972407135
0.166511024276055172161
-0.411687158224434730076
-0.41674448786197241392
0.48322560137630147357
-0.430949544034817714612
-0.428609809059772609511
0.758384815272394466904
-0.4702286647775842645
-0.452533821448156484447
1.0
-0.526841002061233694355
-0.483212577951446478207
-1.0
-0.273473914369162742287
-0.467068303905304037919
-0.700233129693599138158
-0.222050138009092598343
-0.439910797070063382231
-0.366783133137523433014
-0.188077711519357259052
-0.422514418832430686455
-1.10796144665598755852e-17
-0.176625683551130534214
-0.416744487861972420704
0.366783133137523167933
-0.188077711519357254874
-0.422514418832430684341
0.70023312969359887397
-0.222050138009092556738
-0.439910797070063360665
0.9999999999999997623
-0.273473914369162700723
-0.467068303905304015555
-1.0
-2.18929429503266805013e-17
-0.461767825940466930521
-0.618848764035710917259
0.0388850653948469254128
-0.439910797070063350566
-0.212306817142830732098
0.0612104989950934686928
-0.42860980905977260219
0.212306817142830709804
0.0612104989950934782105
-0.428609809059772603931
0.618848764035710623455
0.0388850653948469611328
-0.439910797070063338323
1.0
-2.18929429503266805013e-17
-0.461767825940466930521
-1.0
0.273473914369162610964
-0.467068303905303942171
-0.497827904494532398834
0.29261387956155581649
-0.452533821448156447073
-1.84190914270473439507e-16
0.300738688518881366492
-0.447407675539749760117
0.497827904494532035252
0.292613879561555844291
-0.452533821448156438348
0.999999999999999583353
0.273473914369162625305
-0.467068303905303928077
-1.0
0.526841002061233554215
-0.483212577951446447667
-0.309609901714262869291
0.521625483896518744205
-0.479429554770613769071
0.309609901714262403251
0.521625483896518729657
-0.479429554770613765988
1.0
0.526841002061233554215
-0.483212577951446447667
-1.0
0.74167837671894479221
-0.510924325416887560076
-6.66335832133014074885e-16
0.716505654979951901093
-0.523348312681289216805
0.999999999999998862198
0.741678376718944745272
-0.510924325416887584306
-1.0
0.902864019481863709611
-0.551393623456691703809
1.0
0.902864019481863709611
-0.551393623456691703809
-1.0
1.0
-0.606253205469845723419
-1.0
-1.0
-0.420638054713672359341
-0.883577063995278254554
-1.0
-0.357693796619593347573
-0.692799966778099677712
-1.0
-0.312520794468215197418
-0.441850293953725528179
-1.0
-0.283386510304705095191
-0.151799934521026857163
-1.0
-0.269116087029766518738
0.151799934521026878552
-1.0
-0.269116087029766550741
0.441850293953725497122
-1.0
-0.283386510304705108567
0.692799966778099485578
-1.0
-0.31252079446821509653
0.883577063995278257459
-1.0
-0.357693796619593213404
1.0000000000000001563
-1.0
-0.420638054713672396685
-1.0
-0.883577063995278254554
-0.357693796619593347573
-0.817482855357639635451
-0.832746198498002030826
-0.324682023910852128877
-0.591251162908577877002
-0.806494786357380190712
-0.283271626339482130586
-0.310901617561105502318
-0.793384512789854511016
-0.259653936849469546935
-1.436100951631119442e-16
-0.789352216233964783184
-0.2520490887115605377
0.310901617561105536976
-0.793384512789854522831
-0.259653936849469587092
0.591251162908577590429
-0.806494786357380179735
-0.283271626339482089171
0.817482855357639490403
-0.832746198498001993021
-0.324682023910852010117
0.999999999999999826346
-0.883577063995278201232
-0.357693796619593399399
-1.0
-0.692799966778099677712
-0.312520794468215197418
-0.76268657044947844074
-0.630798678432351890175
-0.283271626339482128088
-0.488412914064591534615
-0.592618477137236597521
-0.255793542967704219276
-0.168647551002608130353
-0.574698327524486385853
-0.241972135829196757379
0.168647551002608104261
-0.574698327524486385071
-0.241972135829196769809
0.488412914064591543163
-0.592618477137236596345
-0.255793542967704228419
0.762686570449478223451
-0.630798678432351851771
-0.283271626339482079286
1.0
-0.692799966778099677712
-0.312520794468215197418
-1.0
-0.441850293953725528179
-0.283386510304705095191
-0.701010259626066676132
-0.382090816572773188518
-0.259653936849469539039
-0.367785788864255413776
-0.345435344490210590884
-0.241972135829196749657
1.22610136697428109831e-16
-0.333333333333333299175
-0.235942409345704101332
0.367785788864255426452
-0.345435344490210586766
-0.241972135829196746084
0.701010259626066665414
-0.382090816572773178968
-0.259653936849469534469
1.0
-0.441850293953725528179
-0.283386510304705095191
-1.0
-0.151799934521026857163
-0.269116087029766518738
-0.618848764035710939758
-0.105323891883017735553
-0.252049088711560529718
-0.212306817142830760006
-0.079866327985303052356
-0.241972135829196766236
0.212306817142830737713
-0.079866327985303049438
-0.241972135829196758514
0.618848764035710645954
-0.105323891883017702164
-0.252049088711560510361
1.0
-0.151799934521026857163
-0.269116087029766518738
-1.0
0.151799934521026878552
-0.269116087029766550741
-0.498825215137764104716
0.175475329362627712086
-0.259653936849469582522
-1.0165983553827705882e-17
0.185236954274473198622
-0.255793542967704237561
0.498825215137764114842
0.175475329362627731991
-0.259653936849469574626
1.0
0.151799934521026878552
-0.269116087029766550741
-0.999999999999999999999
0.441850293953725497122
-0.283386510304705108567
-0.312233992198749993543
0.43729346478973179924
-0.283271626339482066208
0.312233992198749528178
0.437293464789731801454
-0.283271626339482062951
1.0
0.441850293953725497122
-0.283386510304705108567
-1.0
0.692799966778099485578
-0.31252079446821509653
-3.23238995858792128868e-16
0.66549239699600389243
-0.324682023910851930148
1.0
0.692799966778099485578
-0.31252079446821509653
-1.0
0.883577063995278257459
-0.357693796619593213404
0.999999999999997190496
0.883577063995278161282
-0.357693796619593306983
-1.0
1.00000000000000005951
-0.420638054713672568805
-1.0
-1.0
-0.21535395536379439772
-0.859228916556489214175
-1.0
-0.148146551969151821935
-0.630238691137200722605
-1.0
-0.101855921971612581234
-0.333514261986698731433
-1.0
-0.0747743914304574911969
-2.14130140824123939292e-16
-1.0
-0.0658633921893921689354
0.333514261986698769086
-1.0
-0.0747743914304574809104
0.630238691137200499286
-1.0
-0.10185592197161250638
0.859228916556489128485
-1.0
-0.14814655196915167498
0.9999999999999998173
-1.0
-0.215353955363794362647
-1.0
-0.859228916556489214175
-0.148146551969151821935
-0.776676436903647338161
-0.799108355793848575781
-0.111661781548176544275
-0.503172120820967808007
-0.769600928907739441349
-0.0777810389560859048744
-0.174540895469780442932
-0.756890996728077216932
-0.0612173109317631470966
0.174540895469780122559
-0.756890996728077204451
-0.0612173109317631044776
0.503172120820967633943
-0.769600928907739415703
-0.0777810389560858252269
0.776676436903646958132
-0.799108355793848510781
-0.111661781548176455855
0.999999999999999791964
-0.85922891655648914874
-0.148146551969151833772
-1.0
-0.630238691137200722605
-0.101855921971612581234
-0.704693518336177249481
-0.560406461748761240771
-0.0777810389560859054125
-0.371841273800159747626
-0.521978090639814535327
-0.0586504191831316764229
-2.16573619118715782195e-17
-0.509769863259490216675
-0.0521300254806390725435
0.371841273800159514784
-0.521978090639814484015
-0.0586504191831316073521
0.704693518336177013511
-0.560406461748761185411
-0.0777810389560858564311
0.999999999999999752774
-0.630238691137200655239
-0.10185592197161257147
-1.0
-0.333514261986698731432
-0.0747743914304574911969
-0.61861639935326345257
-0.274879165541818241071
-0.0612173109317631362286
-0.212554487221526449045
-0.245115068370254902604
-0.0521300254806390489982
0.212554487221526472272
-0.245115068370254887673
-0.052130025480639025453
0.618616399353263165912
-0.274879165541818185599
-0.0612173109317630973224
1.0
-0.333514261986698731432
-0.0747743914304574911969
-1.0
-2.14130140824123939292e-16
-0.0658633921893921689354
-0.497827904494532440206
0.0317701622698951621798
-0.0612173109317630756181
-1.84190914270473439507e-16
0.0439561812796288805969
-0.0586504191831315483938
0.497827904494532076623
0.031770162269895192771
-0.061217310931763061066
0.999999999999999583353
-1.86233851860132405137e-16
-0.0658633921893921673902
-1.0
0.333514261986698769086
-0.0747743914304574809104
-0.31223399219874993513
0.330007390656500504351
-0.0777810389560857953823
0.312233992198749469764
0.33000739065650050926
-0.077781038956085796302
1.0
0.333514261986698769086
-0.0747743914304574809104
-1.0
0.630238691137200499286
-0.10185592197161250638
-6.41151107391420369691e-16
0.598216711587696749748
-0.111661781548176433132
0.999999999999998910006
0.630238691137200438109
-0.101855921971612524949
-1.0
0.859228916556489128485
-0.14814655196915167498
0.999999999999997252365
0.859228916556489015185
-0.148146551969151730657
-1.0
0.99999999999999992771
-0.215353955363794172058
-1.0
-1.0
0.0
-0.826705625799007282271
-1.0
0.0673336349328372612469
-0.546491504076371170082
-1.0
0.110917578635679629236
-0.191186562341688558676
-1.0
0.132314889394605989655
0.191186562341688662967
-1.0
0.132314889394606116898
0.546491504076371310991
-1.0
0.110917578635679840718
0.826705625799007002583
-1.0
0.0673336349328373656003
1.0
-1.0
0.0
-1.0
-0.826705625799007282271
0.0673336349328372612469
-0.718154252815973463779
-0.752966871199031831817
0.103123919630401238637
-0.383980217052914811752
-0.720616169443015319378
0.125568856084323216921
6.7811340174811149395e-17
-0.711046919879132557048
0.133068207098303553812
0.383980217052914666965
-0.720616169443015274441
0.125568856084323319895
0.718154252815973176869
-0.752966871199031777309
0.10312391963040133027
0.999999999999999739339
-0.826705625799007195903
0.0673336349328372908114
-1.0
-0.546491504076371170082
0.110917578635679629236
-0.619894529614242712398
-0.470033200382234259217
0.125568856084323205645
-0.21398103186051211652
-0.435740404406224238673
0.134289467506227313357
0.213981031860512246721
-0.43574040440622423374
0.134289467506227318639
0.619894529614242412294
-0.470033200382234204237
0.12556885608432323318
1.0
-0.546491504076371170082
0.110917578635679629236
-1.0
-0.191186562341688558676
0.132314889394605989655
-0.49504761346071912107
-0.144476540060433634135
0.133068207098303537513
4.58816571703973136165e-17
-0.12851919118755128993
0.134289467506227323921
0.495047613460719149497
-0.144476540060433651605
0.133068207098303521213
1.0
-0.191186562341688558676
0.132314889394605989655
-1.0
0.191186562341688662967
0.132314889394606116898
-0.309609901714262725279
0.190649369825249428197
0.125568856084323337606
0.30960990171426225924
0.190649369825249417401
0.125568856084323324499
1.0
0.191186562341688662967
0.132314889394606116898
-1.0
0.546491504076371310991
0.110917578635679840718
-3.23238995858792128868e-16
0.5059337423980633033
0.103123919630401398745
1.0
0.546491504076371310991
0.110917578635679840718
-0.999999999999999999999
0.826705625799007002583
0.0673336349328373656003
0.999999999999997252364
0.826705625799006857172
0.0673336349328373523162
-1.0
1.0
0.0
-1.0
-1.0
0.215353955363794068247
-0.780870607363108206762
-1.0
0.278660447620667875815
-0.429569545561018259515
-1.0
0.315772113218625692838
2.1540111376147901695e-16
-1.0
0.327996462582030042751
0.42956954556101813934
-1.0
0.315772113218625601344
0.780870607363107731881
-1.0
0.278660447620667917745
0.999999999999999717013
-1.0
0.215353955363794086888
-1.0
-0.780870607363108206761
0.278660447620667875815
-0.630646434863241186211
-0.68822418859598124079
0.307417996610800436213
-0.220598471414195385165
-0.655731125727412177742
0.316695942865039643789
0.220598471414195198853
-0.655731125727412211754
0.316695942865039555442
0.630646434863240551357
-0.688224188595981201376
0.307417996610800359769
0.999999999999999654301
-0.780870607363108085132
0.278660447620667937452
-1.0
-0.429569545561018259515
0.315772113218625692838
-0.491764158572766058981
-0.354760314840479961732
0.31669594286503963124
-1.92573893470330843175e-16
-0.333333333333333418921
0.316591313306321741203
0.491764158572765682765
-0.35476031484047999215
0.316695942865039561771
0.999999999999999545992
-0.429569545561018170699
0.315772113218625697535
-1.0
2.15401325519715830525e-16
0.327996462582030042751
-0.304161907462087519038
0.0104914405678920452575
0.31669594286503948618
0.304161907462086992999
0.010491440567892032063
0.316695942865039469747
1.0
2.15401325519715830525e-16
0.327996462582030042751
-1.0
0.429569545561018139341
0.315772113218625601344
-6.66335832133014074885e-16
0.376448377191961892152
0.307417996610800261691
0.999999999999998862197
0.429569545561018038513
0.315772113218625586984
-1.0
0.78087060736310773188
0.278660447620667917745
0.999999999999997190495
0.780870607363107528814
0.278660447620667940587
-1.0
0.999999999999999888029
0.215353955363794292866
-1.0
-1.0
0.42063805471367266552
-0.71238694190785434614
-1.0
0.47604555306466666721
-0.259207725073169014172
-1.0
0.503272826975622332451
0.259207725073169088273
-1.0
0.503272826975622177476
0.712386941907854497321
-1.0
0.476045553064666456591
1.00000000000000038326
-1.0
0.420638054713672660797
-1.0
-0.71238694190785434614
0.47604555306466666721
-0.495693292421183558096
-0.597248447202871440604
0.490434217134030584242
-2.14941704266711965804e-16
-0.572654364708525137379
0.489122713617613922501
0.495693292421183594891
-0.597248447202871439899
0.490434217134030584242
1.0
-0.71238694190785434614
0.47604555306466666721
-1.0
-0.259207725073169014172
0.503272826975622332451
-0.295781154396400119722
-0.213672817645737696908
0.489122713617613965191
0.295781154396400030436
-0.213672817645737631463
0.489122713617614007881
1.00000000000000070999
-0.259207725073169083114
0.503272826975622342252
-1.0
0.259207725073169088273
0.503272826975622177476
-8.74985034513692250258e-19
0.194496894405742938219
0.490434217134030584242
1.00000000000000120686
0.259207725073169210238
0.503272826975622197796
-1.0
0.712386941907854497322
0.476045553064666456591
1.0
0.712386941907854497322
0.476045553064666456591
-1.0
1.00000000000000014593
0.42063805471367245799
-1.0
-1.0
0.606253205469845723419
-0.602299447941358818162
-1.0
0.650456648438400441474
-1.2705494208814505086e-21
-0.999999999999999999999
0.665019847518147569411
0.60229944794135969568
-0.999999999999999999999
0.650456648438400906584
1.0
-1.0
0.606253205469845723419
-1.0
-0.602299447941358818161
0.650456648438400441474
-0.288284923209204412669
-0.47508122598700029941
0.644895296790637524807
0.288284923209204542142
-0.475081225987000100421
0.64489529679063763084
1.0
-0.602299447941358818161
0.650456648438400441474
-1.0
-4.23516473627150169534e-22
0.665019847518147569411
-7.10702994393720699495e-18
-0.0498375480259988204125
0.644895296790637746704
1.0
-4.23516473627150169534e-22
0.665019847518147569411
-1.0
0.60229944794135969568
0.650456648438400906584
1.0
0.60229944794135969568
0.650456648438400906584
-1.0
1.0
0.606253205469845723419
-1.0
-1.0
0.763519689951815206405
-0.406304981942942252761
-0.999999999999999999999
0.794040496186584422948
0.40630498194294286873
-0.999999999999999999999
0.794040496186583903787
1.0
-1.0
0.763519689951815206405
-1.0
-0.40630498194294225276
0.794040496186584422948
-6.01015615856077822787e-16
-0.333333333333333691436
0.772654725041563730291
0.999999999999998466766
-0.406304981942941958343
0.794040496186584438437
-0.999999999999999999997
0.40630498194294286873
0.794040496186583903787
0.999999999999996368179
0.406304981942942095281
0.794040496186583907488
-1.0
1.0
0.763519689951815206405
-1.0
-1.0
0.885082044222976238234
-1.86027708392967941996e-14
-1.0
0.900488999591320318182
0.999999999999998067801
-1.0
0.885082044222976183512
-1.0
-1.86027678746814788095e-14
0.900488999591320318182
0.999999999999991074575
-1.9896082153053335894e-14
0.900488999591320252559
-1.0
0.999999999999999502061
0.885082044222976341271
-1.0
-0.999999999999999999991
0.965245926503838584844
0.999999999999999999998
-0.999999999999999999991
0.965245926503838584844
-1.0
0.999999999999999999999
0.965245926503838584845
-1.0
-1.0
1.0
