-1.0
-1.0
-1.0
-0.965245926503838584844
-1.0
-1.0
-0.88508204422297631724
-1.0
-1.0
-0.763519689951815206405
-1.0
-1.0
-0.606253205469845723419
-1.0
-1.0
-0.42063805471367251243
-1.0
-1.0
-0.215353955363794232984
-1.0
-1.0
-7.37224720937885915229e-23
-1.0
-1.0
0.215353955363794232984
-1.0
-1.0
0.42063805471367251243
-1.0
-1.0
0.606253205469845723419
-1.0
-1.0
0.763519689951815206405
-1.0
-1.0
0.88508204422297631724
-1.0
-1.0
0.965245926503838584845
-1.0
-1.0
1.0
-1.0
-1.0
-1.0
-0.965245926503838584844
-1.0
-0.95024449979565934718
-0.950244499795661105014
-1.0
-0.855179061854348720691
-0.93886143433223580012
-1.0
-0.719963440380638362308
-0.930493208057762079166
-1.0
-0.551393623456691703809
-0.924651929607974963401
-1.0
-0.357693796619593255156
-0.920966651001074780705
-1.0
-0.14814655196915171882
-0.919187082963685709574
-1.0
0.0673336349328373227518
-0.919187082963685667281
-1.0
0.278660447620667878949
-0.920966651001074689325
-1.0
0.476045553064666456591
-0.924651929607974972718
-1.0
0.650456648438400906584
-0.930493208057762325018
-1.0
0.794040496186583892
-0.938861434332235760029
-1.0
0.900488999591320318182
-0.950244499795659326847
-1.0
0.965245926503838584844
-0.965245926503838584844
-1.0
-1.0
-0.88508204422297631724
-1.0
-0.938861434332235767633
-0.855179061854348222229
-1.0
-0.832509923759073784705
-0.832509923759073784705
-1.0
-0.68725865323697336901
-0.816014173738648826726
-1.0
-0.510924325416887586386
-0.804847787801738260078
-1.0
-0.31252079446821509653
-0.798396784167464532706
-1.0
-0.101855921971612534713
-0.796288156056775049911
-1.0
0.110917578635679840718
-0.7983967841674646433
-1.0
0.315772113218625582286
-0.804847787801738287566
-1.0
0.503272826975622187994
-0.816014173738648704424
-1.0
0.665019847518147569411
-0.832509923759073784705
-1.0
0.794040496186584434736
-0.855179061854348700413
-1.0
0.885082044222976183511
-0.885082044222976294534
-1.0
-1.0
-0.763519689951815206405
-1.0
-0.930493208057762325019
-0.719963440380638581566
-1.0
-0.81601417373864869377
-0.687258653236973357509
-1.0
-0.663998231291015093751
-0.663998231291014949
-1.0
-0.483212577951446447667
-0.649102311443159541988
-1.0
-0.283386510304705108567
-0.641839098264837400236
-1.0
-0.0747743914304574809105
-0.641839098264837423898
-1.0
0.132314889394606116898
-0.649102311443159638691
-1.0
0.327996462582030042751
-0.663998231291015093751
-1.0
0.503272826975622321933
-0.687258653236973390595
-1.0
0.650456648438400441474
-0.719963440380638362308
-1.0
0.763519689951815206405
-0.763519689951815206405
-1.0
-1.0
-0.606253205469845723419
-1.0
-0.924651929607974972718
-0.551393623456691483873
-1.0
-0.804847787801738294347
-0.510924325416887441566
-1.0
-0.649102311443159638691
-0.483212577951446478207
-1.0
-0.467068303905303950442
-0.467068303905304037919
-1.0
-0.269116087029766550741
-0.461767825940466930521
-1.0
-0.0658633921893921689356
-0.467068303905303942171
-1.0
0.132314889394605989655
-0.483212577951446447667
-1.0
0.315772113218625711895
-0.510924325416887560076
-1.0
0.47604555306466666721
-0.551393623456691703809
-1.0
0.606253205469845723419
-0.606253205469845723419
-1.0
-1.0
-0.42063805471367251243
-1.0
-0.920966651001074691424
-0.357693796619593347573
-1.0
-0.7983967841674646433
-0.312520794468215197418
-1.0
-0.641839098264837423898
-0.283386510304705095191
-1.0
-0.461767825940466930521
-0.269116087029766518738
-1.0
-0.269116087029766518738
-0.269116087029766550741
-1.0
-0.074774391430457491197
-0.283386510304705108567
-1.0
0.110917578635679629236
-0.31252079446821509653
-1.0
0.27866044762066791461
-0.357693796619593213403
-1.0
0.420638054713672660797
-0.420638054713672549775
-1.0
-1.0
-0.215353955363794232984
-1.0
-0.919187082963685667964
-0.148146551969151821935
-1.0
-0.796288156056775049911
-0.101855921971612581234
-1.0
-0.641839098264837400236
-0.0747743914304574911971
-1.0
-0.467068303905304029649
-0.0658633921893921689356
-1.0
-0.283386510304705095191
-0.0747743914304574809106
-1.0
-0.101855921971612552902
-0.10185592197161250638
-1.0
0.0673336349328373040955
-0.14814655196915167498
-1.0
0.215353955363794086888
-0.21535395536379419791
-1.0
-1.0
-4.32203519139966705109e-23
-1.0
-0.919187082963685708891
0.0673336349328372612469
-1.0
-0.798396784167464532706
0.110917578635679629236
-1.0
-0.649102311443159541988
0.132314889394605989655
-1.0
-0.483212577951446478207
0.132314889394606116898
-1.0
-0.312520794468215197418
0.110917578635679840718
-1.0
-0.148146551969151778095
0.0673336349328373656002
-1.0
-4.3220187005895696012e-23
-4.32203519139966705109e-23
-1.0
-1.0
0.215353955363794232984
-1.0
-0.920966651001074778606
0.278660447620667875815
-1.0
-0.804847787801738253297
0.315772113218625692838
-1.0
-0.663998231291014949001
0.327996462582030042751
-1.0
-0.510924325416887415256
0.315772113218625601343
-1.0
-0.35769379661959330582
0.278660447620667917745
-1.0
-0.215353955363794362647
0.215353955363794251625
-1.0
-1.0
0.42063805471367251243
-1.0
-0.924651929607974963401
0.47604555306466666721
-1.0
-0.81601417373864883738
0.503272826975622332451
-1.0
-0.687258653236973379094
0.503272826975622177476
-1.0
-0.551393623456691483873
0.476045553064666456591
-1.0
-0.420638054713672396685
0.420638054713672507708
-1.0
-1.0
0.606253205469845723419
-1.0
-0.930493208057762079166
0.650456648438400441474
-1.0
-0.832509923759073784706
0.665019847518147569411
-1.0
-0.719963440380638581566
0.650456648438400906584
-1.0
-0.606253205469845723419
0.606253205469845723419
-1.0
-1.0
0.763519689951815206405
-1.0
-0.938861434332235792515
0.794040496186584422948
-1.0
-0.855179061854348201951
0.794040496186583903787
-1.0
-0.763519689951815206405
0.763519689951815206405
-1.0
-1.0
0.88508204422297631724
-1.0
-0.950244499795661084681
0.900488999591320318182
-1.0
-0.88508204422297637354
0.885082044222976262518
-1.0
-1.0
0.965245926503838584845
-1.0
-0.965245926503838584845
0.965245926503838584845
-1.0
-1.0
1.0
-1.0
-1.0
-1.0
-0.965245926503838584845
-0.95024449979565934718
-1.0
-0.950244499795661105014
-0.855179061854348720691
-1.0
-0.938861434332235800119
-0.719963440380638362308
-1.0
-0.930493208057762079166
-0.551393623456691703809
-1.0
-0.924651929607974963401
-0.357693796619593255156
-1.0
-0.920966651001074780705
-0.14814655196915171882
-1.0
-0.919187082963685709574
0.0673336349328373227518
-1.0
-0.919187082963685667281
0.278660447620667878949
-1.0
-0.920966651001074689325
0.476045553064666456591
-1.0
-0.924651929607974972718
0.650456648438400906584
-1.0
-0.930493208057762325018
0.794040496186583892
-1.0
-0.938861434332235760029
0.900488999591320318182
-1.0
-0.950244499795659326847
0.965245926503838584845
-1.0
-0.965245926503838584845
-1.0
-0.950244499795659347181
-0.950244499795661105014
-0.924218241680521290239
-0.924218241680521305753
-0.924218241680521321266
-0.831296422245546232703
-0.906799437272545726155
-0.906799437272545674344
-0.695662627435584213016
-0.897385794849223185523
-0.897385794849223185703
-0.52334831268128929784
-0.892034841964755717902
-0.892034841964755723959
-0.32468202391085196894
-0.88922094785977471733
-0.88922094785977471674
-0.111661781548176498829
-0.888338218451823647985
-0.888338218451823644651
0.103123919630401375587
-0.889220947859774704444
-0.889220947859774703853
0.307417996610800240056
-0.892034841964755679858
-0.892034841964755685915
0.490434217134030584242
-0.897385794849223192876
-0.897385794849223193055
0.644895296790637756537
-0.90679943727254583443
-0.906799437272545782619
0.77265472504156373029
-0.924218241680521253109
-0.924218241680521268623
0.900488999591320252559
-0.950244499795659358384
-0.950244499795661116219
-1.0
-0.855179061854348720691
-0.938861434332235800119
-0.906799437272545844116
-0.831296422245546230639
-0.906799437272545674311
-0.79914165143507329757
-0.799141651435073383915
-0.890839410747467241016
-0.654763549479904445112
-0.779552552653007752012
-0.882379840732127588406
-0.47942955477061379628
-0.768290262586453436701
-0.877849038727256138374
-0.283271626339482091288
-0.763107209812599004908
-0.875840124891833159233
-0.0777810389560858149008
-0.763107209812599046741
-0.875840124891833165363
0.125568856084323325952
-0.768290262586453509998
-0.87784903872725613894
0.316695942865039482502
-0.779552552653007747513
-0.882379840732127566246
0.489122713617613965191
-0.799141651435073297637
-0.890839410747467242184
0.644895296790637514975
-0.831296422245546201858
-0.906799437272545709031
0.794040496186584438436
-0.855179061854348782665
-0.938861434332235766794
-1.0
-0.719963440380638362308
-0.930493208057762079166
-0.897385794849223193055
-0.695662627435584205663
-0.897385794849223185523
-0.779552552653007759296
-0.65476354947990434607
-0.882379840732127588141
-0.629159756502564590646
-0.629159756502564540352
-0.874748694093174422814
-0.452533821448156462101
-0.615244608977846094897
-0.871004258642234449631
-0.259653936849469582522
-0.610824132240226364864
-0.869867994060834505679
-0.0612173109317630819809
-0.615244608977846078102
-0.871004258642234458715
0.133068207098303537512
-0.629159756502564591247
-0.874748694093174425598
0.316695942865039634917
-0.654763549479904419795
-0.882379840732127568218
0.490434217134030584242
-0.695662627435584213016
-0.897385794849223185523
0.650456648438400441474
-0.719963440380638362308
-0.930493208057762079166
-1.0
-0.551393623456691703809
-0.924651929607974963401
-0.892034841964755686145
-0.523348312681289231696
-0.892034841964755723781
-0.768290262586453517458
-0.479429554770613807053
-0.877849038727256138164
-0.615244608977846085595
-0.452533821448156507368
-0.871004258642234449923
-0.439910797070063355369
-0.439910797070063378605
-0.868129317148312876621
-0.252049088711560529718
-0.43991079707006335146
-0.86812931714831287992
-0.0612173109317631298661
-0.45253382144815644624
-0.871004258642234454016
0.1255688560843232173
-0.479429554770613768027
-0.877849038727256131157
0.307417996610800457847
-0.523348312681289216805
-0.892034841964755686405
0.47604555306466666721
-0.551393623456691703809
-0.924651929607974963401
-1.0
-0.357693796619593255156
-0.920966651001074780705
-0.889220947859774705246
-0.324682023910852048909
-0.88922094785977471733
-0.763107209812599049741
-0.283271626339482105125
-0.875840124891833160691
-0.610824132240226369467
-0.259653936849469534469
-0.869867994060834508972
-0.439910797070063377428
-0.252049088711560521735
-0.868129317148312884277
-0.259653936849469539039
-0.259653936849469574626
-0.869867994060834512266
-0.0777810389560858858942
-0.28327162633948206371
-0.875840124891833157655
0.103123919630401261795
-0.324682023910851930148
-0.889220947859774702222
0.278660447620667937452
-0.357693796619593306983
-0.920966651001074741491
-1.0
-0.14814655196915171882
-0.919187082963685709574
-0.888338218451823646318
-0.111661781548176521552
-0.888338218451823646318
-0.763107209812598998591
-0.077781038956085875568
-0.875840124891833169181
-0.615244608977846091179
-0.0612173109317631073693
-0.871004258642234466349
-0.452533821448156510308
-0.0612173109317630647503
-0.871004258642234464907
-0.283271626339482103009
-0.0777810389560857959205
-0.875840124891833164536
-0.111661781548176478578
-0.111661781548176433132
-0.88833821845182361907
0.0673336349328372908115
-0.148146551969151730657
-0.919187082963685671177
-1.0
0.0673336349328373227516
-0.919187082963685667281
-0.889220947859774715938
0.103123919630401307112
-0.889220947859774703854
-0.768290262586453418742
0.125568856084323223356
-0.877849038727256139418
-0.629159756502564521268
0.133068207098303521213
-0.874748694093174428383
-0.479429554770613794555
0.12556885608432332633
-0.877849038727256134156
-0.324682023910852090086
0.103123919630401398745
-0.889220947859774690728
-0.148146551969151833772
0.0673336349328373523161
-0.919187082963685629567
-1.0
0.278660447620667878949
-0.920966651001074689325
-0.892034841964755717672
0.307417996610800338134
-0.892034841964755680036
-0.77955255265300773971
0.316695942865039561977
-0.882379840732127554422
-0.654763549479904268813
0.31669594286503947363
-0.882379840732127550835
-0.523348312681289084517
0.307417996610800261691
-0.892034841964755654471
-0.357693796619593399399
0.278660447620667940587
-0.92096665100107465221
-1.0
0.476045553064666456591
-0.924651929607974972718
-0.897385794849223185523
0.490434217134030584242
-0.897385794849223193055
-0.799141651435073425438
0.489122713617614007881
-0.890839410747467243351
-0.695662627435584198311
0.490434217134030584242
-0.897385794849223192876
-0.551393623456691483873
0.476045553064666456591
-0.924651929607974972718
-1.0
0.650456648438400906584
-0.930493208057762325018
-0.906799437272545664658
0.644895296790637640672
-0.906799437272545834462
-0.83129642224554619773
0.644895296790637746704
-0.90679943727254582696
-0.719963440380638581566
0.650456648438400906584
-0.930493208057762325018
-1.0
0.794040496186583892
-0.938861434332235760029
-0.924218241680521284137
0.77265472504156373029
-0.924218241680521253109
-0.855179061854348284203
0.794040496186583907488
-0.938861434332235734307
-1.0
0.900488999591320318182
-0.950244499795659326847
-0.950244499795661116219
0.900488999591320252559
-0.950244499795659358384
-1.0
0.965245926503838584844
-0.965245926503838584844
-1.0
-1.0
-0.885082044222976396247
-0.938861434332235767633
-1.0
-0.855179061854348222229
-0.832509923759073784705
-1.0
-0.832509923759073784705
-0.68725865323697336901
-1.0
-0.816014173738648826725
-0.510924325416887586386
-1.0
-0.804847787801738260079
-0.31252079446821509653
-1.0
-0.798396784167464532706
-0.101855921971612534712
-1.0
-0.796288156056775049911
0.110917578635679840718
-1.0
-0.7983967841674646433
0.315772113218625582286
-1.0
-0.804847787801738287565
0.503272826975622187994
-1.0
-0.816014173738648704424
0.665019847518147569411
-1.0
-0.832509923759073784705
0.794040496186584434736
-1.0
-0.855179061854348700413
0.885082044222976262518
-1.0
-0.88508204422297637354
-1.0
-0.938861434332235767633
-0.855179061854348222229
-0.906799437272545844084
-0.906799437272545792273
-0.831296422245546228574
-0.799141651435073297637
-0.890839410747467242184
-0.799141651435073425371
-0.654763549479904445172
-0.882379840732127576317
-0.779552552653007751493
-0.479429554770613795236
-0.877849038727256138642
-0.768290262586453426202
-0.28327162633948208879
-0.87584012489183316451
-0.763107209812599001591
-0.0777810389560858154389
-0.875840124891833170639
-0.763107209812599043424
0.125568856084323314675
-0.877849038727256139207
-0.768290262586453499499
0.316695942865039469953
-0.882379840732127554157
-0.779552552653007746993
0.489122713617614007881
-0.890839410747467243351
-0.799141651435073339092
0.64489529679063763084
-0.906799437272545826993
-0.831296422245546199794
0.794040496186583907488
-0.938861434332235734307
-0.855179061854348284203
-1.0
-0.832509923759073784705
-0.832509923759073784705
-0.890839410747467243352
-0.799141651435073339092
-0.799141651435073425438
-0.772197104435440626089
-0.772197104435440626089
-0.772197104435440626089
-0.622774942472435737652
-0.755757262516895799059
-0.755757262516895776646
-0.447407675539749779929
-0.746970952638559350848
-0.746970952638559345498
-0.255793542967704237561
-0.744206457032295768981
-0.744206457032295774182
-0.0586504191831315585065
-0.746970952638559381142
-0.746970952638559375791
0.134289467506227323921
-0.755757262516895841201
-0.755757262516895818788
0.316591313306321741203
-0.772197104435440609647
-0.772197104435440609647
0.489122713617613922501
-0.79914165143507329757
-0.799141651435073383915
0.665019847518147569411
-0.832509923759073784705
-0.832509923759073784705
-1.0
-0.68725865323697336901
-0.816014173738648826725
-0.882379840732127559199
-0.654763549479904393232
-0.779552552653007751287
-0.755757262516895841846
-0.622774942472435700792
-0.755757262516895776001
-0.602881448824722888902
-0.602881448824722906103
-0.742107076869915132451
-0.42860980905977260219
-0.593524468379102213585
-0.735893586731928426846
-0.241972135829196766236
-0.593524468379102195574
-0.735893586731928430581
-0.0521300254806390489984
-0.602881448824722889934
-0.742107076869915148922
0.134289467506227313357
-0.622774942472435737652
-0.755757262516895799059
0.316695942865039643584
-0.654763549479904415881
-0.779552552653007728621
0.503272826975622342252
-0.687258653236973373097
-0.816014173738648858133
-1.0
-0.510924325416887586386
-0.804847787801738260079
-0.877849038727256141852
-0.479429554770613810992
-0.768290262586453424947
-0.746970952638559388405
-0.447407675539749804235
-0.746970952638559342593
-0.593524468379102196962
-0.428609809059772609511
-0.735893586731928423717
-0.422514418832430686455
-0.422514418832430693337
-0.732456743502708078283
-0.241972135829196749657
-0.428609809059772603931
-0.735893586731928421727
-0.0586504191831316663105
-0.447407675539749760117
-0.746970952638559338742
0.125568856084323226745
-0.479429554770613767032
-0.768290262586453415008
0.315772113218625697535
-0.510924325416887584306
-0.804847787801738224252
-1.0
-0.31252079446821509653
-0.798396784167464532706
-0.875840124891833169933
-0.283271626339482114251
-0.763107209812599000552
-0.744206457032295771581
-0.255793542967704228419
-0.744206457032295771581
-0.593524468379102223298
-0.241972135829196746084
-0.735893586731928428591
-0.428609809059772609349
-0.241972135829196758514
-0.735893586731928425462
-0.255793542967704219276
-0.255793542967704237561
-0.744206457032295768981
-0.0777810389560858857377
-0.283271626339482065448
-0.763107209812598984919
0.110917578635679629236
-0.31252079446821509653
-0.798396784167464532706
-1.0
-0.101855921971612534713
-0.796288156056775049911
-0.87584012489183315994
-0.0777810389560858447453
-0.76310720981259904778
-0.746970952638559338234
-0.0586504191831316174647
-0.746970952638559384047
-0.602881448824722913178
-0.0521300254806390254531
-0.742107076869915165392
-0.447407675539749808729
-0.058650419183131548394
-0.746970952638559373394
-0.283271626339482104747
-0.077781038956085795764
-0.763107209812599028713
-0.10185592197161257147
-0.101855921971612524949
-0.796288156056775014603
-1.0
0.110917578635679840718
-0.7983967841674646433
-0.87784903872725613573
0.12556885608432330824
-0.768290262586453511253
-0.755757262516895776001
0.134289467506227318639
-0.755757262516895841846
-0.622774942472435663932
0.134289467506227323921
-0.755757262516895841201
-0.479429554770613793561
0.125568856084323335776
-0.768290262586453494511
-0.312520794468215197418
0.110917578635679840718
-0.7983967841674646433
-1.0
0.315772113218625582286
-0.804847787801738287565
-0.882379840732127583364
0.316695942865039551765
-0.779552552653007747718
-0.772197104435440609647
0.316591313306321741203
-0.772197104435440609647
-0.6547635494799042649
0.316695942865039482297
-0.779552552653007735699
-0.510924325416887439486
0.315772113218625586984
-0.80484778780173825852
-1.0
0.503272826975622187994
-0.816014173738648704424
-0.890839410747467241016
0.489122713617613922501
-0.79914165143507329757
-0.799141651435073425371
0.489122713617613965191
-0.799141651435073297637
-0.687258653236973361596
0.503272826975622197796
-0.816014173738648725177
-1.0
0.665019847518147569411
-0.832509923759073784705
-0.906799437272545657221
0.644895296790637514975
-0.831296422245546201858
-0.832509923759073784705
0.665019847518147569411
-0.832509923759073784705
-1.0
0.794040496186584434736
-0.855179061854348700413
-0.938861434332235766794
0.794040496186584438436
-0.855179061854348782665
-1.0
0.885082044222976262264
-0.885082044222976290876
-1.0
-1.0
-0.763519689951815206405
-0.930493208057762325019
-1.0
-0.719963440380638581566
-0.81601417373864869377
-1.0
-0.687258653236973357509
-0.663998231291015093751
-1.0
-0.663998231291014949001
-0.483212577951446447667
-1.0
-0.649102311443159541988
-0.283386510304705108567
-1.0
-0.641839098264837400236
-0.0747743914304574809105
-1.0
-0.641839098264837423898
0.132314889394606116898
-1.0
-0.649102311443159638691
0.327996462582030042751
-1.0
-0.663998231291015093751
0.503272826975622321933
-1.0
-0.687258653236973390595
0.650456648438400441474
-1.0
-0.719963440380638362308
0.763519689951815206405
-1.0
-0.763519689951815206405
-1.0
-0.930493208057762325018
-0.719963440380638581566
-0.897385794849223192876
-0.897385794849223193055
-0.695662627435584198311
-0.77955255265300775909
-0.882379840732127571024
-0.65476354947990429413
-0.629159756502564591247
-0.874748694093174425598
-0.629159756502564520668
-0.452533821448156461268
-0.871004258642234457558
-0.615244608977846098671
-0.259653936849469574626
-0.869867994060834512266
-0.610824132240226374069
-0.061217310931763071113
-0.871004258642234466641
-0.615244608977846081876
0.133068207098303521213
-0.874748694093174428383
-0.629159756502564571562
0.316695942865039565654
-0.8823798407321275511
-0.654763549479904367855
0.490434217134030584242
-0.897385794849223193055
-0.695662627435584205663
0.650456648438400906584
-0.930493208057762325018
-0.719963440380638581566
-1.0
-0.81601417373864869377
-0.687258653236973357509
-0.882379840732127558934
-0.77955255265300775857
-0.65476354947990429419
-0.755757262516895841201
-0.755757262516895818788
-0.622774942472435663932
-0.602881448824722889934
-0.742107076869915148922
-0.602881448824722912146
-0.428609809059772603931
-0.735893586731928421727
-0.593524468379102224686
-0.241972135829196758514
-0.735893586731928425462
-0.593524468379102206675
-0.0521300254806390254531
-0.742107076869915165392
-0.602881448824722895977
0.134289467506227318639
-0.755757262516895841846
-0.622774942472435700792
0.316695942865039551559
-0.779552552653007735904
-0.654763549479904316839
0.503272826975622197796
-0.816014173738648725177
-0.687258653236973361596
-1.0
-0.663998231291015093751
-0.663998231291014949001
-0.874748694093174428383
-0.629159756502564571562
-0.629159756502564521268
-0.742107076869915165392
-0.602881448824722895977
-0.602881448824722913178
-0.588019196884765233267
-0.588019196884765252117
-0.588019196884765270967
-0.416744487861972420704
-0.583255512138027581463
-0.583255512138027590698
-0.235942409345704101332
-0.588019196884765240748
-0.588019196884765259597
-0.0521300254806390725436
-0.602881448824722888902
-0.602881448824722906103
0.133068207098303553812
-0.629159756502564590646
-0.629159756502564540352
0.327996462582030042751
-0.663998231291015093751
-0.663998231291014949001
-1.0
-0.483212577951446447667
-0.649102311443159541988
-0.871004258642234468155
-0.45253382144815648007
-0.615244608977846098131
-0.735893586731928428591
-0.428609809059772602028
-0.593524468379102223298
-0.58325551213802758608
-0.41674448786197241392
-0.58325551213802758608
-0.416744487861972407135
-0.416744487861972420704
-0.583255512138027581463
-0.241972135829196757379
-0.42860980905977260219
-0.593524468379102213585
-0.0612173109317631370498
-0.452533821448156439181
-0.615244608977846073157
0.132314889394605989655
-0.483212577951446447667
-0.649102311443159541988
-1.0
-0.283386510304705108567
-0.641839098264837400236
-0.869867994060834508972
-0.259653936849469587092
-0.610824132240226369466
-0.735893586731928423717
-0.241972135829196769809
-0.593524468379102196962
-0.588019196884765278447
-0.235942409345704101332
-0.588019196884765240748
-0.428609809059772607609
-0.241972135829196766236
-0.593524468379102195574
-0.259653936849469546935
-0.259653936849469582522
-0.610824132240226364864
-0.074774391430457491197
-0.283386510304705108567
-0.641839098264837400236
-1.0
-0.0747743914304574809105
-0.641839098264837423898
-0.871004258642234448117
-0.0612173109317631108402
-0.615244608977846078642
-0.742107076869915132451
-0.0521300254806390725436
-0.602881448824722888902
-0.602881448824722912146
-0.0521300254806390489983
-0.602881448824722889934
-0.452533821448156503249
-0.0612173109317630719341
-0.615244608977846063314
-0.283386510304705095191
-0.0747743914304574809105
-0.641839098264837423898
-1.0
0.132314889394606116898
-0.649102311443159638691
-0.874748694093174422814
0.133068207098303553812
-0.629159756502564590646
-0.755757262516895776647
0.134289467506227313357
-0.622774942472435737652
-0.629159756502564520668
0.133068207098303537513
-0.629159756502564591246
-0.483212577951446478207
0.132314889394606116898
-0.649102311443159638691
-1.0
0.327996462582030042751
-0.663998231291015093751
-0.882379840732127580307
0.316695942865039647466
-0.654763549479904419735
-0.779552552653007728101
0.316695942865039631034
-0.654763549479904415941
-0.663998231291014949001
0.327996462582030042751
-0.663998231291015093751
-1.0
0.503272826975622321933
-0.687258653236973390595
-0.897385794849223185703
0.490434217134030584242
-0.695662627435584213016
-0.816014173738648858133
0.503272826975622342252
-0.687258653236973373097
-1.0
0.650456648438400441474
-0.719963440380638362308
-0.930493208057762079166
0.650456648438400441474
-0.719963440380638362308
-1.0
0.763519689951815206405
-0.763519689951815206405
-1.0
-1.0
-0.606253205469845723419
-0.924651929607974972718
-1.0
-0.551393623456691483873
-0.804847787801738294347
-1.0
-0.510924325416887441566
-0.649102311443159638691
-1.0
-0.483212577951446478207
-0.467068303905303950442
-1.0
-0.467068303905304037919
-0.269116087029766550741
-1.0
-0.461767825940466930521
-0.0658633921893921689356
-1.0
-0.467068303905303942171
0.132314889394605989655
-1.0
-0.483212577951446447667
0.315772113218625711895
-1.0
-0.510924325416887560076
0.47604555306466666721
-1.0
-0.551393623456691703809
0.606253205469845723419
-1.0
-0.606253205469845723419
-1.0
-0.924651929607974972718
-0.551393623456691483873
-0.892034841964755685968
-0.892034841964755692025
-0.523348312681289165551
-0.768290262586453516204
-0.877849038727256141373
-0.479429554770613822809
-0.615244608977846085054
-0.871004258642234460521
-0.452533821448156526169
-0.439910797070063356263
-0.868129317148312880977
-0.439910797070063381337
-0.252049088711560521735
-0.868129317148312884277
-0.439910797070063354192
-0.0612173109317631010067
-0.871004258642234464614
-0.452533821448156465042
0.125568856084323235011
-0.877849038727256134366
-0.479429554770613783783
0.307417996610800359769
-0.892034841964755654648
-0.523348312681289150661
0.476045553064666456591
-0.924651929607974972718
-0.551393623456691483873
-1.0
-0.804847787801738294347
-0.510924325416887441566
-0.877849038727256141641
-0.768290262586453505704
-0.479429554770613821765
-0.7469709526385593855
-0.74697095263855938015
-0.447407675539749828541
-0.593524468379102195575
-0.735893586731928430581
-0.428609809059772607609
-0.422514418832430693337
-0.732456743502708078283
-0.422514418832430679573
-0.241972135829196746084
-0.735893586731928428591
-0.428609809059772602028
-0.0586504191831316073522
-0.746970952638559376299
-0.447407675539749784423
0.125568856084323318065
-0.768290262586453495766
-0.479429554770613777805
0.315772113218625586984
-0.80484778780173825852
-0.510924325416887439486
-1.0
-0.649102311443159638691
-0.483212577951446478207
-0.871004258642234468448
-0.615244608977846088828
-0.452533821448156525336
-0.735893586731928425462
-0.593524468379102206675
-0.428609809059772609349
-0.583255512138027581463
-0.583255512138027590698
-0.416744487861972407135
-0.41674448786197241392
-0.58325551213802758608
-0.41674448786197241392
-0.241972135829196769809
-0.593524468379102196962
-0.428609809059772609511
-0.0612173109317631007934
-0.615244608977846063855
-0.452533821448156484447
0.132314889394606116898
-0.649102311443159638691
-0.483212577951446478207
-1.0
-0.467068303905303950442
-0.467068303905304037919
-0.868129317148312885334
-0.439910797070063358995
-0.439910797070063382231
-0.732456743502708078283
-0.422514418832430679573
-0.422514418832430686455
-0.583255512138027590698
-0.416744487861972407135
-0.416744487861972420704
-0.422514418832430670578
-0.42251441883243067746
-0.422514418832430684341
-0.252049088711560526326
-0.439910797070063337429
-0.439910797070063360665
-0.0658633921893921673903
-0.467068303905303928077
-0.467068303905304015555
-1.0
-0.269116087029766550741
-0.461767825940466930521
-0.868129317148312875564
-0.252049088711560537701
-0.439910797070063350566
-0.735893586731928426846
-0.241972135829196757379
-0.42860980905977260219
-0.593524468379102224686
-0.241972135829196749657
-0.428609809059772603931
-0.439910797070063363398
-0.252049088711560518343
-0.439910797070063338323
-0.269116087029766518738
-0.269116087029766550741
-0.461767825940466930521
-1.0
-0.0658633921893921689356
-0.467068303905303942171
-0.87100425864223444609
-0.0612173109317631407341
-0.452533821448156447073
-0.746970952638559333392
-0.0586504191831316663105
-0.447407675539749760117
-0.615244608977846076932
-0.0612173109317631261819
-0.452533821448156438348
-0.467068303905304015555
-0.0658633921893921673903
-0.467068303905303928077
-1.0
0.132314889394605989655
-0.483212577951446447667
-0.877849038727256130889
0.125568856084323228576
-0.479429554770613769071
-0.768290262586453404509
0.125568856084323215469
-0.479429554770613765988
-0.649102311443159541988
0.132314889394605989655
-0.483212577951446447667
-1.0
0.315772113218625711895
-0.510924325416887560076
-0.892034841964755692462
0.307417996610800457847
-0.523348312681289216805
-0.804847787801738224252
0.315772113218625697535
-0.510924325416887584306
-1.0
0.47604555306466666721
-0.551393623456691703809
-0.924651929607974963401
0.47604555306466666721
-0.551393623456691703809
-1.0
0.606253205469845723419
-0.606253205469845723419
-1.0
-1.0
-0.420638054713672359341
-0.920966651001074691424
-1.0
-0.357693796619593347573
-0.7983967841674646433
-1.0
-0.312520794468215197418
-0.641839098264837423898
-1.0
-0.283386510304705095191
-0.461767825940466930521
-1.0
-0.269116087029766518738
-0.269116087029766518738
-1.0
-0.269116087029766550741
-0.074774391430457491197
-1.0
-0.283386510304705108567
0.110917578635679629236
-1.0
-0.31252079446821509653
0.27866044762066791461
-1.0
-0.357693796619593213404
0.420638054713672507708
-1.0
-0.420638054713672396685
-1.0
-0.920966651001074691424
-0.357693796619593347573
-0.889220947859774705836
-0.889220947859774705246
-0.324682023910852128877
-0.763107209812599048702
-0.875840124891833166114
-0.283271626339482130586
-0.610824132240226364864
-0.869867994060834505679
-0.259653936849469546935
-0.439910797070063373802
-0.868129317148312875564
-0.2520490887115605377
-0.259653936849469534469
-0.869867994060834508972
-0.259653936849469587092
-0.0777810389560858560498
-0.875840124891833163078
-0.283271626339482089171
0.10312391963040133027
-0.889220947859774690138
-0.324682023910852010117
0.278660447620667940587
-0.92096665100107465221
-0.357693796619593399399
-1.0
-0.7983967841674646433
-0.312520794468215197418
-0.875840124891833171391
-0.763107209812599045385
-0.283271626339482128088
-0.744206457032295768981
-0.744206457032295774182
-0.255793542967704219276
-0.593524468379102213585
-0.735893586731928426846
-0.241972135829196757379
-0.428609809059772609512
-0.735893586731928423717
-0.241972135829196769809
-0.255793542967704228419
-0.744206457032295771581
-0.255793542967704228419
-0.0777810389560858256085
-0.763107209812599029753
-0.283271626339482079286
0.110917578635679840718
-0.7983967841674646433
-0.312520794468215197418
-1.0
-0.641839098264837423898
-0.283386510304705095191
-0.869867994060834512266
-0.610824132240226374069
-0.259653936849469539039
-0.735893586731928421727
-0.593524468379102224686
-0.241972135829196749657
-0.588019196884765259598
-0.588019196884765278447
-0.235942409345704101332
-0.428609809059772602028
-0.593524468379102223298
-0.241972135829196746084
-0.259653936849469587092
-0.610824132240226369466
-0.259653936849469534469
-0.0747743914304574809105
-0.641839098264837423898
-0.283386510304705095191
-1.0
-0.461767825940466930521
-0.269116087029766518738
-0.86812931714831287992
-0.439910797070063376535
-0.252049088711560529718
-0.735893586731928430581
-0.428609809059772607609
-0.241972135829196766236
-0.593524468379102206675
-0.428609809059772609349
-0.241972135829196758514
-0.439910797070063341055
-0.439910797070063364291
-0.252049088711560510361
-0.269116087029766550741
-0.461767825940466930521
-0.269116087029766518738
-1.0
-0.269116087029766518738
-0.269116087029766550741
-0.869867994060834505679
-0.259653936849469546935
-0.259653936849469582522
-0.744206457032295774182
-0.255793542967704219276
-0.255793542967704237561
-0.610824132240226374069
-0.259653936849469539039
-0.259653936849469574626
-0.461767825940466930521
-0.269116087029766518738
-0.269116087029766550741
-1.0
-0.0747743914304574911971
-0.283386510304705108567
-0.875840124891833152378
-0.0777810389560858853561
-0.283271626339482066208
-0.763107209812598981602
-0.0777810389560858862757
-0.283271626339482062951
-0.641839098264837400236
-0.0747743914304574911971
-0.283386510304705108567
-1.0
0.110917578635679629236
-0.31252079446821509653
-0.889220947859774701632
0.103123919630401261795
-0.324682023910851930148
-0.798396784167464532706
0.110917578635679629236
-0.31252079446821509653
-1.0
0.27866044762066791461
-0.357693796619593213404
-0.920966651001074741492
0.278660447620667937452
-0.357693796619593306983
-1.0
0.420638054713672611079
-0.420638054713672568805
-1.0
-1.0
-0.21535395536379439772
-0.919187082963685667964
-1.0
-0.148146551969151821935
-0.796288156056775049911
-1.0
-0.101855921971612581234
-0.641839098264837400236
-1.0
-0.0747743914304574911969
-0.467068303905304029649
-1.0
-0.0658633921893921689354
-0.283386510304705095191
-1.0
-0.0747743914304574809104
-0.101855921971612552902
-1.0
-0.10185592197161250638
0.0673336349328373040955
-1.0
-0.14814655196915167498
0.215353955363794251625
-1.0
-0.215353955363794362647
-1.0
-0.919187082963685667964
-0.148146551969151821935
-0.888338218451823647985
-0.888338218451823644651
-0.111661781548176544275
-0.763107209812599002947
-0.875840124891833158482
-0.0777810389560859048744
-0.615244608977846087945
-0.871004258642234447824
-0.0612173109317631470966
-0.452533821448156492339
-0.871004258642234446382
-0.0612173109317631044776
-0.283271626339482080045
-0.875840124891833153837
-0.0777810389560858252269
-0.111661781548176455855
-0.888338218451823617404
-0.111661781548176455855
0.0673336349328373523162
-0.919187082963685629567
-0.148146551969151833772
-1.0
-0.796288156056775049911
-0.101855921971612581234
-0.875840124891833163759
-0.76310720981259899963
-0.0777810389560859054125
-0.74697095263855934649
-0.746970952638559341139
-0.0586504191831316764229
-0.602881448824722906103
-0.742107076869915132451
-0.0521300254806390725435
-0.447407675539749784423
-0.746970952638559330487
-0.0586504191831316073521
-0.283271626339482088412
-0.763107209812598980563
-0.0777810389560858564311
-0.101855921971612524949
-0.796288156056775014603
-0.10185592197161257147
-1.0
-0.641839098264837400236
-0.0747743914304574911969
-0.871004258642234455751
-0.615244608977846091719
-0.0612173109317631362286
-0.742107076869915148922
-0.602881448824722912146
-0.0521300254806390489982
-0.602881448824722895977
-0.602881448824722913178
-0.052130025480639025453
-0.45253382144815645715
-0.615244608977846076391
-0.0612173109317630973224
-0.283386510304705108567
-0.641839098264837400236
-0.0747743914304574911969
-1.0
-0.467068303905304029649
-0.0658633921893921689354
-0.87100425864223445698
-0.452533821448156511141
-0.0612173109317630756181
-0.746970952638559368044
-0.447407675539749808729
-0.0586504191831315483938
-0.615244608977846067089
-0.452533821448156502416
-0.061217310931763061066
-0.467068303905303928077
-0.467068303905304015555
-0.0658633921893921673902
-1.0
-0.283386510304705095191
-0.0747743914304574809104
-0.875840124891833159259
-0.283271626339482105506
-0.0777810389560857953823
-0.763107209812599025396
-0.283271626339482102249
-0.077781038956085796302
-0.641839098264837423898
-0.283386510304705095191
-0.0747743914304574809104
-1.0
-0.101855921971612552902
-0.10185592197161250638
-0.888338218451823615737
-0.111661781548176478578
-0.111661781548176433132
-0.796288156056775014603
-0.10185592197161257147
-0.101855921971612524949
-1.0
0.0673336349328373040955
-0.14814655196915167498
-0.919187082963685671177
0.0673336349328372908114
-0.148146551969151730657
-1.0
0.215353955363794128129
-0.215353955363794172058
-1.0
-1.0
0.0
-0.919187082963685708891
-1.0
0.0673336349328372612469
-0.798396784167464532706
-1.0
0.110917578635679629236
-0.649102311443159541988
-1.0
0.132314889394605989655
-0.483212577951446478207
-1.0
0.132314889394606116898
-0.312520794468215197418
-1.0
0.110917578635679840718
-0.148146551969151778095
-1.0
0.0673336349328373656003
0.0
-1.0
0.0
-1.0
-0.919187082963685708891
0.0673336349328372612469
-0.889220947859774715938
-0.889220947859774715348
0.103123919630401238637
-0.768290262586453430496
-0.877849038727256135941
0.125568856084323216921
-0.629159756502564540352
-0.874748694093174422814
0.133068207098303553812
-0.479429554770613779844
-0.877849038727256130678
0.125568856084323319895
-0.324682023910852010117
-0.889220947859774702222
0.10312391963040133027
-0.148146551969151730657
-0.919187082963685671176
0.0673336349328372908114
-1.0
-0.798396784167464532706
0.110917578635679629236
-0.877849038727256136209
-0.768290262586453419996
0.125568856084323205645
-0.755757262516895799059
-0.755757262516895776647
0.134289467506227313357
-0.622774942472435700792
-0.755757262516895776001
0.134289467506227318639
-0.479429554770613781744
-0.768290262586453403254
0.12556885608432323318
-0.31252079446821509653
-0.798396784167464532706
0.110917578635679629236
-1.0
-0.649102311443159541988
0.132314889394605989655
-0.874748694093174425598
-0.629159756502564520668
0.133068207098303537513
-0.755757262516895818788
-0.622774942472435663932
0.134289467506227323921
-0.629159756502564571562
-0.629159756502564521268
0.133068207098303521213
-0.483212577951446447667
-0.649102311443159541988
0.132314889394605989655
-1.0
-0.483212577951446478207
0.132314889394606116898
-0.877849038727256133888
-0.4794295547706137956
0.125568856084323337606
-0.768290262586453484011
-0.479429554770613792517
0.125568856084323324499
-0.649102311443159638691
-0.483212577951446478207
0.132314889394606116898
-1.0
-0.312520794468215197418
0.110917578635679840718
-0.889220947859774690138
-0.324682023910852090086
0.103123919630401398745
-0.7983967841674646433
-0.312520794468215197418
0.110917578635679840718
-1.0
-0.148146551969151778095
0.0673336349328373656003
-0.919187082963685629566
-0.148146551969151833772
0.0673336349328373523162
-1.0
0.0
0.0
-1.0
-1.0
0.215353955363794068247
-0.920966651001074778606
-1.0
0.278660447620667875815
-0.804847787801738253297
-1.0
0.315772113218625692838
-0.663998231291014949001
-1.0
0.327996462582030042751
-0.510924325416887415256
-1.0
0.315772113218625601344
-0.35769379661959330582
-1.0
0.278660447620667917745
-0.21535395536379419791
-1.0
0.215353955363794086888
-1.0
-0.920966651001074778606
0.278660447620667875815
-0.892034841964755711792
-0.892034841964755717849
0.307417996610800436213
-0.779552552653007740435
-0.882379840732127583629
0.316695942865039643789
-0.654763549479904320693
-0.882379840732127580042
0.316695942865039555442
-0.523348312681289150661
-0.892034841964755692284
0.307417996610800359769
-0.357693796619593306983
-0.920966651001074741492
0.278660447620667937452
-1.0
-0.804847787801738253297
0.315772113218625692838
-0.88237984073212757154
-0.779552552653007739915
0.31669594286503963124
-0.772197104435440609647
-0.772197104435440609647
0.316591313306321741203
-0.654763549479904364002
-0.779552552653007727896
0.316695942865039561771
-0.510924325416887584306
-0.804847787801738224252
0.315772113218625697535
-1.0
-0.663998231291014949001
0.327996462582030042751
-0.882379840732127562924
-0.654763549479904268754
0.31669594286503948618
-0.779552552653007735179
-0.654763549479904264959
0.316695942865039469747
-0.663998231291015093751
-0.663998231291014949001
0.327996462582030042751
-1.0
-0.510924325416887415256
0.315772113218625601344
-0.892034841964755660528
-0.523348312681289084517
0.307417996610800261691
-0.80484778780173825852
-0.510924325416887439486
0.315772113218625586984
-1.0
-0.35769379661959330582
0.278660447620667917745
-0.92096665100107465221
-0.357693796619593399399
0.278660447620667940587
-1.0
-0.215353955363794336795
0.215353955363794292866
-1.0
-1.0
0.42063805471367266552
-0.924651929607974963401
-1.0
0.47604555306466666721
-0.81601417373864883738
-1.0
0.503272826975622332451
-0.687258653236973379094
-1.0
0.503272826975622177476
-0.551393623456691483873
-1.0
0.476045553064666456591
-0.420638054713672549775
-1.0
0.420638054713672660797
-1.0
-0.924651929607974963401
0.47604555306466666721
-0.897385794849223185523
-0.897385794849223185703
0.490434217134030584242
-0.799141651435073383915
-0.890839410747467241016
0.489122713617613922501
-0.695662627435584205664
-0.897385794849223185523
0.490434217134030584242
-0.551393623456691703809
-0.924651929607974963401
0.47604555306466666721
-1.0
-0.81601417373864883738
0.503272826975622332451
-0.890839410747467242184
-0.799141651435073425371
0.489122713617613965191
-0.799141651435073339092
-0.799141651435073425438
0.489122713617614007881
-0.687258653236973373097
-0.816014173738648858133
0.503272826975622342252
-1.0
-0.687258653236973379094
0.503272826975622177476
-0.897385794849223193055
-0.695662627435584198311
0.490434217134030584242
-0.816014173738648725178
-0.687258653236973361596
0.503272826975622197796
-1.0
-0.551393623456691483873
0.476045553064666456591
-0.924651929607974972718
-0.551393623456691483873
0.476045553064666456591
-1.0
-0.420638054713672415716
0.42063805471367245799
-1.0
-1.0
0.606253205469845723419
-0.930493208057762079166
-1.0
0.650456648438400441474
-0.832509923759073784706
-1.0
0.665019847518147569411
-0.719963440380638581566
-1.0
0.650456648438400906584
-0.606253205469845723419
-1.0
0.606253205469845723419
-1.0
-0.930493208057762079166
0.650456648438400441474
-0.906799437272545716501
-0.90679943727254566469
0.644895296790637524807
-0.831296422245546199794
-0.906799437272545657188
0.64489529679063763084
-0.719963440380638362308
-0.930493208057762079166
0.650456648438400441474
-1.0
-0.832509923759073784705
0.665019847518147569411
-0.90679943727254577515
-0.831296422245546197729
0.644895296790637746704
-0.832509923759073784705
-0.832509923759073784705
0.665019847518147569411
-1.0
-0.719963440380638581566
0.650456648438400906584
-0.930493208057762325019
-0.719963440380638581566
0.650456648438400906584
-1.0
-0.606253205469845723419
0.606253205469845723419
-1.0
-1.0
0.763519689951815206405
-0.938861434332235792515
-1.0
0.794040496186584422948
-0.855179061854348201951
-1.0
0.794040496186583903787
-0.763519689951815206405
-1.0
0.763519689951815206405
-1.0
-0.938861434332235792515
0.794040496186584422948
-0.924218241680521268623
-0.924218241680521284137
0.772654725041563730291
-0.855179061854348782665
-0.938861434332235766794
0.794040496186584438437
-1.0
-0.855179061854348201951
0.794040496186583903787
-0.938861434332235734307
-0.855179061854348284203
0.794040496186583907488
-1.0
-0.763519689951815206405
0.763519689951815206405
-1.0
-1.0
0.885082044222976238234
-0.950244499795661084681
-1.0
0.900488999591320318182
-0.885082044222976294534
-1.0
0.885082044222976183512
-1.0
-0.950244499795661084681
0.900488999591320318182
-0.950244499795659358384
-0.950244499795661116219
0.900488999591320252559
-1.0
-0.885082044222976369882
0.885082044222976341271
-1.0
-1.0
0.965245926503838584844
-0.965245926503838584844
-1.0
0.965245926503838584844
-1.0
-0.965245926503838584845
0.965245926503838584845
-1.0
-1.0
1.0
