-1.0
-0.577350269189625764509
-0.408248290463863016366
-0.965245926503838584844
-0.577350269189625764509
-0.408248290463863016366
-0.88508204422297631724
-0.577350269189625764509
-0.408248290463863016366
-0.763519689951815206405
-0.577350269189625764509
-0.408248290463863016366
-0.606253205469845723419
-0.577350269189625764509
-0.408248290463863016366
-0.42063805471367251243
-0.577350269189625764509
-0.408248290463863016366
-0.215353955363794232984
-0.577350269189625764509
-0.408248290463863016366
0.0
-0.577350269189625764509
-0.408248290463863016366
0.215353955363794232984
-0.577350269189625764509
-0.408248290463863016366
0.42063805471367251243
-0.577350269189625764509
-0.408248290463863016366
0.606253205469845723419
-0.577350269189625764509
-0.408248290463863016366
0.763519689951815206405
-0.577350269189625764509
-0.408248290463863016366
0.88508204422297631724
-0.577350269189625764509
-0.408248290463863016366
0.965245926503838584845
-0.577350269189625764509
-0.408248290463863016366
1.0
-0.577350269189625764509
-0.408248290463863016366
-0.982622963251919292422
-0.547252358656958517613
-0.408248290463863016366
-0.925366749693489899687
-0.534260742034666453381
-0.408248290463863016366
-0.82460977902046662075
-0.524402718170398855481
-0.408248290463863016366
-0.685210044409519401891
-0.517155621632088202585
-0.408248290463863016366
-0.51371958826067918551
-0.512096926103993975828
-0.408248290463863016366
-0.318177122120130645509
-0.508905381210395091565
-0.408248290463863016366
-0.107740093450994573607
-0.507364230082253340228
-0.408248290463863016366
0.107740093450994489111
-0.507364230082253303601
-0.408248290463863016366
0.318177122120130534287
-0.508905381210395012427
-0.408248290463863016366
0.513719588260678970232
-0.512096926103993983897
-0.408248290463863016366
0.685210044409519744075
-0.5171556216320884155
-0.408248290463863016366
0.824609779020466011985
-0.524402718170398820762
-0.408248290463863016366
0.925366749693490654759
-0.534260742034664913443
-0.408248290463863016366
0.982622963251919292422
-0.547252358656958517613
-0.408248290463863016366
-0.94254102211148815862
-0.477828400135746565788
-0.408248290463863016366
-0.866450965259409878747
-0.451931657755596470225
-0.408248290463863016366
-0.748764885638610677058
-0.432299608283191225063
-0.408248290463863016366
-0.595265740106297782373
-0.418013869711025538774
-0.408248290463863016366
-0.413348219317756716425
-0.408343495821199688044
-0.408248290463863016366
-0.211719186551947362883
-0.402756762794012902123
-0.408248290463863016366
-5.96682565874839246009e-17
-0.400930637283021824796
-0.408248290463863016366
0.211719186551947519068
-0.402756762794012997901
-0.408248290463863016366
0.413348219317756438503
-0.408343495821199711849
-0.408248290463863016366
0.595265740106297835782
-0.418013869711025432857
-0.408248290463863016366
0.748764885638610677058
-0.432299608283191225062
-0.408248290463863016366
0.866450965259410084529
-0.451931657755596884345
-0.408248290463863016366
0.942541022111488036245
-0.477828400135746546124
-0.408248290463863016366
-0.881759844975907603202
-0.372552313193077284817
-0.408248290463863016366
-0.790474928248081615801
-0.334831494570863265635
-0.408248290463863016366
-0.659643500357135372525
-0.306508318079086472104
-0.408248290463863016366
-0.495997346936522568251
-0.28636420177114142324
-0.408248290463863016366
-0.307763733673026218661
-0.273463956770161810488
-0.408248290463863016366
-0.104306059437123808685
-0.267173829644632921697
-0.408248290463863016366
0.10430605943712380714
-0.267173829644632942189
-0.408248290463863016366
0.307763733673026297552
-0.273463956770161894236
-0.408248290463863016366
0.495997346936522495876
-0.286364201771141548597
-0.408248290463863016366
0.659643500357135626635
-0.306508318079086500758
-0.408248290463863016366
0.79047492824808126032
-0.334831494570863075752
-0.408248290463863016366
0.881759844975907603202
-0.372552313193077284817
-0.408248290463863016366
-0.80312660273492286171
-0.236355542467820508812
-0.408248290463863016366
-0.700348741336320714655
-0.188845750803433080932
-0.408248290463863016366
-0.56030995051018201513
-0.153798310627638993762
-0.408248290463863016366
-0.390708600418882877795
-0.129799233339308089215
-0.408248290463863016366
-0.200602455857955969401
-0.115817881889690949284
-0.408248290463863016366
-1.60012448126605592055e-17
-0.111227533319942373758
-0.408248290463863016366
0.200602455857955859979
-0.115817881889690866364
-0.408248290463863016366
0.390708600418882765821
-0.129799233339308062767
-0.408248290463863016366
0.560309950510181931857
-0.153798310627639096395
-0.408248290463863016366
0.700348741336320815305
-0.188845750803433271402
-0.408248290463863016366
0.80312660273492286171
-0.236355542467820508812
-0.408248290463863016366
-0.710319027356836256215
-0.0756081065856961513497
-0.408248290463863016366
-0.59981354931087136521
-0.0210967800538593220492
-0.408248290463863016366
-0.454657181401572242009
0.0180241873744432561218
-0.408248290463863016366
-0.283532353417189971494
0.0432552175811176687409
-0.408248290463863016366
-0.0963258694553501898901
0.0556137666599712007364
-0.408248290463863016366
0.0963258694553502058913
0.0556137666599711730214
-0.408248290463863016366
0.283532353417189954519
0.0432552175811176571571
-0.408248290463863016366
0.454657181401572080971
0.0180241873744433434932
-0.408248290463863016366
0.599813549310871307908
-0.0210967800538592058554
-0.408248290463863016366
0.71031902735683638591
-0.0756081065856961836913
-0.408248290463863016366
-0.607676977681897116492
0.102173138444307004705
-0.408248290463863016366
-0.493260358948261578932
0.160376457106455851346
-0.408248290463863016366
-0.347216117042581340528
0.200465318641510820435
-0.408248290463863016366
-0.179226293980066145834
0.22391861206351526454
-0.408248290463863016366
-1.14116818221301032695e-16
0.231635763779381686587
-0.408248290463863016366
0.179226293980066164354
0.223918612063515273448
-0.408248290463863016366
0.347216117042581193908
0.20046531864151088526
-0.408248290463863016366
0.493260358948261466605
0.160376457106455978612
-0.408248290463863016366
0.607676977681896987933
0.102173138444307035079
-0.408248290463863016366
-0.5
0.288675134594812882255
-0.408248290463863016366
-0.385520265497267078268
0.346987772975797254828
-0.408248290463863016366
-0.242937994849624718088
0.38473257541956955863
-0.408248290463863016366
-0.0829448667458565471603
0.403263190109469873255
-0.408248290463863016366
0.0829448667458565802423
0.403263190109469983451
-0.408248290463863016366
0.242937994849624722941
0.384732575419569741779
-0.408248290463863016366
0.385520265497266904705
0.3469877729757973452
-0.408248290463863016366
0.5
0.288675134594812882255
-0.408248290463863016366
-0.392323022318102883508
0.475177130745318759804
-0.408248290463863016366
-0.281636427190740840699
0.530002161264254194974
-0.408248290463863016366
-0.146961731192425406878
0.56214180644883867418
-0.408248290463863016366
7.23751338422826183492e-17
0.572728403542282971837
-0.408248290463863016366
0.146961731192425385416
0.562141806448838594943
-0.408248290463863016366
0.281636427190740653052
0.530002161264254231287
-0.408248290463863016366
0.392323022318102763165
0.475177130745318775948
-0.408248290463863016366
-0.289680972643163743785
0.652958375775321915859
-0.408248290463863016366
-0.186629153075641629796
0.70094267690742724723
-0.408248290463863016366
-0.0643777602508376711544
0.724522187790112139237
-0.408248290463863016366
0.0643777602508377096438
0.724522187790112005025
-0.408248290463863016366
0.186629153075641744423
0.700942676907427064829
-0.408248290463863016366
0.289680972643163857168
0.652958375775321911769
-0.408248290463863016366
-0.196873397265077138291
0.813705811657446273321
-0.408248290463863016366
-0.105264883838561858429
0.851987116202951278337
-0.408248290463863016366
-1.45583787809332870777e-22
0.864599216566382450125
-0.408248290463863016366
0.105264883838561871726
0.851987116202951681134
-0.408248290463863016366
0.196873397265077138291
0.813705811657446273321
-0.408248290463863016366
-0.118240155024092396797
0.949902582382703049326
-0.408248290463863016366
-0.0418411862389435810412
0.976334375925995672636
-0.408248290463863016366
0.0418411862389437499424
0.976334375925995223029
-0.408248290463863016366
0.118240155024092396797
0.949902582382703049326
-0.408248290463863016366
-0.05745897788851184138
1.0551786693253723303
-0.408248290463863016366
-9.25590137827228667594e-16
1.06852148406933126838
-0.408248290463863016366
0.0574589778885117577189
1.05517866932537228291
-0.408248290463863016366
-0.0173770367480807075776
1.12460262784658428212
-0.408248290463863016366
0.0173770367480807075776
1.12460262784658428212
-0.408248290463863016366
0.0
1.15470053837925152902
-0.408248290463863016366
-0.982622963251919292422
-0.567317632345403348877
-0.379871708280936319038
-0.925366749693489899687
-0.562987093471305994133
-0.367623094664671534638
-0.82460977902046662075
-0.559701085516550128167
-0.358328860633308291944
-0.685210044409519401891
-0.557285386670446577201
-0.351496232491770936122
-0.51371958826067918551
-0.555599154827748501615
-0.34672684860927294829
-0.318177122120130645509
-0.554535306529882206861
-0.343717831226972855816
-0.107740093450994573607
-0.554021589487168289749
-0.342264820008916415513
0.107740093450994489111
-0.55402158948716827754
-0.34226482000891638098
0.318177122120130534287
-0.554535306529882180482
-0.343717831226972781204
0.513719588260678970232
-0.555599154827748504305
-0.346726848609272955898
0.685210044409519744075
-0.557285386670446648173
-0.35149623249177113686
0.824609779020466011985
-0.559701085516550116593
-0.358328860633308259209
0.925366749693490654759
-0.56298709347130548082
-0.367623094664670082771
0.982622963251919292422
-0.567317632345403348877
-0.379871708280936319038
-0.950244499795660226097
-0.519897566316345160677
-0.367623094664671534638
-0.848436483361042603749
-0.489845032058797397146
-0.346372743899317417798
-0.738095859518091932952
-0.469731529230985096253
-0.332150349656356499054
-0.593048422284807398629
-0.458861591256664811564
-0.324464142803637493703
-0.41538315464604501877
-0.452682843080128219492
-0.320095108068764457777
-0.213902971770626685975
-0.449433638042164454091
-0.317797573152954781603
-1.45146625957525892725e-16
-0.448414349919560155571
-0.317076827609478375384
0.213902971770626671438
-0.449433638042164439212
-0.317797573152954771081
0.415383154646044557169
-0.452682843080128175563
-0.320095108068764426714
0.593048422284807391276
-0.458861591256664820054
-0.324464142803637499706
0.738095859518091948012
-0.469731529230985221279
-0.332150349656356587461
0.848436483361042469424
-0.489845032058797336359
-0.346372743899317374815
0.950244499795660015257
-0.519897566316345173614
-0.367623094664671543787
-0.897020248093292260405
-0.434282474082521265563
-0.358328860633308291944
-0.775847367031591796591
-0.404344000155285319325
-0.332150349656356499028
-0.644132182526343610035
-0.371889888975285690249
-0.31911904256711414192
-0.485729746172472115322
-0.352483164279981628571
-0.312211832573470604697
-0.302499205427468583818
-0.341421805098977741363
-0.308512448227632579437
-0.102745293691698173358
-0.336353226255834292023
-0.306872176949631312452
0.102745293691698079047
-0.336353226255834330021
-0.306872176949631317457
0.302499205427468501482
-0.341421805098977805004
-0.308512448227632579899
0.485729746172471825623
-0.352483164279981618277
-0.312211832573470586603
0.644132182526343695281
-0.371889888975285615866
-0.319119042567114142873
0.77584736703159155953
-0.404344000155285304423
-0.332150349656356527376
0.897020248093292163707
-0.434282474082521309614
-0.358328860633308264733
-0.825228324219200220737
-0.314766612051683888444
-0.351496232491770936122
-0.693910005991626888648
-0.284164203744592197816
-0.324464142803637493556
-0.548124247759023726401
-0.244412717419137155823
-0.31221183257347060448
-0.381113981800434072229
-0.220036259984410717045
-0.305981027434207236814
-0.195658255258196734365
-0.206904463322814707737
-0.302923708691010180679
-1.77934519645358201286e-17
-0.202748206840226915446
-0.301995952545267852598
0.195658255258196649611
-0.206904463322814695814
-0.302923708691010188096
0.38111398180043402909
-0.220036259984410761925
-0.305981027434207239087
0.548124247759023640911
-0.244412717419137213919
-0.312211832573470588213
0.693910005991626884972
-0.284164203744592204184
-0.324464142803637493556
0.825228324219200220737
-0.314766612051683888444
-0.351496232491770936122
-0.738022776532333333605
-0.167094636441556008508
-0.34672684860927294829
-0.599726419287778163884
-0.133390942687530892376
-0.320095108068764457632
-0.446929559335388490067
-0.0912610939753064735104
-0.308512448227632579265
-0.27701364902304156424
-0.0659927878523312783327
-0.302923708691010180918
-0.0939308541792514829816
-0.0542310039456023413682
-0.300576328790855967461
0.0939308541792513545919
-0.0542310039456023188126
-0.300576328790855970155
0.277013649023041420006
-0.0659927878523312265759
-0.302923708691010184259
0.446929559335388267708
-0.0912610939753064376899
-0.308512448227632573544
0.599726419287778006242
-0.133390942687530868691
-0.320095108068764427114
0.738022776532333333605
-0.167094636441556008508
-0.34672684860927294829
-0.639330223810334017931
0.00171818260588431563391
-0.343717831226972855816
-0.496172433745088088365
0.0394714115227338006218
-0.317797573152954782085
-0.34266308542825668265
0.0791965786716134861253
-0.306872176949631313643
-0.175585097695378391187
0.101374103420113482978
-0.301995952545267855287
-8.04345471283731269872e-17
0.108462007891204545802
-0.300576328790855973713
0.175585097695378417515
0.10137410342011344725
-0.301995952545267857976
0.342663085428256503423
0.0791965786716135228685
-0.306872176949631311163
0.49617243374508794561
0.0394714115227339078328
-0.317797573152954769749
0.639330223810333913215
0.00171818260588428207095
-0.343717831226972823798
-0.533666817466418714197
0.183705136808913415407
-0.342264820008916415513
-0.388338218451823730253
0.224207174959779931925
-0.317076827609478376745
-0.239917791736558520965
0.257156647584220677175
-0.306872176949631320575
-0.0813553937648448780379
0.272897251175145843232
-0.302923708691010194329
0.0813553937648447248635
0.272897251175145880557
-0.302923708691010193151
0.239917791736558416763
0.257156647584220747493
-0.306872176949631316782
0.38833821845182349532
0.224207174959780016364
-0.317076827609478354497
0.533666817466418589895
0.18370513680891341624
-0.342264820008916384161
-0.425926724015424172265
0.370316452678254795062
-0.34226482000891638098
-0.282269461974461414309
0.409962226519430504714
-0.317797573152954771081
-0.144430353907919876773
0.432682899074284077132
-0.308512448227632580289
2.51471368273786830634e-17
0.440072519968821447807
-0.305981027434207241361
0.144430353907919801532
0.43268289907428416783
-0.308512448227632575992
0.282269461974461263923
0.40996222651943058786
-0.317797573152954760364
0.425926724015424027603
0.370316452678254831553
-0.342264820008916350187
-0.321153101690203405188
0.552817123923997781717
-0.343717831226972781204
-0.184343264641733388623
0.586073785767658834114
-0.320095108068764421914
-0.0623945015865517359323
0.596895881699118686451
-0.312211832573470576949
0.0623945015865516925843
0.596895881699118610975
-0.31221183257347057402
0.184343264641733219093
0.586073785767658775292
-0.32009510806876440104
0.321153101690203244789
0.55281712392399784581
-0.3437178312269727509
-0.224303188271654258064
0.722693791269304325033
-0.346726848609272955898
-0.10086158370681948993
0.743025795001257013677
-0.324464142803637499706
-4.31729285231393164349e-17
0.743779777950571378987
-0.319119042567114143827
0.100861583706819497372
0.743025795001257013729
-0.324464142803637499559
0.224303188271654258064
0.722693791269304325033
-0.346726848609272955898
-0.140018279809680709217
0.872051998722130797471
-0.35149623249177113686
-0.037751507513499761553
0.874075529386270377622
-0.33215034965635662979
0.0377515075134997621425
0.874075529386270471615
-0.332150349656356623665
0.140018279809680709217
0.872051998722130797471
-0.35149623249177113686
-0.0724104690728259340144
0.993983559599070860737
-0.358328860633308259209
-4.55460005127130958345e-17
0.979690064117594638614
-0.346372743899317362148
0.0724104690728258023874
0.993983559599070881575
-0.358328860633308238208
-0.0248777501021695043324
1.08288465978765155206
-0.367623094664670082771
0.0248777501021693308682
1.08288465978765148613
-0.367623094664670108521
6.61744490042422139897e-24
1.13463526469080669775
-0.379871708280936319038
-0.942541022111488198123
-0.544176312838332721076
-0.31441817248471962212
-0.866450965259409878747
-0.535544065378282666415
-0.290002489621192643543
-0.748764885638610677058
-0.529000048887480918027
-0.271493215873822601593
-0.595265740106297782373
-0.524238136030092355931
-0.258024492382307156532
-0.413348219317756716425
-0.521014678066817072354
-0.248907176443500236174
-0.211719186551947362883
-0.519152433724421477047
-0.243639954032563402982
-5.96682565874839246009e-17
-0.518543725220757784605
-0.241918266389737349646
0.211719186551947519068
-0.519152433724421508973
-0.243639954032563493281
0.413348219317756438503
-0.521014678066817080289
-0.248907176443500258617
0.595265740106297835782
-0.524238136030092320625
-0.258024492382307056674
0.748764885638610677058
-0.529000048887480918027
-0.271493215873822601593
0.866450965259410084529
-0.535544065378282804454
-0.290002489621193033979
0.942541022111488075748
-0.544176312838332714521
-0.31441817248471960358
-0.897020248093291994931
-0.482596514359055729252
-0.290002489621192643543
-0.775847367031591854507
-0.447935686205751908901
-0.270502396037076731331
-0.644132182526343631414
-0.424831614998381809371
-0.244248135609811041375
-0.485729746172472109077
-0.411850526732500651891
-0.22825370343079893642
-0.302499205427468577657
-0.404675593995956126935
-0.219058082098041037753
-0.10274529369169817184
-0.401439605123361356156
-0.214826137229420933653
0.102745293691698077529
-0.401439605123361373541
-0.21482613722942096781
0.302499205427468495322
-0.404675593995956148584
-0.2190580820980410976
0.485729746172471819378
-0.411850526732500631401
-0.228253703430798932746
0.644132182526343716659
-0.424831614998381785476
-0.244248135609810970929
0.775847367031591617446
-0.447935686205751930661
-0.270502396037076707832
0.897020248093291898233
-0.482596514359055718282
-0.290002489621192694144
-0.832509923759073784705
-0.38394938798104637858
-0.271493215873822601593
-0.689981062182540625616
-0.345419025963737610344
-0.24424813560981104143
-0.544394208870881252177
-0.314306143036876645263
-0.222248005109964441814
-0.378532204989331525505
-0.295323048722663139661
-0.208824930392480264346
-0.194378628178309128102
-0.285177491975781111836
-0.201650938417847063818
-9.14235788555099104715e-18
-0.281985327410881481544
-0.199393737207343136718
0.194378628178309063027
-0.285177491975781146816
-0.201650938417847088552
0.378532204989331493926
-0.295323048722663188322
-0.208824930392480298754
0.544394208870881131556
-0.314306143036876626278
-0.222248005109964428389
0.689981062182540581758
-0.345419025963737562399
-0.244248135609811007527
0.832509923759073784705
-0.38394938798104637858
-0.271493215873822601593
-0.751636413487811097868
-0.253396184919553073486
-0.258024492382307156532
-0.599537891798583631459
-0.214729036192877679564
-0.228253703430798936252
-0.445023365011561580243
-0.180156981309968133776
-0.208824930392480263819
-0.275375711672041908179
-0.158988241262138175251
-0.197679600482691848457
-0.0933188366152879224055
-0.149091178391629563641
-0.19260630702939755869
0.0933188366152879206863
-0.149091178391629549121
-0.19260630702939756174
0.275375711672041931574
-0.158988241262138166003
-0.197679600482691861906
0.445023365011561545002
-0.180156981309968172354
-0.208824930392480282646
0.599537891798583571332
-0.214729036192877692635
-0.228253703430798917746
0.751636413487811226637
-0.253396184919553086092
-0.258024492382307182176
-0.657886056609312923232
-0.0974627195048304270248
-0.248907176443500236174
-0.501708947405789759821
-0.0596341995268172794037
-0.219058082098041036729
-0.344160266727713961819
-0.0257480839672948908638
-0.201650938417847061446
-0.175776166274952713577
-0.00627089396463400449156
-0.192606307029397556136
-7.22652588211317402684e-17
-4.56955706906894748839e-17
-0.189800136283554539088
0.175776166274952737515
-0.00627089396463399908383
-0.192606307029397554511
0.34416026672771378426
-0.0257480839672948515454
-0.201650938417847058302
0.501708947405789635725
-0.0596341995268172384645
-0.219058082098041028614
0.657886056609312793257
-0.0974627195048304148812
-0.248907176443500206921
-0.555458789317839814618
0.0762220228396476309552
-0.243639954032563402982
-0.399029542967873727334
0.111739768105377010161
-0.214826137229420932805
-0.244206457032295771581
0.140992663705440741523
-0.199393737207343134595
-0.0824573296596648106352
0.155362072356263571973
-0.192606307029397560115
0.0824573296596647986628
0.155362072356263562111
-0.19260630702939755756
0.244206457032295777453
0.140992663705440734356
-0.199393737207343132472
0.399029542967873589079
0.111739768105377056938
-0.214826137229420920041
0.555458789317839814618
0.0762220228396476309552
-0.243639954032563402982
-0.449072039014193792312
0.259271862610378840628
-0.241918266389737349646
-0.296284249276175606203
0.289699837017984224624
-0.214826137229420971367
-0.14978163854940483899
0.31092557594307589018
-0.201650938417847095293
-8.60054093584865079515e-18
0.317976482524276366877
-0.197679600482691875354
0.149781638549404730376
0.310925575943075953072
-0.201650938417847086595
0.296284249276175483014
0.289699837017984272548
-0.214826137229420955798
0.449072039014193658754
0.259271862610378859276
-0.241918266389737320817
-0.343739602765892401291
0.442930410884773997315
-0.243639954032563493281
-0.199209741978321237237
0.46430979352277332361
-0.219058082098041107197
-0.0664911600222300376047
0.475480030032631291297
-0.208824930392480317581
0.0664911600222300774282
0.475480030032631296057
-0.208824930392480317054
0.199209741978321127071
0.464309793522773352289
-0.219058082098041093527
0.343739602765892401291
0.442930410884773997315
-0.243639954032563493281
-0.24453783729155635264
0.618477397571647262659
-0.248907176443500258617
-0.113808145626111681341
0.626579562925378186006
-0.228253703430798933338
-4.38688653509822305268e-17
0.628612286073753176572
-0.222248005109964428389
0.113808145626111608399
0.626579562925378129314
-0.228253703430798923525
0.244537837291556224746
0.618477397571647275112
-0.248907176443500234902
-0.156370673381513258215
0.777634320949645458018
-0.258024492382307056674
-0.0458488796561969285501
0.770250640962119383717
-0.244248135609810937026
0.0458488796561969084065
0.770250640962119420669
-0.244248135609810937081
0.156370673381513374713
0.777634320949645460515
-0.258024492382307073619
-0.0837450381204631076473
0.912949436868527296607
-0.271493215873822601593
-6.62389690920213501484e-19
0.895871372411503567313
-0.270502396037076709517
0.0837450381204631076473
0.912949436868527296607
-0.271493215873822601593
-0.0305692828338821328386
1.0181405797373386429
-0.290002489621193033979
0.0305692828338820610919
1.01814057973733862236
-0.290002489621193101137
-1.43055725334023805476e-17
1.08835262567666535654
-0.314418172484719536085
-0.881759844975907603203
-0.509084283857442937945
-0.215162925852791557328
-0.790474928248081615801
-0.496510677650038264884
-0.179599396999891109955
-0.659643500357135372525
-0.487069618819446000374
-0.15289605011711940342
-0.495997346936522568251
-0.480354913383464317419
-0.133903995127308119079
-0.307763733673026218661
-0.476054831716471113169
-0.121741527501760726294
-0.104306059437123808685
-0.473958122674628150238
-0.115811138775111495468
0.10430605943712380714
-0.473958122674628157069
-0.115811138775111514789
0.307763733673026297552
-0.476054831716471141085
-0.121741527501760805252
0.495997346936522495876
-0.480354913383464359205
-0.133903995127308237267
0.659643500357135626635
-0.487069618819446009926
-0.152896050117119430435
0.79047492824808126032
-0.49651067765003820159
-0.179599396999890930932
0.881759844975907603203
-0.509084283857442937945
-0.215162925852791557328
-0.825228324219200453292
-0.436316030092500915875
-0.179599396999891109955
-0.693910005991626888559
-0.400629128752640611347
-0.159757866316489981328
-0.548124247759023691667
-0.375827044445552474906
-0.126363909002580808655
-0.38111398180043406438
-0.361827099212343531333
-0.105458499577801560843
-0.195658255258196739383
-0.354567365904393711116
-0.0940968292007640592124
-1.77934519645358201286e-17
-0.352307250194275253989
-0.0904875250584270053874
0.195658255258196654628
-0.354567365904393714134
-0.0940968292007640454992
0.381113981800434021241
-0.361827099212343548436
-0.105458499577801602399
0.548124247759023606176
-0.375827044445552478934
-0.126363909002580868852
0.693910005991626884882
-0.40062912875264061347
-0.159757866316489987331
0.825228324219200453292
-0.436316030092500915875
-0.179599396999891109955
-0.75163641348781102564
-0.327733219340845659496
-0.15289605011711940342
-0.599537891798583585314
-0.286776000766773944747
-0.126363909002580808704
-0.445023365011561582561
-0.256934359585098150676
-0.100245320752341974169
-0.275375711672041920468
-0.239370195092124633455
-0.0840023512062770755746
-0.093318836615287927137
-0.231288027196923466458
-0.0763624086646201939392
0.0933188366152879254178
-0.231288027196923464494
-0.0763624086646201792333
0.275375711672041943862
-0.239370195092124643051
-0.0840023512062770623727
0.44502336501156154732
-0.256934359585098181286
-0.100245320752342004265
0.599537891798583525188
-0.286776000766773931656
-0.126363909002580827197
0.751636413487811154409
-0.327733219340845687875
-0.152896050117119406757
-0.663998231291015021376
-0.189368845964980101508
-0.133903995127308119079
-0.503908450595738974798
-0.149140840370444329785
-0.105458499577801561333
-0.34498852569463806997
-0.118797264347144947425
-0.0840023512062770764174
-0.176038393769530494809
-0.101635814030547781066
-0.0718673733124151981773
-6.78413337438223221785e-18
-0.0961351846888207615176
-0.0679778410040863217294
0.176038393769530648496
-0.101635814030547767938
-0.0718673733124151888944
0.344988525694638029954
-0.118797264347144939256
-0.084002351206277070641
0.503908450595738988313
-0.149140840370444351822
-0.105458499577801576916
0.663998231291015021376
-0.189368845964980101508
-0.133903995127308119079
-0.566157444697302994828
-0.0285037958661534114265
-0.121741527501760726294
-0.404893473855235757256
0.00783866343845824217062
-0.0940968292007640587712
-0.246960725451365841254
0.0348275304380129503058
-0.076362408664620192806
-0.0832555121380275860804
0.0480675923444103820917
-0.0679778410040863179593
0.0832555121380275917812
0.0480675923444103775494
-0.0679778410040863141891
0.246960725451365834734
0.0348275304380129529692
-0.0763624086646201848758
0.404893473855235606781
0.007838663438458284791
-0.0940968292007640383802
0.566157444697302994828
-0.0285037958661534114265
-0.121741527501760726294
-0.462612804284771254402
0.146647364096115271428
-0.115811138775111495468
-0.305107028605682487252
0.176153625097137602118
-0.0904875250584270016295
-0.153641888836077907103
0.196460496758910508752
-0.076362408664620171303
5.05130521734296787574e-17
0.203271628061095677782
-0.0718673733124151735037
0.153641888836077911486
0.196460496758910512247
-0.0763624086646201701699
0.305107028605682479372
0.176153625097137607404
-0.0904875250584269978715
0.462612804284771254402
0.146647364096115271428
-0.115811138775111495468
-0.358306744847647452404
0.327310758578512880888
-0.115811138775111514789
-0.209235218597039042858
0.346728702465935347456
-0.0940968292007640428587
-0.0696128140225961131738
0.358167459439269561668
-0.0840023512062770565964
0.0696128140225961183879
0.358167459439269581761
-0.0840023512062770574392
0.209235218597038929127
0.346728702465935385575
-0.0940968292007640303435
0.358306744847647452404
0.327310758578512880888
-0.115811138775111514789
-0.258393711024276760897
0.504558627582624606875
-0.121741527501760805252
-0.122794468795304941231
0.510967939582787871907
-0.105458499577801617981
1.12062756706764453949e-17
0.513868719170196290333
-0.100245320752342034361
0.122794468795304952465
0.510967939582787857618
-0.105458499577801618471
0.258393711024276760897
0.504558627582624606875
-0.121741527501760805252
-0.1680008843544925255
0.669723759348444377141
-0.133903995127308237267
-0.0514136440395599664415
0.662603045212326403938
-0.126363909002580911211
0.0514136440395598794451
0.662603045212326390803
-0.126363909002580908113
0.1680008843544925255
0.669723759348444377141
-0.133903995127308237267
-0.0919929131306755343313
0.814802838160291884712
-0.152896050117119430435
-8.98053447436571086054e-20
0.801258257505281218295
-0.159757866316489993335
0.0919929131306756264447
0.81480283816029190736
-0.152896050117119416147
-0.0347533959711189604171
0.932826707742538841256
-0.179599396999890930932
0.0347533959711189604171
0.932826707742538841256
-0.179599396999890930932
1.98523347012726641969e-23
1.01816856771488587589
-0.215162925852791557327
-0.803126602734922861709
-0.463685360282357345943
-0.0867553789787401910747
-0.700348741336320714655
-0.447848763060894869983
-0.0419627178338755770946
-0.56030995051018201513
-0.436166283002296840927
-0.00891967435183045136267
-0.390708600418882877795
-0.428166590572853206078
0.0137068727052346729481
-0.200602455857955969401
-0.423506140089647492767
0.0268886172654702009479
-1.60012448126605592055e-17
-0.421976023899731300925
0.0312164394010424507895
0.200602455857955859979
-0.423506140089647465127
0.0268886172654702791255
0.390708600418882765821
-0.428166590572853197262
0.0137068727052346978835
0.560309950510181931857
-0.436166283002296875138
-0.00891967435183054812582
0.700348741336320815305
-0.447848763060894933473
-0.0419627178338757566719
0.803126602734922861709
-0.463685360282357345943
-0.0867553789787401910747
-0.738022776532333228296
-0.382595419975263089371
-0.0419627178338755770946
-0.599726419287778114756
-0.346252209615929067217
-0.0190638174747040711587
-0.446929559335388498295
-0.321288690288065714283
0.0167956981979548667201
-0.2770136490230415784
-0.307596807414232574857
0.0387559724972851585948
-0.0939308541792514874198
-0.301463081784762858905
0.0490626287429655465993
0.0939308541792513590301
-0.301463081784762853927
0.0490626287429655687629
0.277013649023041434165
-0.307596807414232560756
0.0387559724972852085054
0.446929559335388275936
-0.321288690288065696948
0.0167956981979548985847
0.599726419287777957114
-0.34625220961592903055
-0.019063817474704059001
0.738022776532333228296
-0.382595419975263089371
-0.0419627178338755770946
-0.657886056609312867956
-0.267159509633870794139
-0.00891967435183045136267
-0.501708947405789805375
-0.226408006942598188585
0.0167956981979548675727
-0.344160266727713989846
-0.198701022639619072395
0.0429414531048358794646
-0.175776166274952714669
-0.18368126572125828429
0.0582898468144731889269
-7.22652586143365871301e-17
-0.178945284581643076495
0.0632667120945181478517
0.175776166274952738607
-0.183681265721258280956
0.0582898468144731934836
0.344160266727713812286
-0.198701022639619056325
0.0429414531048359154863
0.501708947405789681279
-0.226408006942598167288
0.0167956981979549034657
0.657886056609312737981
-0.267159509633870762512
-0.00891967435183044966436
-0.566157444697303058449
-0.124280278153389335805
0.0137068727052346729481
-0.404893473855235775531
-0.0861024535418640667935
0.038755972497285159275
-0.246960725451365833474
-0.060385992513317419504
0.0582898468144731875055
-0.0832555121380275803796
-0.0480675923444103841321
0.0679778410040863234984
0.0832555121380275860804
-0.0480675923444103820917
0.0679778410040863179592
0.246960725451365826954
-0.0603859925133174111395
0.0582898468144731873732
0.404893473855235625056
-0.0861024535418640333619
0.0387559724972851926608
0.566157444697303058449
-0.124280278153389335805
0.0137068727052346729481
-0.46706830390530399418
0.0380262472102873982161
0.0268886172654702009479
-0.308040114218376255947
0.0693850349739779310557
0.0490626287429655458694
-0.154971162335138761297
0.0894726422908214855969
0.0632667120945181422328
-4.61745328739809013602e-18
0.0961351846888207681003
0.06797784100408631242
0.154971162335138648521
0.0894726422908214880376
0.0632667120945181439587
0.308040114218376124627
0.0693850349739779559572
0.0490626287429655634776
0.467068303905303860794
0.0380262472102874240402
0.0268886172654702192082
-0.365441956485116740631
0.210988011949865636605
0.0312164394010424507895
-0.214109260039124819697
0.232078046810784798768
0.0490626287429655717235
-0.0711845591764131066302
0.244067258234575702913
0.0582898468144731933513
0.0711845591764130985205
0.244067258234575709099
0.0582898468144731919299
0.214109260039124708269
0.232078046810784819066
0.04906262874296558172
0.365441956485116740631
0.210988011949865636605
0.0312164394010424507895
-0.266465848047348055553
0.385479892879359985969
0.0268886172654702791255
-0.127879824832194239993
0.393699260956096477444
0.0387559724972852231769
-4.66056519646180264071e-17
0.397402045279237943575
0.0429414531048359353321
0.127879824832194140804
0.393699260956096492565
0.0387559724972852303007
0.266465848047347936711
0.385479892879359991375
0.0268886172654702906334
-0.175448844278420229006
0.552446868726242440503
0.0137068727052346978835
-0.0547793880704014011364
0.547696697230663709701
0.0167956981979549105969
0.0547793880704013202316
0.54769669723066369924
0.0167956981979549131141
0.175448844278420229006
0.552446868726242440503
0.0137068727052346978835
-0.0975761060991309240903
0.703325792636167580055
-0.00891967435183054812582
-7.19409781716168111377e-17
0.692504419231858040178
-0.0190638174747041130074
0.097576106099130832363
0.703325792636167560625
-0.00891967435183056790962
-0.0376740351960125182997
0.830444183036158078265
-0.0419627178338757566719
0.0376740351960125182997
0.830444183036158078265
-0.0419627178338757566719
6.61744490042422139897e-24
0.927370720564714691887
-0.0867553789787401910749
-0.71031902735683617967
-0.410102881654982515929
0.0647987569820597820082
-0.59981354931087136521
-0.391932439477703617023
0.116192528504907640211
-0.454657181401572242009
-0.378892117001602757632
0.153076130311748712172
-0.283532353417189971494
-0.370481773599377953426
0.176864173719031505299
-0.0963258694553501898901
-0.366362257239760109427
0.188515925531410295853
0.0963258694553502058913
-0.366362257239760118666
0.188515925531410269723
0.283532353417189954519
-0.370481773599377957287
0.176864173719031494378
0.454657181401572080971
-0.378892117001602728508
0.153076130311748794547
0.599813549310871307908
-0.391932439477703578291
0.11619252850490774976
0.710319027356836309365
-0.41010288165498252671
0.0647987569820597515163
-0.639330223810334019498
-0.323487551498472866758
0.116192528504907640211
-0.496172433745088122898
-0.28646528818719838192
0.14314652805195806231
-0.342663085428256697052
-0.262923003480878772997
0.176957976083839475682
-0.175585097695378391171
-0.250933146774161782769
0.196241738801847439763
-8.04345475419634332637e-17
-0.247232077839160561577
0.202451071304924729747
0.175585097695378417499
-0.250933146774161797213
0.196241738801847406975
0.342663085428256517826
-0.262923003480878758412
0.176957976083839509497
0.496172433745087980143
-0.286465288187198334553
0.143146528051958159277
0.639330223810333914782
-0.323487551498472847759
0.116192528504907597895
-0.555458789317839920359
-0.204298610605989991024
0.153076130311748712172
-0.399029542967873758128
-0.165293435179588210589
0.176957976083839477721
-0.24420645703229576571
-0.140992663705440741136
0.19939373720734314206
-0.0824573296596648056979
-0.129803610280959092242
0.210678868879544550215
0.0824573296596647937254
-0.129803610280959093121
0.210678868879544540066
0.244206457032295771581
-0.140992663705440741523
0.199393737207343134595
0.399029542967873619872
-0.165293435179588182963
0.176957976083839517568
0.555458789317839920359
-0.204298610605989991024
0.153076130311748712172
-0.462612804284771259545
-0.060305334054385131106
0.176864173719031505299
-0.30510702860568246882
-0.0265945817430892931876
0.19624173880184744621
-0.153641888836077908898
-0.00650833707301824355643
0.21067886887954455652
5.05130488647072285453e-17
1.82808702084342230686e-17
0.215602119937245664561
0.153641888836077913281
-0.00650833707301824132309
0.210678868879544559437
0.30510702860568246094
-0.0265945817430892878823
0.196241738801847449941
0.462612804284771259545
-0.060305334054385131106
0.176864173719031505299
-0.36544195648511672463
0.0997604786299232813241
0.188515925531410295853
-0.214109260039124833047
0.123616038919580211068
0.202451071304924736264
-0.0711845591764131175032
0.136311947353977321165
0.210678868879544542983
0.0711845591764131093936
0.136311947353977321886
0.210678868879544549288
0.214109260039124721619
0.123616038919580227259
0.202451071304924752069
0.36544195648511672463
0.0997604786299232813241
0.188515925531410295853
-0.26911608702976653474
0.26660177860983684658
0.188515925531410269723
-0.129521930910304070408
0.27752772851725109081
0.196241738801847410706
-2.60049702718910882848e-18
0.281985327410881488324
0.19939373720734312713
0.129521930910304069098
0.277527728517251099927
0.196241738801847417153
0.26911608702976653474
0.26660177860983684658
0.188515925531410269723
-0.179080450867581299882
0.430787107653763071762
0.176864173719031494378
-0.0563664575396171281602
0.428216438660466805921
0.176957976083839528247
0.0563664575396170437844
0.428216438660466806065
0.176957976083839530906
0.179080450867581299882
0.430787107653763071762
0.176864173719031494378
-0.100801607916267733647
0.583190727607592594631
0.153076130311748794547
-3.58080680366305558198e-17
0.572930576374396580823
0.143146528051958224571
0.100801607916267733647
0.583190727607592594631
0.153076130311748794547
-0.0395166744994626493968
0.71541999097617641479
0.11619252850490774976
0.0395166744994625737431
0.715419990976176407558
0.116192528504907673353
2.11371182461349272057e-17
0.820205763309965189404
0.0647987569820596109811
-0.60767697768189719886
-0.35084246664498155566
0.232412522220062764161
-0.493260358948261578932
-0.331441360424265225891
0.287287137304818875335
-0.347216117042581340528
-0.318078406579246902861
0.325083278426800096303
-0.179226293980066145834
-0.310260642105245421493
0.347195255519943017457
-1.14116818221301032695e-16
-0.307688258199956614144
0.354471055932922414613
0.179226293980066164354
-0.310260642105245418523
0.347195255519943025856
0.347216117042581193908
-0.318078406579246881253
0.32508327842680015742
0.493260358948261466605
-0.331441360424265183469
0.287287137304818995322
0.607676977681897070301
-0.350842466644981545535
0.232412522220062792799
-0.533666817466418744949
-0.261455321316892765574
0.287287137304818875335
-0.388338218451823742448
-0.22420717495978013088
0.317076827609478221126
-0.239917791736558534625
-0.203602980510009702997
0.344740338095212610157
-0.0813553937648448854053
-0.194633461071740194467
0.358264565394488900387
0.081355393764844732231
-0.194633461071740180915
0.358264565394488935185
0.239917791736558430423
-0.203602980510009675982
0.344740338095212675189
0.388338218451823507515
-0.224207174959780081759
0.31707682760947829332
0.533666817466418620647
-0.261455321316892735738
0.287287137304818865669
-0.449072039014193815573
-0.141658774672642963148
0.325083278426800096303
-0.29628424927617561628
-0.105973412208719108451
0.344740338095212609718
-0.149781638549404855271
-0.0864764693361621176108
0.36036042373085808817
-8.60054093584865079515e-18
-0.0803819538299864471613
0.365684302895245975695
0.149781638549404746657
-0.0864764693361620884465
0.360360423730858144566
0.296284249276175493091
-0.105973412208719077798
0.344740338095212649711
0.449072039014193682014
-0.141658774672642929752
0.325083278426800104275
-0.358306744847647445716
-0.0000842025602525786806873
0.347195255519943017457
-0.209235218597039069725
0.0268608928006283029946
0.35826456539448890926
-0.0696128140225961294935
0.0401909769149932176965
0.365684302895245994919
0.0696128140225961347077
0.0401909769149932235995
0.365684302895246014144
0.209235218597038955993
0.0268608928006283275002
0.358264565394488941027
0.358306744847647445716
-0.0000842025602525786806873
0.347195255519943017457
-0.266465848047348099292
0.153844129099978208244
0.354471055932922414613
-0.12787982483219425036
0.16777256827111174396
0.358264565394488958748
-4.6605650310256801301e-17
0.172952938672324127181
0.360360423730858192706
0.12787982483219415117
0.167772568271111755717
0.35826456539448897063
0.26646584804734798045
0.153844129099978220896
0.354471055932922415875
-0.179080450867581288051
0.310344844665498014727
0.347195255519943025856
-0.0563664575396171097038
0.309576392718728696981
0.344740338095212699557
0.0563664575396170253281
0.309576392718728699536
0.344740338095212698806
0.179080450867581288051
0.310344844665498014727
0.347195255519943025856
-0.101855921971612529641
0.459737181251889728228
0.32508327842680015742
-7.15920651174358185342e-17
0.44841434991956002351
0.317076827609478311874
0.101855921971612437187
0.459737181251889706787
0.325083278426800142259
-0.0404064585181571854424
0.592896681741157872976
0.287287137304818995322
0.0404064585181571089006
0.592896681741157845399
0.287287137304818949862
-2.19644411337533140014e-17
0.70168493328996294299
0.232412522220062948414
-0.5
-0.288675134594812882255
0.408248290463863016366
-0.385520265497267078268
-0.269237588467818091397
0.463225973167960335877
-0.242937994849624718088
-0.256655987653227323463
0.498812114184677624801
-0.0829448667458565471603
-0.250479116089927218588
0.516282945260389044776
0.0829448667458565802423
-0.250479116089927181856
0.51628294526038914867
0.242937994849624722941
-0.256655987653227262413
0.498812114184677797475
0.385520265497266904705
-0.269237588467818061273
0.463225973167960421081
0.5
-0.288675134594812882255
0.408248290463863016366
-0.425926724015424223822
-0.199251549360445666524
0.463225973167960335877
-0.282269461974461454293
-0.16296834985496615395
0.49244861825395123658
-0.144430353907919890006
-0.146640692604868856552
0.510774832127718611287
2.51471368273786830634e-17
-0.14179083922793280304
0.51689802658981043171
0.144430353907919814765
-0.146640692604868822269
0.510774832127718695365
0.282269461974461303907
-0.162968349854966116131
0.492448618253951311398
0.42592672401542407916
-0.199251549360445625327
0.463225973167960360016
-0.343739602765892451735
-0.0820624812576144610769
0.498812114184677624801
-0.199209741978321243384
-0.0517600092594012648911
0.51077483212771860208
-0.0664911600222300307037
-0.0383886891375649783191
0.517895181537302581352
0.0664911600222300705272
-0.0383886891375649762354
0.517895181537302585665
0.199209741978321133219
-0.0517600092594012424435
0.510774832127718624562
0.343739602765892451735
-0.0820624812576144610769
0.498812114184677624801
-0.258393711024276776166
0.0534071963295367354331
0.516282945260389044776
-0.122794468795304917176
0.07089541961396643564
0.516898026589810418401
1.12062756706764453949e-17
0.0767773782751300429407
0.517895181537302589977
0.12279446879530492841
0.0708954196139664304149
0.516898026589810405093
0.258393711024276776166
0.0534071963295367354331
0.516282945260389044776
-0.175448844278420180654
0.197071919760390493439
0.51628294526038914867
-0.0547793880704013628847
0.198400701864270036447
0.510774832127718709826
0.0547793880704012819799
0.198400701864270035333
0.510774832127718699124
0.175448844278420180654
0.197071919760390493439
0.51628294526038914867
-0.10080160791626767835
0.338718468910841758218
0.498812114184677797475
-3.58080713453530060319e-17
0.325936699709932109775
0.492448618253951367307
0.10080160791626767835
0.338718468910841758218
0.498812114184677797475
-0.0404064585181572062474
0.468489137828263592549
0.463225973167960421081
0.0404064585181571297056
0.468489137828263540496
0.463225973167960410234
0.0
0.577350269189625764509
0.408248290463863016366
-0.392323022318102965876
-0.22650780254464430396
0.584084058707662999557
-0.281636427190740840699
-0.208232792371665778015
0.635773593185928025835
-0.146961731192425406878
-0.19751957731013761828
0.666075141259193696712
7.23751338422826183492e-17
-0.193990711612322852394
0.676056280718479372711
0.146961731192425385416
-0.197519577310137644692
0.666075141259193622008
0.281636427190740653052
-0.20823279237166576591
0.635773593185928060071
0.392323022318102845534
-0.226507802544644298579
0.584084058707663014777
-0.321153101690203451396
-0.139787904392435103252
0.635773593185928025835
-0.184343264641733352611
-0.106430633464199175743
0.659254033612232841983
-0.0623945015865517103551
-0.0953908447394671996863
0.666829445006850357741
0.0623945015865516670071
-0.0953908447394672220831
0.666829445006850285606
0.184343264641733183081
-0.10643063346419917567
0.659254033612232779567
0.321153101690203290998
-0.139787904392435053317
0.635773593185928076162
-0.24453783729155628023
-0.0285128039417115359418
0.666075141259193696712
-0.113808145626111625878
-0.00633980106068864606018
0.666829445006850347494
-4.38688570791761049965e-17
-2.53276946386673704973e-17
0.666744015329893213529
0.113808145626111552936
-0.00633980106068865570475
0.666829445006850290774
0.244537837291556152336
-0.0285128039417115094318
0.666075141259193700548
-0.168000884354492453125
0.0969953558061614888755
0.676056280718479372711
-0.0514136440395599542113
0.101730645800155841218
0.666829445006850229053
0.0514136440395598672149
0.101730645800155839761
0.666829445006850215636
0.168000884354492453125
0.0969953558061614888755
0.676056280718479372711
-0.097576106099130906956
0.226032381251849148841
0.666075141259193622008
-7.19409798259780362438e-17
0.212861266928398228357
0.659254033612232699486
0.0975761060991308152287
0.226032381251849123712
0.666075141259193610283
-0.0395166744994626940375
0.348020696764100712708
0.635773593185928060071
0.0395166744994626183838
0.34802069676410063826
0.635773593185928078722
-2.19644411337533140014e-17
0.453015605089288440193
0.584084058707663182958
-0.28968097264316366724
-0.167247387534643160193
0.751697823945666500719
-0.186629153075641629796
-0.15125262049060809393
0.796937856907011721328
-0.0643777602508376711544
-0.143392783529713129927
0.819168832963289697336
0.0643777602508377096438
-0.143392783529713174664
0.8191688329632895708
0.186629153075641744423
-0.15125262049060815473
0.796937856907011549358
0.289680972643163780624
-0.167247387534643161557
0.751697823945666496863
-0.224303188271654148095
-0.0859992774049763052479
0.796937856907011721328
-0.100861583706819486253
-0.0582324625040242025466
0.808686151923764980593
-4.31729285231393164349e-17
-0.0529417260230961310701
0.807615313786736086472
0.100861583706819493696
-0.0582324625040242023911
0.808686151923764980593
0.224303188271654148095
-0.0859992774049763052479
0.796937856907011721328
-0.156370673381513252464
0.0159436159488870865817
0.819168832963289697336
-0.0458488796561969722735
0.0264708630115480045686
0.807615313786736121329
0.0458488796561969521299
0.0264708630115480168341
0.807615313786736156185
0.156370673381513368963
0.0159436159488870714383
0.819168832963289705339
-0.0919929131306756008091
0.127449167580826099047
0.8191688329632895708
-8.98053447436571086054e-20
0.116464925008048417673
0.808686151923764980593
0.0919929131306756929224
0.127449167580826120067
0.819168832963289587391
-0.0376740351960125136408
0.237251897895584528848
0.796937856907011549358
0.0376740351960125136408
0.237251897895584528848
0.796937856907011549358
2.11371050112451263573e-17
0.334494775069286476815
0.751697823945666331271
-0.196873397265077138291
-0.113664908907268418566
0.903251959906466223807
-0.105264883838561858429
-0.100904474058766750227
0.93934391995552488342
-1.45583787809332870777e-22
-0.0967004406042896929644
0.951234722211508219552
0.105264883838561871726
-0.100904474058766615961
0.939343919955525263181
0.196873397265077138291
-0.113664908907268418566
0.903251959906466223807
-0.140018279809680818846
-0.0407098265012291883028
0.93934391995552488342
-0.0377515075134997864423
-0.0217958430252332513947
0.93480309534978968661
0.0377515075134997870318
-0.0217958430252332142891
0.934803095349789773185
0.140018279809680818846
-0.0407098265012291883028
0.93934391995552488342
-0.0837450381204631076474
0.0483502203021448464821
0.951234722211508219552
-6.62366529863062016709e-19
0.0435916860504665648514
0.934803095349789867789
0.0837450381204631076474
0.0483502203021448464821
0.951234722211508219552
-0.0347533959711188374908
0.141614300559995882913
0.939343919955525263181
0.0347533959711188374908
0.141614300559995882913
0.939343919955525263181
-6.61744490042422139897e-24
0.227329817814536837132
0.903251959906466223807
-0.118240155024092396798
-0.0682659853321828265641
1.03165950678051759006
-0.0418411862389435810412
-0.059455387484418618794
1.05657964071836427894
0.0418411862389437499424
-0.0594553874844187686629
1.05657964071836385505
0.118240155024092396798
-0.0682659853321828265641
1.03165950678051759006
-0.0724104690728256847835
-0.00650783646519170318072
1.05657964071836427894
-4.55460038214355460466e-17
-3.52528660638461887504e-17
1.03911823169795206274
0.0724104690728255531565
-0.00650783646519167643422
1.05657964071836429159
-0.030569282833882149082
0.0659632239496105431819
1.05657964071836385505
0.0305692828338820773353
0.065963223949610473018
1.05657964071836385807
-1.32348898008484427979e-23
0.136531970664365653128
1.03165950678051759006
-0.0574589778885118808832
-0.0331739563512930890477
1.13091475341244552584
-9.25590137827228667594e-16
-0.0287263514366400868809
1.14349447979320454096
0.057458977888511797222
-0.0331739563512931048446
1.13091475341244548115
-0.0248777501021703832495
0.0143631757183192418559
1.14349447979320454096
0.0248777501021702097855
0.0143631757183191955996
1.14349447979320448738
-1.43055990031819822445e-17
0.0663479127025860938288
1.13091475341244560996
-0.0173770367480807075778
-0.010032636844222415632
1.19636828920866235177
0.0173770367480807075778
-0.010032636844222415632
1.19636828920866235177
-9.92616735063633209846e-24
0.0200652736884448312638
1.19636828920866235177
0.0
0.0
1.2247448713915890491
