-1.0
-1.0
-1.0
-0.934001430408059151045
-1.0
-1.0
-0.784483473663144420864
-1.0
-1.0
-0.565235326996205014827
-1.0
-1.0
-0.295758135586939389089
-1.0
-1.0
0.0
-1.0
-1.0
0.295758135586939389089
-1.0
-1.0
0.565235326996205014827
-1.0
-1.0
0.784483473663144420865
-1.0
-1.0
0.934001430408059151045
-1.0
-1.0
1.0
-1.0
-1.0
-1.0
-0.934001430408059151045
-1.0
-0.902794006173161980433
-0.90729952697735391736
-1.0
-0.71604886836898890529
-0.891013383510233007411
-1.0
-0.459289030794643337703
-0.881969563778065439039
-1.0
-0.158153399215743644689
-0.87799847850835894632
-1.0
0.158153399215743613248
-0.877998478508358920474
-1.0
0.459289030794643217899
-0.881969563778065394603
-1.0
0.71604886836898888025
-0.891013383510233047451
-1.0
0.902794006173161768123
-0.907299526977354130172
-1.0
1.0
-0.934001430408059151045
-1.0
-1.0
-0.784483473663144420864
-1.0
-0.874114683731618376145
-0.731522304911441169201
-1.0
-0.645677868841694733426
-0.699002845473841857471
-1.0
-0.342429850815377731874
-0.68165204574863985474
-1.0
9.68865931222622628338e-17
-0.676232345335805150868
-1.0
0.342429850815377722455
-0.681652045748639824375
-1.0
0.645677868841694813337
-0.69900284547384177497
-1.0
0.874114683731618215247
-0.731522304911441057968
-1.0
1.00000000000000012443
-0.784483473663144449308
-1.0
-1.0
-0.565235326996205014827
-1.0
-0.841697292083669047749
-0.49119920657729002016
-1.0
-0.560018775816930570199
-0.447097906700220831707
-1.0
-0.196223774197349097243
-0.426647377629040344475
-1.0
0.196223774197349094298
-0.426647377629040347987
-1.0
0.560018775816930611539
-0.447097906700220829643
-1.0
0.841697292083668972652
-0.491199206577289941604
-1.0
0.99999999999999985814
-0.565235326996204979652
-1.0
-1.0
-0.295758135586939389089
-1.0
-0.798262344015891500641
-0.209506682294866335069
-1.0
-0.442684979258854198287
-0.161883827332097343364
-1.0
3.06265937903473645099e-18
-0.146705244741919307537
-1.0
0.442684979258854427335
-0.161883827332097360409
-1.0
0.79826234401589154649
-0.209506682294866353713
-1.0
1.0
-0.295758135586939389089
-1.0
-1.0
2.11758236813575084767e-22
-1.0
-0.732597892610476301108
0.0875051608032253000333
-1.0
-0.269215639881674177493
0.128749952448860684384
-1.0
0.269215639881674131526
0.128749952448860656082
-1.0
0.732597892610476257495
0.0875051608032252555433
-1.0
1.0
2.11758236813575084767e-22
-1.0
-1.0
0.295758135586939389089
-1.0
-0.623406012208910229219
0.373168770355355262048
-1.0
-1.3704611921748315051e-16
0.398005690947683632442
-1.0
0.623406012208909799926
0.373168770355355295401
-1.0
1.0
0.295758135586939389089
-1.0
-1.0
0.565235326996205014827
-1.0
-0.422532869218542565074
0.6225356884216739643
-1.0
0.422532869218542165944
0.622535688421674114811
-1.0
0.999999999999999489277
0.565235326996205006324
-1.0
-1.0
0.784483473663144420865
-1.0
1.14784716935100849361e-15
0.814599053954708047531
-1.0
1.00000000000000103029
0.784483473663144456427
-1.0
-0.999999999999999999999
0.934001430408059151045
-1.0
0.999999999999999999999
0.934001430408059151045
-1.0
-1.0
1.0
-1.0
-1.0
-1.0
-0.934001430408059151045
-0.902794006173161980433
-1.0
-0.907299526977353917359
-0.71604886836898890529
-1.0
-0.891013383510233007411
-0.459289030794643337703
-1.0
-0.881969563778065439039
-0.158153399215743644689
-1.0
-0.87799847850835894632
0.158153399215743613248
-1.0
-0.877998478508358920474
0.459289030794643217899
-1.0
-0.881969563778065394603
0.716048868368988880251
-1.0
-0.891013383510233047451
0.902794006173161768123
-1.0
-0.907299526977354130171
1.0
-1.0
-0.934001430408059151045
-1.0
-0.902794006173161980433
-0.907299526977353917359
-0.848716098023392378253
-0.85935477708208811247
-0.868595485686134847089
-0.632986887715672554431
-0.834092350281092311359
-0.846800809129198802553
-0.338203732875352179704
-0.82287547906566603223
-0.837285815091256913278
-7.78582097204312192917e-18
-0.819646780217100074761
-0.834565135459237302714
0.338203732875351985056
-0.822875479065666005859
-0.837285815091256891024
0.63298688771567249623
-0.834092350281092279028
-0.846800809129198774985
0.848716098023392148625
-0.859354777082088094374
-0.868595485686134831293
1.0
-0.902794006173161980433
-0.907299526977353917359
-1.0
-0.71604886836898890529
-0.891013383510233007411
-0.800523680185041266666
-0.663432029153229764964
-0.846800809129198802572
-0.530380109454803139041
-0.619682452070368709968
-0.827687155316546733215
-0.185851805074819490545
-0.60082440463358328317
-0.820312130754950212827
0.185851805074819485309
-0.600824404633583281108
-0.820312130754950209266
0.530380109454803162525
-0.619682452070368690603
-0.827687155316546723003
0.800523680185041172876
-0.663432029153229687227
-0.846800809129198778452
0.99999999999999986315
-0.716048868368988930994
-0.891013383510232972281
-1.0
-0.459289030794643337703
-0.881969563778065439039
-0.746387804215799763673
-0.396813906260644058432
-0.837285815091256913278
-0.407903253781298211358
-0.348345850287695699232
-0.820312130754950212757
-1.16689588154357364036e-16
-0.333333333333333385195
-0.815708568399027897469
0.407903253781298212865
-0.348345850287695699453
-0.820312130754950210667
0.746387804215799640143
-0.396813906260644019662
-0.83728581509125689409
0.999999999999999838297
-0.459289030794643356192
-0.88196956377806539925
-1.0
-0.158153399215743644689
-0.87799847850835894632
-0.669130270918474603601
-0.0901766098914499621663
-0.8345651354592373018
-0.240265899902722689115
-0.0508297450787210210555
-0.820312130754950207176
0.240265899902722687994
-0.0508297450787210232695
-0.820312130754950207106
0.669130270918474607276
-0.0901766098914499687967
-0.834565135459237300887
1.0
-0.158153399215743644689
-0.87799847850835894632
-1.0
0.158153399215743613248
-0.877998478508358920474
-0.546015349263437057727
0.219689385326309919428
-0.837285815091256886494
-2.26069917248620556871e-17
0.239364904140737411142
-0.82768715531654671279
0.546015349263436739718
0.219689385326309920787
-0.83728581509125687497
1.0
0.158153399215743613248
-0.877998478508358920474
-1.0
0.459289030794643217899
-0.881969563778065394603
-0.339639007631328150427
0.497524379434321937906
-0.846800809129198766584
0.339639007631327666324
0.497524379434321967102
-0.846800809129198758774
0.999999999999999563593
0.459289030794643275835
-0.881969563778065358273
-1.0
0.71604886836898888025
-0.891013383510233047451
-3.9572616966068382971e-16
0.71870955416417599764
-0.86859548568613485061
0.999999999999999172949
0.716048868368988913766
-0.891013383510233019103
-1.0
0.902794006173161768123
-0.907299526977354130171
1.0
0.902794006173161768123
-0.907299526977354130171
-1.0
1.0
-0.934001430408059151045
-1.0
-1.0
-0.784483473663144316961
-0.874114683731618376145
-1.0
-0.731522304911441169201
-0.645677868841694733426
-1.0
-0.699002845473841857471
-0.342429850815377731874
-1.0
-0.68165204574863985474
9.68865931222622628338e-17
-1.0
-0.676232345335805150868
0.342429850815377722455
-1.0
-0.681652045748639824375
0.645677868841694813337
-1.0
-0.69900284547384177497
0.874114683731618215247
-1.0
-0.731522304911441057968
1.00000000000000012443
-1.0
-0.784483473663144345405
-1.0
-0.874114683731618376145
-0.731522304911441169201
-0.800523680185041269335
-0.818614714768340308888
-0.6892129995566061081
-0.530380109454803138208
-0.791445523011025583159
-0.652449251353763892734
-0.185851805074819489598
-0.780425005809104835973
-0.636687910726591077516
0.185851805074819484362
-0.780425005809104831465
-0.63668791072659107635
0.530380109454803161692
-0.79144552301102556881
-0.652449251353763876979
0.800523680185041175545
-0.818614714768340273058
-0.689212999556606040376
0.99999999999999986315
-0.874114683731618337697
-0.731522304911441198492
-1.0
-0.645677868841694733426
-0.699002845473841857471
-0.735898471297312127002
-0.579350774782939619202
-0.652449251353763892693
-0.39988478585447809697
-0.538393367431805685193
-0.624954997714967891946
1.11977755627018504825e-18
-0.525610078501522881253
-0.616560092346974032668
0.399884785854478306184
-0.538393367431805699653
-0.624954997714967901491
0.735898471297312155181
-0.57935077478293960789
-0.652449251353763884971
1.0
-0.645677868841694733426
-0.699002845473841857471
-1.0
-0.342429850815377731874
-0.68165204574863985474
-0.655632134664845329218
-0.275235097660431635303
-0.636687910726591077638
-0.233120184693948066138
-0.237194960749238559562
-0.616560092346974033069
0.233120184693948065114
-0.237194960749238558897
-0.61656009234697403347
0.655632134664845340342
-0.275235097660431636483
-0.636687910726591077522
1.0
-0.342429850815377731874
-0.68165204574863985474
-1.0
9.68865931222622628338e-17
-0.676232345335805150868
-0.534966181143842255116
0.0556601034695364734236
-0.636687910726591076234
1.53950143987600408801e-16
0.0767867348636115414345
-0.624954997714967901491
0.534966181143842248903
0.0556601034695364677618
-0.636687910726591076355
1.00000000000000026493
6.62333177940763878633e-17
-0.676232345335805182463
-1.0
0.342429850815377722455
-0.681652045748639824375
-0.337084393312477457898
0.370796297793965215465
-0.652449251353763869257
0.337084393312477421733
0.370796297793965212485
-0.652449251353763869216
1.0
0.342429850815377722455
-0.681652045748639824375
-0.999999999999999999999
0.645677868841694813337
-0.69900284547384177497
-2.72890404561930855626e-16
0.637229429536680505008
-0.689212999556606000317
1.0
0.645677868841694813337
-0.69900284547384177497
-1.0
0.874114683731618215247
-0.731522304911441057968
0.999999999999997962643
0.874114683731618148975
-0.731522304911441110407
-1.0
1.00000000000000003791
-0.784483473663144457177
-1.0
-1.0
-0.56523532699620515252
-0.841697292083669047749
-1.0
-0.49119920657729002016
-0.560018775816930570199
-1.0
-0.447097906700220831707
-0.196223774197349097243
-1.0
-0.426647377629040344475
0.196223774197349094298
-1.0
-0.426647377629040347987
0.560018775816930611539
-1.0
-0.447097906700220829643
0.841697292083668972652
-1.0
-0.491199206577289941604
0.99999999999999985814
-1.0
-0.565235326996205117346
-1.0
-0.841697292083669047749
-0.49119920657729002016
-0.746387804215799759894
-0.774928271813021865373
-0.445887373056188060138
-0.407903253781298209293
-0.744560721684835687082
-0.406893023110945014846
-1.16689588154357364036e-16
-0.735738151206462038861
-0.394763810533657414593
0.4079032537812982108
-0.744560721684835684271
-0.406893023110945015728
0.746387804215799636364
-0.774928271813021834188
-0.445887373056188030309
0.999999999999999838298
-0.841697292083668997372
-0.491199206577290048316
-1.0
-0.560018775816930570199
-0.447097906700220831707
-0.655632134664845328432
-0.483525636554729299215
-0.406893023110945015038
-0.233120184693948067162
-0.44567175555384553725
-0.383439907653025967621
0.233120184693948066138
-0.445671755553845537553
-0.383439907653025966931
0.655632134664845339555
-0.48352563655472929942
-0.406893023110945016046
1.0
-0.560018775816930570199
-0.447097906700220831707
-1.0
-0.196223774197349097243
-0.426647377629040344475
-0.533160267776725485543
-0.132130924396769081841
-0.394763810533657414593
1.0454504151486201935e-18
-0.108656488892308925447
-0.38343990765302596624
0.533160267776725208271
-0.132130924396769056035
-0.394763810533657402043
1.0
-0.196223774197349097243
-0.426647377629040344475
-1.0
0.196223774197349094298
-0.426647377629040347987
-0.338166176898735479428
0.228086358239564993991
-0.406893023110945016736
0.338166176898735474113
0.228086358239564991019
-0.406893023110945016928
1.0
0.196223774197349094298
-0.426647377629040347987
-1.0
0.560018775816930611539
-0.447097906700220829643
-2.65990474173597325064e-16
0.549856543626043614067
-0.445887373056188030309
1.0
0.560018775816930611539
-0.447097906700220829643
-0.999999999999999999999
0.841697292083668972652
-0.491199206577289941604
0.999999999999998118751
0.841697292083668898492
-0.49119920657729000183
-1.0
0.999999999999999951309
-0.565235326996204963852
-1.0
-1.0
-0.295758135586939389089
-0.798262344015891500641
-1.0
-0.209506682294866335069
-0.442684979258854198287
-1.0
-0.161883827332097343364
3.06265937903473645099e-18
-1.0
-0.146705244741919307537
0.442684979258854427335
-1.0
-0.161883827332097360409
0.79826234401589154649
-1.0
-0.209506682294866353713
1.0
-1.0
-0.295758135586939389089
-1.0
-0.798262344015891500641
-0.209506682294866335069
-0.669130270918474599926
-0.716097622313792750383
-0.165434864540762691702
-0.240265899902722688164
-0.683677893964097679973
-0.136106935407513692915
0.240265899902722687042
-0.68367789396409768042
-0.136106935407513694963
0.669130270918474603601
-0.716097622313792750398
-0.165434864540762698199
1.0
-0.798262344015891500641
-0.209506682294866335069
-1.0
-0.442684979258854198287
-0.161883827332097343364
-0.534966181143842250435
-0.360426245187753579737
-0.136106935407513694888
1.53950143987600408801e-16
-0.333333333333333264911
-0.12513500685509618005
0.534966181143842244223
-0.360426245187753582523
-0.136106935407513699457
1.00000000000000026493
-0.442684979258854257419
-0.161883827332097353257
-1.0
3.06265937903473645099e-18
-0.146705244741919307537
-0.338166176898735472073
0.0441041391518512558542
-0.136106935407513699532
0.338166176898735466758
0.0441041391518512537038
-0.136106935407513701506
1.0
3.06265937903473645099e-18
-0.146705244741919307537
-1.0
0.442684979258854427335
-0.161883827332097360409
-5.52329009080847893598e-18
0.432195244627585503961
-0.165434864540762704697
1.00000000000000068582
0.442684979258854448527
-0.161883827332097353257
-1.0
0.79826234401589154649
-0.209506682294866353713
1.0
0.79826234401589154649
-0.209506682294866353713
-1.0
1.0
-0.295758135586939389089
-1.0
-1.0
0.0
-0.732597892610476301108
-1.0
0.0875051608032253000332
-0.269215639881674177493
-1.0
0.128749952448860684383
0.269215639881674131526
-1.0
0.128749952448860656081
0.732597892610476257495
-1.0
0.0875051608032252555431
1.0
-1.0
0.0
-1.0
-0.732597892610476301108
0.0875051608032253000332
-0.546015349263437047957
-0.630002045367073059006
0.120459003238701727647
-2.26069917248620556871e-17
-0.602697727383816554255
0.132585658024074487443
0.546015349263436729949
-0.630002045367073035233
0.120459003238701721868
1.0
-0.732597892610476301108
0.0875051608032253000332
-1.0
-0.269215639881674177492
0.128749952448860684383
-0.337084393312477451722
-0.198651136308091761188
0.132585658024074484953
0.337084393312477415556
-0.198651136308091763395
0.132585658024074482463
1.0
-0.269215639881674177492
0.128749952448860684383
-1.0
0.269215639881674131526
0.128749952448860656081
-2.65990474173597325064e-16
0.260004090734145802768
0.120459003238701702748
1.0
0.269215639881674131526
0.128749952448860656081
-1.0
0.732597892610476257495
0.0875051608032252555431
1.0
0.732597892610476257495
0.0875051608032252555431
-1.0
1.0
0.0
-1.0
-1.0
0.295758135586939389089
-0.623406012208910229219
-1.0
0.373168770355355262048
-1.3704611921748315051e-16
-1.0
0.398005690947683632442
0.623406012208909799926
-1.0
0.373168770355355295401
1.0
-1.0
0.295758135586939389089
-1.0
-0.623406012208910229219
0.373168770355355262048
-0.339639007631328183185
-0.503555348869617455349
0.382814617815003489642
0.339639007631327699082
-0.503555348869617413058
0.382814617815003510753
0.999999999999999563593
-0.623406012208910096477
0.373168770355355290058
-1.0
-1.37045801580127930147e-16
0.398005690947683632442
-2.72890404561930855626e-16
0.00711069773923439471508
0.382814617815003531134
1.0
-1.37045801580127930147e-16
0.398005690947683632442
-1.0
0.623406012208909799926
0.373168770355355295401
0.999999999999998118751
0.623406012208909608192
0.373168770355355295567
-1.0
1.0
0.295758135586939389089
-1.0
-1.0
0.565235326996204877133
-0.422532869218542565074
-1.0
0.6225356884216739643
0.422532869218542165944
-1.0
0.622535688421674114811
0.999999999999999489277
-1.0
0.56523532699620486863
-1.0
-0.422532869218542565074
0.6225356884216739643
-3.9572616966068382971e-16
-0.333333333333333443877
0.605786457058404370562
0.99999999999999917295
-0.422532869218542403603
0.622535688421673971665
-1.0
0.422532869218542165944
0.622535688421674114811
0.999999999999997962644
0.422532869218541857049
0.622535688421674106573
-1.0
0.999999999999999824703
0.565235326996205063439
-1.0
-1.0
0.784483473663144524768
1.14784716935100849361e-15
-0.999999999999999999999
0.814599053954708047531
1.00000000000000103029
-0.999999999999999999999
0.78448347366314456033
-1.0
1.14784822814219256149e-15
0.814599053954708047531
1.0
1.14784822814219256149e-15
0.814599053954708047531
-1.0
1.00000000000000031388
0.784483473663144387097
-1.0
-1.0
0.934001430408059151045
1.0
-1.0
0.934001430408059151045
-1.0
0.999999999999999999998
0.934001430408059151045
-1.0
-1.0
1.0
