-1.0
-1.0
-1.0
-0.934001430408059151045
-1.0
-1.0
-0.784483473663144420864
-1.0
-1.0
-0.565235326996205014827
-1.0
-1.0
-0.295758135586939389089
-1.0
-1.0
-7.37224720937885915229e-23
-1.0
-1.0
0.295758135586939389089
-1.0
-1.0
0.565235326996205014827
-1.0
-1.0
0.784483473663144420865
-1.0
-1.0
0.934001430408059151045
-1.0
-1.0
1.0
-1.0
-1.0
-1.0
-0.934001430408059151045
-1.0
-0.907299526977354130172
-0.90729952697735391736
-1.0
-0.731522304911441081116
-0.891013383510233007411
-1.0
-0.491199206577289973675
-0.881969563778065439039
-1.0
-0.209506682294866353713
-0.87799847850835894632
-1.0
0.0875051608032252555431
-0.877998478508358920474
-1.0
0.373168770355355267558
-0.881969563778065394603
-1.0
0.622535688421674099207
-0.891013383510233047451
-1.0
0.814599053954708047531
-0.907299526977354130172
-1.0
0.934001430408059151045
-0.934001430408059151045
-1.0
-1.0
-0.784483473663144420864
-1.0
-0.891013383510233054233
-0.731522304911441169201
-1.0
-0.69900284547384177497
-0.699002845473841857471
-1.0
-0.447097906700220829643
-0.68165204574863985474
-1.0
-0.161883827332097343364
-0.676232345335805150868
-1.0
0.128749952448860656081
-0.681652045748639824375
-1.0
0.398005690947683632442
-0.69900284547384177497
-1.0
0.622535688421673979903
-0.731522304911441057968
-1.0
0.78448347366314456033
-0.784483473663144449308
-1.0
-1.0
-0.565235326996205014827
-1.0
-0.881969563778065398063
-0.49119920657729002016
-1.0
-0.681652045748639824375
-0.447097906700220831707
-1.0
-0.426647377629040347988
-0.426647377629040344476
-1.0
-0.146705244741919307537
-0.426647377629040347988
-1.0
0.128749952448860684384
-0.447097906700220829643
-1.0
0.373168770355355289892
-0.491199206577289941604
-1.0
0.56523532699620486863
-0.565235326996204979652
-1.0
-1.0
-0.295758135586939389089
-1.0
-0.877998478508358920474
-0.209506682294866335069
-1.0
-0.676232345335805150868
-0.161883827332097343364
-1.0
-0.426647377629040344476
-0.146705244741919307537
-1.0
-0.161883827332097360409
-0.161883827332097360409
-1.0
0.0875051608032253000331
-0.209506682294866353713
-1.0
0.295758135586939389089
-0.295758135586939389089
-1.0
-1.0
-4.32203519139966705109e-23
-1.0
-0.87799847850835894632
0.087505160803225300033
-1.0
-0.68165204574863985474
0.128749952448860684383
-1.0
-0.447097906700220831707
0.128749952448860656081
-1.0
-0.209506682294866335069
0.087505160803225255543
-1.0
-4.3220187005895696012e-23
-4.32203519139966705109e-23
-1.0
-1.0
0.295758135586939389089
-1.0
-0.881969563778065435579
0.373168770355355262048
-1.0
-0.699002845473841857471
0.398005690947683632442
-1.0
-0.491199206577289988089
0.373168770355355295401
-1.0
-0.295758135586939389089
0.295758135586939389089
-1.0
-1.0
0.565235326996205014827
-1.0
-0.891013383510233000629
0.6225356884216739643
-1.0
-0.731522304911441146053
0.622535688421674114811
-1.0
-0.565235326996205117346
0.565235326996205006323
-1.0
-1.0
0.784483473663144420865
-1.0
-0.90729952697735391736
0.814599053954708047531
-1.0
-0.784483473663144345405
0.784483473663144456427
-1.0
-1.0
0.934001430408059151045
-1.0
-0.934001430408059151045
0.934001430408059151045
-1.0
-1.0
1.0
-1.0
-1.0
-1.0
-0.934001430408059151045
-0.907299526977354130172
-1.0
-0.907299526977353917359
-0.731522304911441081116
-1.0
-0.891013383510233007411
-0.491199206577289973675
-1.0
-0.881969563778065439039
-0.209506682294866353713
-1.0
-0.87799847850835894632
0.0875051608032252555431
-1.0
-0.877998478508358920474
0.373168770355355267558
-1.0
-0.881969563778065394603
0.622535688421674099208
-1.0
-0.891013383510233047451
0.814599053954708047531
-1.0
-0.907299526977354130171
0.934001430408059151045
-1.0
-0.934001430408059151045
-1.0
-0.907299526977354130172
-0.907299526977353917359
-0.868595485686134885723
-0.868595485686134866406
-0.868595485686134847089
-0.689212999556606027981
-0.846800809129198794171
-0.846800809129198802553
-0.445887373056188060138
-0.837285815091256908748
-0.837285815091256913278
-0.165434864540762704697
-0.834565135459237300887
-0.834565135459237302714
0.120459003238701689407
-0.837285815091256886494
-0.837285815091256891024
0.382814617815003530403
-0.846800809129198766604
-0.846800809129198774985
0.605786457058404370562
-0.86859548568613485061
-0.868595485686134831293
0.814599053954708047531
-0.907299526977354130172
-0.907299526977353917359
-1.0
-0.731522304911441081116
-0.891013383510233007411
-0.846800809129198774474
-0.68921299955660606804
-0.846800809129198802572
-0.652449251353763869257
-0.652449251353763884971
-0.827687155316546733215
-0.406893023110945016736
-0.636687910726591077522
-0.820312130754950212827
-0.136106935407513699532
-0.636687910726591076355
-0.820312130754950209266
0.132585658024074484953
-0.652449251353763869216
-0.827687155316546723003
0.382814617815003490372
-0.689212999556606000317
-0.846800809129198778452
0.622535688421673971665
-0.731522304911441110407
-0.891013383510232972281
-1.0
-0.491199206577289973675
-0.881969563778065439039
-0.837285815091256889629
-0.445887373056188060138
-0.837285815091256913278
-0.636687910726591076234
-0.406893023110945016046
-0.820312130754950212757
-0.394763810533657414593
-0.394763810533657414593
-0.815708568399027897469
-0.136106935407513694888
-0.406893023110945016928
-0.820312130754950210667
0.120459003238701740987
-0.445887373056188030309
-0.83728581509125689409
0.373168770355355290058
-0.49119920657729000183
-0.88196956377806539925
-1.0
-0.209506682294866353713
-0.87799847850835894632
-0.8345651354592373018
-0.165434864540762698199
-0.8345651354592373018
-0.636687910726591077638
-0.136106935407513699458
-0.820312130754950207176
-0.406893023110945015038
-0.136106935407513701506
-0.820312130754950207106
-0.165434864540762691702
-0.165434864540762704697
-0.834565135459237300887
0.0875051608032253000331
-0.209506682294866353713
-0.87799847850835894632
-1.0
0.0875051608032252555431
-0.877998478508358920474
-0.837285815091256910143
0.120459003238701708527
-0.837285815091256886494
-0.652449251353763892693
0.132585658024074482462
-0.82768715531654671279
-0.445887373056188030309
0.120459003238701702748
-0.83728581509125687497
-0.209506682294866335069
0.0875051608032252555431
-0.877998478508358920474
-1.0
0.373168770355355267558
-0.881969563778065394603
-0.846800809129198794683
0.382814617815003510023
-0.846800809129198766584
-0.689212999556606080435
0.382814617815003531133
-0.846800809129198758774
-0.491199206577290048316
0.373168770355355295567
-0.881969563778065358273
-1.0
0.622535688421674099208
-0.891013383510233047451
-0.868595485686134811976
0.605786457058404370562
-0.86859548568613485061
-0.731522304911441198492
0.622535688421674106573
-0.891013383510233019103
-1.0
0.814599053954708047531
-0.907299526977354130171
-0.907299526977353917359
0.814599053954708047531
-0.907299526977354130171
-1.0
0.934001430408059151045
-0.934001430408059151045
-1.0
-1.0
-0.784483473663144316961
-0.891013383510233054233
-1.0
-0.731522304911441169201
-0.69900284547384177497
-1.0
-0.699002845473841857471
-0.447097906700220829643
-1.0
-0.68165204574863985474
-0.161883827332097343364
-1.0
-0.676232345335805150868
0.128749952448860656081
-1.0
-0.681652045748639824375
0.398005690947683632442
-1.0
-0.69900284547384177497
0.622535688421673979903
-1.0
-0.731522304911441057968
0.784483473663144456427
-1.0
-0.784483473663144345405
-1.0
-0.891013383510233054233
-0.731522304911441169201
-0.846800809129198774493
-0.846800809129198782875
-0.6892129995566061081
-0.652449251353763869216
-0.827687155316546723003
-0.652449251353763892734
-0.406893023110945016928
-0.820312130754950210668
-0.636687910726591077516
-0.136106935407513701506
-0.820312130754950207106
-0.63668791072659107635
0.132585658024074482462
-0.827687155316546712791
-0.652449251353763876979
0.382814617815003510753
-0.846800809129198758755
-0.689212999556606040376
0.622535688421674106573
-0.891013383510233019103
-0.731522304911441198492
-1.0
-0.69900284547384177497
-0.699002845473841857471
-0.827687155316546712791
-0.652449251353763876979
-0.652449251353763892693
-0.624954997714967891946
-0.624954997714967891946
-0.624954997714967891946
-0.383439907653025966241
-0.61656009234697403347
-0.616560092346974032668
-0.12513500685509618005
-0.624954997714967901491
-0.624954997714967901491
0.132585658024074487443
-0.652449251353763869257
-0.652449251353763884971
0.398005690947683632442
-0.69900284547384177497
-0.699002845473841857471
-1.0
-0.447097906700220829643
-0.68165204574863985474
-0.820312130754950207176
-0.406893023110945015728
-0.636687910726591077638
-0.616560092346974033069
-0.383439907653025966931
-0.616560092346974033069
-0.383439907653025967622
-0.383439907653025966241
-0.61656009234697403347
-0.136106935407513692915
-0.406893023110945016736
-0.636687910726591077522
0.128749952448860684384
-0.447097906700220829643
-0.68165204574863985474
-1.0
-0.161883827332097343364
-0.676232345335805150868
-0.820312130754950212757
-0.136106935407513694963
-0.636687910726591076234
-0.624954997714967901491
-0.12513500685509618005
-0.624954997714967901491
-0.406893023110945014846
-0.136106935407513699532
-0.636687910726591076355
-0.161883827332097353257
-0.161883827332097353257
-0.676232345335805182463
-1.0
0.128749952448860656081
-0.681652045748639824375
-0.827687155316546733215
0.132585658024074487443
-0.652449251353763869257
-0.652449251353763892734
0.132585658024074484953
-0.652449251353763869216
-0.447097906700220831707
0.128749952448860656081
-0.681652045748639824375
-1.0
0.398005690947683632442
-0.69900284547384177497
-0.846800809129198786834
0.382814617815003490372
-0.689212999556606000317
-0.699002845473841857471
0.398005690947683632442
-0.69900284547384177497
-1.0
0.622535688421673979903
-0.731522304911441057968
-0.891013383510232972281
0.622535688421673971665
-0.731522304911441110407
-1.0
0.784483473663144491
-0.784483473663144457177
-1.0
-1.0
-0.56523532699620515252
-0.881969563778065398063
-1.0
-0.49119920657729002016
-0.681652045748639824375
-1.0
-0.447097906700220831707
-0.426647377629040347988
-1.0
-0.426647377629040344475
-0.146705244741919307537
-1.0
-0.426647377629040347987
0.128749952448860684384
-1.0
-0.447097906700220829643
0.373168770355355289892
-1.0
-0.491199206577289941604
0.565235326996205006323
-1.0
-0.565235326996205117346
-1.0
-0.881969563778065398063
-0.49119920657729002016
-0.837285815091256889629
-0.837285815091256894158
-0.445887373056188060138
-0.636687910726591076356
-0.820312130754950209266
-0.406893023110945014846
-0.394763810533657414593
-0.81570856839902789747
-0.394763810533657414593
-0.136106935407513699458
-0.820312130754950207176
-0.406893023110945015728
0.120459003238701721867
-0.83728581509125687497
-0.445887373056188030309
0.373168770355355295567
-0.881969563778065358273
-0.491199206577290048316
-1.0
-0.681652045748639824375
-0.447097906700220831707
-0.820312130754950207106
-0.63668791072659107635
-0.406893023110945015038
-0.61656009234697403347
-0.616560092346974032668
-0.383439907653025967621
-0.383439907653025966931
-0.616560092346974033069
-0.383439907653025966931
-0.136106935407513694963
-0.636687910726591076234
-0.406893023110945016046
0.128749952448860656081
-0.681652045748639824375
-0.447097906700220831707
-1.0
-0.426647377629040347988
-0.426647377629040344475
-0.815708568399027897469
-0.394763810533657414593
-0.394763810533657414593
-0.616560092346974032668
-0.383439907653025967622
-0.38343990765302596624
-0.394763810533657402043
-0.394763810533657402043
-0.394763810533657402043
-0.146705244741919307537
-0.426647377629040347988
-0.426647377629040344475
-1.0
-0.146705244741919307537
-0.426647377629040347987
-0.820312130754950212827
-0.136106935407513692915
-0.406893023110945016736
-0.636687910726591077516
-0.136106935407513694888
-0.406893023110945016928
-0.426647377629040344476
-0.146705244741919307537
-0.426647377629040347987
-1.0
0.128749952448860684383
-0.447097906700220829643
-0.83728581509125689862
0.120459003238701740987
-0.445887373056188030309
-0.68165204574863985474
0.128749952448860684383
-0.447097906700220829643
-1.0
0.373168770355355289892
-0.491199206577289941604
-0.88196956377806539925
0.373168770355355290058
-0.49119920657729000183
-1.0
0.565235326996204925746
-0.565235326996204963852
-1.0
-1.0
-0.295758135586939389089
-0.877998478508358920474
-1.0
-0.209506682294866335069
-0.676232345335805150868
-1.0
-0.161883827332097343364
-0.426647377629040344476
-1.0
-0.146705244741919307537
-0.161883827332097360409
-1.0
-0.161883827332097360409
0.0875051608032253000331
-1.0
-0.209506682294866353713
0.295758135586939389089
-1.0
-0.295758135586939389089
-1.0
-0.877998478508358920474
-0.209506682294866335069
-0.834565135459237300887
-0.834565135459237302714
-0.165434864540762691702
-0.636687910726591077522
-0.820312130754950212827
-0.136106935407513692915
-0.406893023110945016046
-0.820312130754950212757
-0.136106935407513694963
-0.1654348645407626982
-0.8345651354592373018
-0.165434864540762698199
0.0875051608032252555431
-0.877998478508358920474
-0.209506682294866335069
-1.0
-0.676232345335805150868
-0.161883827332097343364
-0.820312130754950210668
-0.636687910726591077516
-0.136106935407513694888
-0.624954997714967901491
-0.624954997714967901491
-0.12513500685509618005
-0.406893023110945015728
-0.636687910726591077638
-0.136106935407513699457
-0.161883827332097353257
-0.676232345335805182464
-0.161883827332097353257
-1.0
-0.426647377629040344476
-0.146705244741919307537
-0.820312130754950209266
-0.406893023110945014846
-0.136106935407513699532
-0.63668791072659107635
-0.406893023110945015038
-0.136106935407513701506
-0.426647377629040347988
-0.426647377629040344476
-0.146705244741919307537
-1.0
-0.161883827332097360409
-0.161883827332097360409
-0.834565135459237302714
-0.165434864540762691702
-0.165434864540762704697
-0.676232345335805182464
-0.161883827332097353257
-0.161883827332097353257
-1.0
0.087505160803225300033
-0.209506682294866353713
-0.87799847850835894632
0.087505160803225300033
-0.209506682294866353713
-1.0
0.295758135586939389089
-0.295758135586939389089
-1.0
-1.0
0.0
-0.87799847850835894632
-1.0
0.0875051608032253000332
-0.68165204574863985474
-1.0
0.128749952448860684383
-0.447097906700220831707
-1.0
0.128749952448860656081
-0.209506682294866335069
-1.0
0.0875051608032252555431
0.0
-1.0
0.0
-1.0
-0.87799847850835894632
0.0875051608032253000332
-0.837285815091256905614
-0.837285815091256910143
0.120459003238701727647
-0.652449251353763884971
-0.827687155316546733215
0.132585658024074487443
-0.445887373056188030309
-0.83728581509125689862
0.120459003238701721868
-0.209506682294866353713
-0.87799847850835894632
0.0875051608032253000332
-1.0
-0.68165204574863985474
0.128749952448860684383
-0.827687155316546723003
-0.652449251353763892734
0.132585658024074484953
-0.652449251353763876979
-0.652449251353763892693
0.132585658024074482463
-0.447097906700220829643
-0.68165204574863985474
0.128749952448860684383
-1.0
-0.447097906700220831707
0.128749952448860656081
-0.8372858150912568795
-0.445887373056188030309
0.120459003238701702748
-0.681652045748639824375
-0.447097906700220831707
0.128749952448860656081
-1.0
-0.209506682294866335069
0.0875051608032252555431
-0.877998478508358920474
-0.209506682294866335069
0.0875051608032252555431
-1.0
0.0
0.0
-1.0
-1.0
0.295758135586939389089
-0.881969563778065435579
-1.0
0.373168770355355262048
-0.699002845473841857471
-1.0
0.398005690947683632442
-0.491199206577289988089
-1.0
0.373168770355355295401
-0.295758135586939389089
-1.0
0.295758135586939389089
-1.0
-0.881969563778065435579
0.373168770355355262048
-0.846800809129198786283
-0.846800809129198794664
0.382814617815003489642
-0.689212999556606040376
-0.846800809129198786854
0.382814617815003510753
-0.49119920657729000183
-0.88196956377806539925
0.373168770355355290058
-1.0
-0.699002845473841857471
0.398005690947683632442
-0.846800809129198767156
-0.689212999556606080435
0.382814617815003531134
-0.69900284547384177497
-0.699002845473841857471
0.398005690947683632442
-1.0
-0.491199206577289988089
0.373168770355355295401
-0.881969563778065358273
-0.491199206577290048316
0.373168770355355295567
-1.0
-0.295758135586939389089
0.295758135586939389089
-1.0
-1.0
0.565235326996204877133
-0.891013383510233000629
-1.0
0.6225356884216739643
-0.731522304911441146053
-1.0
0.622535688421674114811
-0.565235326996204979652
-1.0
0.56523532699620486863
-1.0
-0.891013383510233000629
0.6225356884216739643
-0.868595485686134831293
-0.868595485686134811976
0.605786457058404370562
-0.731522304911441110407
-0.891013383510232972281
0.622535688421673971665
-1.0
-0.731522304911441146053
0.622535688421674114811
-0.891013383510233019103
-0.731522304911441198492
0.622535688421674106573
-1.0
-0.565235326996205101546
0.565235326996205063439
-1.0
-1.0
0.784483473663144524768
-0.90729952697735391736
-1.0
0.814599053954708047531
-0.784483473663144449308
-1.0
0.78448347366314456033
-1.0
-0.907299526977353917359
0.814599053954708047531
-0.907299526977354130172
-0.907299526977353917359
0.814599053954708047531
-1.0
-0.784483473663144353274
0.784483473663144387097
-1.0
-1.0
0.934001430408059151045
-0.934001430408059151045
-1.0
0.934001430408059151045
-1.0
-0.934001430408059151045
0.934001430408059151045
-1.0
-1.0
1.0
