-1.0
-0.577350269189625764509
-0.408248290463863016366
-0.934001430408059151045
-0.577350269189625764509
-0.408248290463863016366
-0.784483473663144420864
-0.577350269189625764509
-0.408248290463863016366
-0.565235326996205014827
-0.577350269189625764509
-0.408248290463863016366
-0.295758135586939389089
-0.577350269189625764509
-0.408248290463863016366
0.0
-0.577350269189625764509
-0.408248290463863016366
0.295758135586939389089
-0.577350269189625764509
-0.408248290463863016366
0.565235326996205014827
-0.577350269189625764509
-0.408248290463863016366
0.784483473663144420865
-0.577350269189625764509
-0.408248290463863016366
0.934001430408059151045
-0.577350269189625764509
-0.408248290463863016366
1.0
-0.577350269189625764509
-0.408248290463863016366
-0.967000715204029575523
-0.520193831309569816622
-0.408248290463863016366
-0.860949290466031088851
-0.497069304609180229052
-0.408248290463863016366
-0.677028996666557584821
-0.482965090636975545421
-0.408248290463863016366
-0.432183988466322693194
-0.475132913001671453247
-0.408248290463863016366
-0.148505921549045826873
-0.471693852277511451443
-0.408248290463863016366
0.148505921549045795306
-0.471693852277511429059
-0.408248290463863016366
0.432183988466322570256
-0.475132913001671414764
-0.408248290463863016366
0.677028996666557575482
-0.482965090636975580098
-0.408248290463863016366
0.860949290466030982445
-0.497069304609180413353
-0.408248290463863016366
0.967000715204029575523
-0.520193831309569816622
-0.408248290463863016366
-0.892241736831572210432
-0.390707482446530805561
-0.408248290463863016366
-0.756774535965953638834
-0.344841764893441202556
-0.408248290463863016366
-0.548504268210762703706
-0.316679086903142584508
-0.408248290463863016366
-0.287923929574540757013
-0.301652853565141592979
-0.408248290463863016366
8.12022362391870932124e-17
-0.296959255326725729728
-0.408248290463863016366
0.287923929574540743894
-0.301652853565141566682
-0.408248290463863016366
0.548504268210762744956
-0.31667908690314251306
-0.408248290463863016366
0.756774535965953450919
-0.344841764893441106225
-0.408248290463863016366
0.892241736831572335676
-0.390707482446530830193
-0.408248290463863016366
-0.782617663498102507413
-0.200833017700304780193
-0.408248290463863016366
-0.627569167066710408143
-0.136715856619880599001
-0.408248290463863016366
-0.405200999098750240228
-0.098523010586423140616
-0.408248290463863016366
-0.139971066443560520225
-0.0808123328899486581257
-0.408248290463863016366
0.139971066443560518469
-0.0808123328899486611672
-0.408248290463863016366
0.405200999098750269562
-0.0985230105864231388291
-0.408248290463863016366
0.62756916706671031909
-0.136715856619880530969
-0.408248290463863016366
0.782617663498102378804
-0.200833017700304749731
-0.408248290463863016366
-0.647879067793469694544
0.0325410758006009446332
-0.408248290463863016366
-0.482751819655792088008
0.107237025464863161248
-0.408248290463863016366
-0.25717425900185382255
0.148479627663362935187
-0.408248290463863016366
1.75600848749902160254e-18
0.161624665779897319293
-0.408248290463863016366
0.257174259001853959386
0.148479627663362920426
-0.408248290463863016366
0.482751819655792123177
0.107237025464863145102
-0.408248290463863016366
0.647879067793469694544
0.0325410758006009446332
-0.408248290463863016366
-0.5
0.288675134594812882255
-0.408248290463863016366
-0.334245898106746296304
0.364456826812648306341
-0.408248290463863016366
-0.117277069524209512548
0.400175864151564731809
-0.408248290463863016366
0.117277069524209496334
0.400175864151564707298
-0.408248290463863016366
0.334245898106746292702
0.364456826812648267811
-0.408248290463863016366
0.5
0.288675134594812882255
-0.408248290463863016366
-0.352120932206530305456
0.544809193389024819876
-0.408248290463863016366
-0.195385178600387804555
0.61184876962155188151
-0.408248290463863016366
-4.1250425121945621422e-17
0.633358173806285097568
-0.408248290463863016366
0.195385178600387659612
0.611848769621551910395
-0.408248290463863016366
0.352120932206530305456
0.544809193389024819876
-0.408248290463863016366
-0.217382336501897492587
0.778183286889930544702
-0.408248290463863016366
-0.0797455392993960184791
0.82780685553041656411
-0.408248290463863016366
0.0797455392993959113523
0.827806855530416694456
-0.408248290463863016366
0.217382336501897385816
0.778183286889930537338
-0.408248290463863016366
-0.107758263168427789568
0.96805775163615657007
-0.408248290463863016366
1.0640601260464911974e-16
0.994138609218360642404
-0.408248290463863016366
0.107758263168427882809
0.968057751636156600868
-0.408248290463863016366
-0.0329992847959704244774
1.09754410049919558113
-0.408248290463863016366
0.0329992847959704244774
1.09754410049919558113
-0.408248290463863016366
0.0
1.15470053837925152902
-0.408248290463863016366
-0.967000715204029575523
-0.558298123229607115213
-0.354360684045922726499
-0.860949290466031088851
-0.550589947662810586023
-0.33255867119048958527
-0.677028996666557584821
-0.545888543005409024813
-0.319261090733086940583
-0.432183988466322693194
-0.543277817126974327422
-0.31187684284324541802
-0.148505921549045826873
-0.54213146355225432682
-0.308634465297957609928
0.148505921549045795306
-0.542131463552254319359
-0.308634465297957588825
0.432183988466322570256
-0.543277817126974314594
-0.311876842843245381738
0.677028996666557575482
-0.545888543005409036372
-0.319261090733086973276
0.860949290466030982445
-0.550589947662810647457
-0.33255867119048975903
0.967000715204029575523
-0.558298123229607115213
-0.354360684045922726499
-0.907299526977354023765
-0.470308983082365234867
-0.33255867119048958527
-0.737190971372269742471
-0.425617405765941625339
-0.300956953808123683686
-0.536013808685804826344
-0.400451081011845898685
-0.283161674916959739227
-0.283173188147444971151
-0.389464112273559034025
-0.275392714817432488725
-6.49774897065565435882e-18
-0.38632254203770852811
-0.273171289200088772885
0.283173188147444800649
-0.389464112273559008328
-0.275392714817432470554
0.536013808685804759609
-0.400451081011845866853
-0.283161674916959716718
0.737190971372269529611
-0.425617405765941607099
-0.300956953808123670788
0.907299526977354023765
-0.470308983082365234867
-0.33255867119048958527
-0.811267844210837044263
-0.313380038709224386576
-0.319261090733086940583
-0.61480771347210120978
-0.263976034595236057201
-0.283161674916959739242
-0.39251745468891917835
-0.226620058126274230441
-0.26755544192989312966
-0.135393043851715661911
-0.210841350537483896013
-0.261533759591091569145
0.135393043851715657657
-0.210841350537483893975
-0.261533759591091566237
0.392517454688919188843
-0.226620058126274213848
-0.267555441929893121321
0.614807713472101100988
-0.263976034595235991588
-0.283161674916959719549
0.811267844210836930322
-0.313380038709224401801
-0.3192610907330869119
-0.686584385177677706357
-0.102643404557229121656
-0.31187684284324541802
-0.478872409164979376336
-0.0505031184695383300589
-0.275392714817432488725
-0.250290487659538690635
-0.0118331402025443158232
-0.261533759591091569088
-7.06247222656032836702e-17
-4.07752190624182216752e-17
-0.257774966667393411269
0.250290487659538691314
-0.0118331402025443159838
-0.261533759591091567382
0.478872409164979278788
-0.0505031184695382986872
-0.275392714817432473057
0.686584385177677589518
-0.102643404557229134554
-0.311876842843245385532
-0.543752580401612650017
0.142455831102234582791
-0.308634465297957609928
-0.334565135459237301801
0.193161271018854264319
-0.273171289200088772139
-0.114897443807823030955
0.222674490740028208419
-0.261533759591091564531
0.114897443807823030656
0.222674490740028206666
-0.261533759591091564474
0.334565135459237305506
0.193161271018854258955
-0.273171289200088771393
0.543752580401612650017
0.142455831102234582791
-0.308634465297957609928
-0.395246658852566832465
0.399675632450019712961
-0.308634465297957588825
-0.195699221017534499127
0.439967230743097221442
-0.275392714817432466855
-7.85710077978804142997e-18
0.453240116252548448855
-0.267555441929893112983
0.19569922101753438358
0.439967230743097219763
-0.275392714817432457446
0.395246658852566832465
0.399675632450019712961
-0.308634465297957588825
-0.254400396711355063523
0.645921221684203336197
-0.311876842843245381738
-0.0787939047862964229643
0.664427115607081832253
-0.283161674916959709858
0.0787939047862963057444
0.66442711560708185279
-0.283161674916959703481
0.254400396711354920331
0.645921221684203370941
-0.311876842843245352075
-0.134238847544279474122
0.85926858171463340908
-0.319261090733086973276
-5.20002128997785529642e-17
0.851234811531883068369
-0.300956953808123686561
0.134238847544279345243
0.859268581714633423642
-0.31926109073308695013
-0.0463502365113230413203
1.02089893074517575946
-0.33255867119048975903
0.0463502365113230413203
1.02089893074517575946
-0.33255867119048975903
6.61744490042422139897e-24
1.11659624645921423043
-0.354360684045922726499
-0.892241736831572158481
-0.515136006941927414865
-0.232279783576400131245
-0.756774535965953638834
-0.499847434424230910525
-0.189037170368698186949
-0.548504268210762703706
-0.490459875094131371175
-0.16248514292428047642
-0.287923929574540757013
-0.485451130648131040666
-0.148318274272291312787
8.12022362391870932124e-17
-0.483886597901992419582
-0.143893107415559191808
0.287923929574540743894
-0.4854511306481310319
-0.148318274272291287994
0.548504268210762744956
-0.490459875094131347359
-0.162485142924280409058
0.756774535965953450919
-0.499847434424230878414
-0.189037170368698096127
0.892241736831572283725
-0.515136006941927423076
-0.232279783576400154469
-0.811267844210837111717
-0.405462255871580731986
-0.189037170368698186949
-0.61480771347210121998
-0.354959398872975950883
-0.154491767205048229091
-0.392517454688919177084
-0.32779370915141268877
-0.124474292495339727696
-0.13539304385171566102
-0.316856843400592111644
-0.111605211762415862992
0.135393043851715656766
-0.316856843400592108223
-0.111605211762415862039
0.392517454688919187578
-0.327793709151412675378
-0.124474292495339714832
0.614807713472101111188
-0.354959398872975910445
-0.154491767205048173795
0.811267844210836997775
-0.405462255871580710018
-0.189037170368698210865
-0.699002845473841816221
-0.229788692807648119726
-0.16248514292428047642
-0.480136406670310597626
-0.176033232613704993282
-0.124474292495339727663
-0.249909995429935783892
-0.144285603134651569425
-0.102025328404103102884
6.90473299897001344073e-19
-0.134592001386586192133
-0.0951709168739243030704
0.249909995429935918459
-0.144285603134651580446
-0.102025328404103110678
0.480136406670310610329
-0.176033232613704984366
-0.124474292495339721358
0.699002845473841816221
-0.229788692807648119726
-0.16248514292428047642
-0.564374976224430342192
-0.0066238720449284149859
-0.148318274272291312787
-0.342102597673718253859
0.0411746062290097931492
-0.111605211762415863091
-0.116560092346974033069
0.0672960006932930959509
-0.0951709168739243033976
0.116560092346974032523
0.0672960006932930964332
-0.0951709168739243037249
0.342102597673718259956
0.0411746062290097923098
-0.111605211762415862996
0.564374976224430342192
-0.0066238720449284149859
-0.148318274272291312787
-0.419058086333951247116
0.241943298950996280114
-0.143893107415559191808
-0.206709553822002598356
0.275682237171582319803
-0.111605211762415861944
5.77381877924078195968e-17
0.288571206269303260898
-0.102025328404103110678
0.20670955382200259721
0.275682237171582315811
-0.111605211762415862044
0.419058086333951378883
0.241943298950996262426
-0.143893107415559217605
-0.276451046649889584147
0.492075002693059439907
-0.148318274272291287994
-0.0876189519813914241223
0.503826941765117684275
-0.124474292495339708527
0.0876189519813914151346
0.50382694176511768213
-0.124474292495339708494
0.276451046649889584147
0.492075002693059439907
-0.148318274272291287994
-0.150498577263079071264
0.720248567901779514717
-0.162485142924280409058
-4.18066445268834287153e-17
0.709918797745951773985
-0.154491767205048141086
0.150498577263079071264
0.720248567901779514717
-0.162485142924280409058
-0.0544933082448835390323
0.905309690295811463717
-0.189037170368698096127
0.0544933082448834583484
0.905309690295811441445
-0.189037170368698138943
1.69114495432955342681e-17
1.03027201388385493998
-0.232279783576400245731
-0.78261766349810257626
-0.451844518693185476153
-0.0532644214481036911193
-0.627569167066710408143
-0.430472131666377376007
0.00718581773909391803813
-0.405200999098750240228
-0.417741182988558223211
0.043194378303189254807
-0.139971066443560520225
-0.411837623756400062381
0.0598921653679711873965
0.139971066443560518469
-0.411837623756400063395
0.0598921653679711845289
0.405200999098750269562
-0.417741182988558222616
0.0431943783031892564917
0.62756916706671031909
-0.430472131666377353329
0.00718581773909398217921
0.782617663498102447651
-0.451844518693185465999
-0.0532644214481036623994
-0.686584385177677709112
-0.328254775478423029258
0.00718581773909391803813
-0.478872409164979366776
-0.276477114338885452093
0.0441827748846399937761
-0.250290487659538688412
-0.250520773288945583362
0.0760215282904302010989
-7.06247228859887430849e-17
-0.243032569267533526375
0.0859249888891310986464
0.25029048765953868909
-0.250520773288945581807
0.0760215282904302003788
0.478872409164979269228
-0.276477114338885426865
0.0441827748846400181312
0.686584385177677592272
-0.328254775478423002927
0.00718581773909389504894
-0.564374976224430328041
-0.142043767364074025384
0.043194378303189254807
-0.3421025976737182528
-0.0914975339942832592329
0.0760215282904302009426
-0.116560092346974033615
-0.0672960006932930958032
0.0951709168739243028339
0.116560092346974033069
-0.0672960006932930959509
0.0951709168739243033977
0.342102597673718258897
-0.0914975339942832594233
0.0760215282904302001196
0.564374976224430328041
-0.142043767364074025384
0.043194378303189254807
-0.426647377629040346232
0.0847003125432770409606
0.0598921653679711873965
-0.210472378932685312063
0.121516284633766702025
0.0859249888891310986464
4.00814501715632324997e-19
0.134592001386586191503
0.0951709168739243039614
0.210472378932685195914
0.121516284633766716517
0.0859249888891311088937
0.426647377629040346232
0.0847003125432770409606
0.0598921653679711873965
-0.286676311185479827762
0.327137311213123020407
0.0598921653679711845289
-0.0918121100141795676526
0.342018307283228847729
0.0760215282904301995558
0.0918121100141795665755
0.342018307283228845965
0.0760215282904301993995
0.286676311185479827762
0.327137311213123020407
0.0598921653679711845289
-0.15917397712568007263
0.559784950352632273702
0.0431943783031892564917
-4.32804835094671364114e-17
0.552954228677770819728
0.0441827748846400181312
0.15917397712568007263
0.559784950352632273702
0.0431943783031892564917
-0.0590152181109673258558
0.758726907144800316803
0.00718581773909398217921
0.059015218110967244864
0.758726907144800299561
0.00718581773909393300424
-1.90531922027627339481e-17
0.903689037386370810377
-0.0532644214481035370727
-0.647879067793469694544
-0.374053154192883528128
0.166762783975568190732
-0.482751819655792088008
-0.34915450430479612259
0.237186800688593299029
-0.25717425900185382255
-0.335406970238629531277
0.276070698939711170388
1.75600848749902160254e-18
-0.331025290866451403242
0.288463959727920644441
0.257174259001853959386
-0.335406970238629536198
0.276070698939711156471
0.482751819655792123177
-0.349154504304796127972
0.237186800688593283806
0.647879067793469694544
-0.374053154192883528128
0.166762783975568190732
-0.543752580401612627772
-0.24349808739268178714
0.237186800688593299029
-0.334565135459237298095
-0.193161271018854263235
0.273171289200088777444
-0.114897443807823030393
-0.172351562974754744026
0.297117443063077232585
0.114897443807823030094
-0.172351562974754744557
0.297117443063077230913
0.334565135459237301801
-0.193161271018854264319
0.273171289200088772139
0.543752580401612627772
-0.24349808739268178714
0.237186800688593299029
-0.419058086333951247116
-0.0550159563757294964962
0.276070698939711170388
-0.20670955382200259687
-0.0133283236800924183377
0.297117443063077230974
5.7738192755491494915e-17
3.33351851256236778888e-17
0.306075985212309426319
0.206709553822002595724
-0.0133283236800924197619
0.297117443063077227243
0.419058086333951378883
-0.0550159563757295267147
0.27607069893971116231
-0.286676311185479826006
0.165512645433225703142
0.288463959727920644441
-0.0918121100141795664552
0.185679886654847161525
0.297117443063077227182
0.0918121100141795653781
0.18567988665484716079
0.297117443063077225571
0.286676311185479826006
0.165512645433225703142
0.288463959727920644441
-0.161883827332097360409
0.390422926614359148737
0.276070698939711156471
-9.13748372379152233157e-19
0.386322542037708532389
0.273171289200088766833
0.161883827332097464279
0.390422926614359156996
0.27607069893971116231
-0.0610007607458205268399
0.592652591697477942878
0.237186800688593283806
0.0610007607458205268399
0.592652591697477942878
0.237186800688593283806
6.61744490042422139897e-24
0.748106308385767056257
0.166762783975568190731
-0.5
-0.288675134594812882255
0.408248290463863016366
-0.334245898106746296304
-0.263414570522201074226
0.479695955073227342488
-0.117277069524209512548
-0.251508224742562265737
0.513372186432965072662
0.117277069524209496334
-0.251508224742562273907
0.513372186432965049553
0.334245898106746292702
-0.263414570522201087069
0.479695955073227306162
0.5
-0.288675134594812882255
0.408248290463863016366
-0.395246658852566823144
-0.157758153610086761159
0.479695955073227342488
-0.195699221017534496862
-0.112986997934673612495
0.506602654750224853811
-7.85710077978804142997e-18
-0.101173651025138469469
0.516504026920572559545
0.195699221017534381315
-0.112986997934673604183
0.506602654750224849093
0.395246658852566823144
-0.157758153610086761159
0.479695955073227342488
-0.276451046649889585178
0.0241891908819219057932
0.513372186432965072662
-0.0876189519813914268935
0.0505868255125692204882
0.516504026920572557511
0.0876189519813914179058
0.0505868255125692198046
0.516504026920572555478
0.276451046649889585178
0.0241891908819219057932
0.513372186432965072662
-0.159173977125680087813
0.227319033860640349986
0.513372186432965049553
-4.32804785463834610932e-17
0.225973995869347111325
0.506602654750224833481
0.159173977125680087813
0.227319033860640349986
0.513372186432965049553
-0.0610007607458205397632
0.421172724132287838688
0.479695955073227306162
0.0610007607458205397632
0.421172724132287838688
0.479695955073227306162
0.0
0.577350269189625764509
0.408248290463863016366
-0.352120932206530305456
-0.203297114996742236381
0.649733796952157842001
-0.195385178600387804555
-0.180950589585899882503
0.712939315568014355375
-4.1250425121945621422e-17
-0.173780788190988810484
0.733218576312423901845
0.195385178600387659612
-0.180950589585899872875
0.712939315568014382608
0.352120932206530305456
-0.203297114996742236381
0.649733796952157842001
-0.254400396711355086765
-0.0787332333979455682436
0.712939315568014355375
-0.0787939047862964387934
-0.0454916821388699957241
0.720815117038967525005
0.0787939047862963215735
-0.0454916821388699828658
0.720815117038967542242
0.254400396711354943574
-0.0787332333979455286958
0.712939315568014378245
-0.150498577263079112515
0.0868903940954943695179
0.733218576312423901845
-4.1806634600716078079e-17
0.0909833642777398474358
0.720815117038967558882
0.150498577263079112515
0.0868903940954943695179
0.733218576312423901845
-0.0590152181109673463439
0.259683822983845320407
0.712939315568014382608
0.0590152181109672653521
0.259683822983845268297
0.712939315568014382743
-6.61744490042422139897e-24
0.406594229993484472762
0.649733796952157842001
-0.217382336501897561433
-0.125505750496440367854
0.869761002375829498999
-0.0797455392993960184791
-0.10896456094961165497
0.916546551565647970546
0.0797455392993959113523
-0.108964560949611611521
0.916546551565648093438
0.217382336501897454663
-0.125505750496440370309
0.869761002375829492056
-0.134238847544279518165
-0.0145793823969614300086
0.916546551565647970546
-5.20002162085010031763e-17
-1.88697665562903251673e-17
0.902870861424370911677
0.134238847544279389285
-0.0145793823969614033321
0.91654655156564797656
-0.0544933082448835156211
0.123543943346572970479
0.916546551565648093438
0.0544933082448834349373
0.123543943346572922688
0.916546551565648086711
-1.90532120550974352208e-17
0.251011500992880595143
0.869761002375829651118
-0.107758263168427737616
-0.0622142622476982896553
1.04877636450412633365
1.0640601260464911974e-16
-0.053520643053630295538
1.07336563284484236067
0.107758263168427830857
-0.0622142622476982793894
1.04877636450412636269
-0.0463502365113229349142
0.0267603215268152399193
1.07336563284484236067
0.0463502365113229349142
0.0267603215268152399193
1.07336563284484236067
1.69114296909608329954e-17
0.124428524495396688086
1.04877636450412622124
-0.0329992847959704244775
-0.0190521459600186492958
1.17085726497364875923
0.0329992847959704244775
-0.0190521459600186492958
1.17085726497364875923
-1.32348898008484427979e-23
0.0381042919200372985915
1.17085726497364875923
0.0
0.0
1.2247448713915890491
