-1.0
-1.0
-1.0
-0.654653670707977153355
-1.0
-1.0
0.0
-1.0
-1.0
0.654653670707977153355
-1.0
-1.0
1.0
-1.0
-1.0
-1.0
-0.654653670707977153355
-1.0
-0.421988688234566037294
-0.551583572090993528594
-1.0
0.421988688234566037294
-0.551583572090993528594
-1.0
1.0
-0.654653670707977153355
-1.0
-1.0
2.11758236813575084767e-22
-1.0
0.0
0.103167144181987057189
-1.0
1.0
2.11758236813575084767e-22
-1.0
-1.0
0.654653670707977153355
-1.0
1.0
0.654653670707977153355
-1.0
-1.0
1.0
-1.0
-1.0
-1.0
-0.654653670707977153354
-0.421988688234566037294
-1.0
-0.551583572090993528594
0.421988688234566037293
-1.0
-0.551583572090993528594
1.0
-1.0
-0.654653670707977153354
-1.0
-0.421988688234566037294
-0.551583572090993528594
0.0
-0.333333333333333333333
-0.5
1.0
-0.421988688234566037294
-0.551583572090993528594
-1.0
0.421988688234566037293
-0.551583572090993528594
1.0
0.421988688234566037293
-0.551583572090993528594
-1.0
1.0
-0.654653670707977153354
-1.0
-1.0
0.0
0.0
-1.0
0.103167144181987057189
1.0
-1.0
0.0
-1.0
0.0
0.103167144181987057189
1.0
0.0
0.103167144181987057189
-1.0
1.0
0.0
-1.0
-1.0
0.654653670707977153355
1.0
-1.0
0.654653670707977153355
-1.0
1.0
0.654653670707977153354
-1.0
-1.0
1.0
