-4.99999999999999944324
6.75650248872423867772
-2.66666666666666549846
1.41016417794242614407
-0.499999999999999880096
-1.10710835554467017997e-21
4.50672095662684353768e-21
3.76439811395500777181e-21
-3.01424688522482697673e-23
-6.52548039279041007019e-22
-2.82388829564480994884e-21
-3.70295720288574895517e-22
-1.30940190965919410214e-22
-2.09846784386419608394e-22
1.80428542303417627191e-22
4.05726664316734786262e-21
-3.87009668453346425071e-21
5.17383785480066548164e-22
7.2104729194687845063e-22
-4.01568215771378123687e-21
-2.03763422307869013972e-22
-2.76757456065436173958e-22
-4.19388428328210935756e-22
3.30255505995108805472e-22
6.38812774204240373465e-23
1.07164382677835564734e-22
1.0607922316280041741e-21
1.536797261248277226e-22
-8.03309903957432416673e-22
4.84600976425838716053e-22
1.12954586061534323454e-24
-1.10549531877887877063e-23
-1.79028283470676325691e-22
6.00002277597086654311e-23
9.65191608737394506681e-23
-1.24099025303098271174
-3.45002480428343072448e-16
1.74574312188793930576
-0.763762615825973406523
0.259009746969017157502
-8.3921663306571170644e-22
2.531414152231471518e-21
1.54730249996979205017e-21
4.79268266551420374114e-22
-5.96019921207269009071e-22
-1.51750625586515738974e-21
-5.73430289456070362623e-22
4.6387090969120316888e-24
-1.22041932679291246067e-22
1.40068027173220948917e-22
2.24473569820476381407e-21
-2.04966314357581671692e-21
-2.08188505823981895316e-22
1.10105878158413707766e-21
-2.72854636693255687498e-21
-5.70190046397218276296e-22
3.19003728212268485021e-22
-2.63199964070518834465e-22
2.4335366037155767253e-22
3.3451142031616608023e-23
-3.24122767368717143017e-22
7.81767772765821904641e-22
3.38374581087448849238e-22
-6.01633085900584902492e-22
4.3522413015973515493e-22
-2.19949389794235295498e-24
-4.94186779830066332611e-23
-1.17406354638692276088e-22
3.09364585328927384587e-23
7.76178759769545439751e-23
0.375000000000000008076
-1.33658457769545335909
5.04181573395119412401e-22
1.33658457769545335909
-0.375000000000000008074
-7.07224084494954006569e-23
3.63997883406587795686e-22
5.34202446524897927769e-22
2.59362599632798193489e-22
-1.28813955150179924061e-22
1.72743704698634399387e-23
-4.64996859686449522433e-22
2.19543002580521252827e-23
6.40610076457765246512e-23
2.14089464996812078815e-24
-2.2427470379960410917e-22
2.24954435418066971362e-22
1.42905241113417726686e-22
3.87919556287371613362e-22
-9.54627180683660295465e-22
-3.23353219494621070574e-23
9.48097578960503972572e-22
-1.73913172361650147342e-22
1.75834144350600129922e-22
-6.11662175990845657828e-25
-7.89595809357632589829e-22
1.59654393785083459957e-23
4.08303509660744709282e-22
-4.09476576285443349248e-22
4.22795140512449025297e-22
-2.12857509077975626921e-25
-2.55616779510384344886e-23
1.56703576909638774589e-23
-6.07413860069729941624e-25
8.82300242004644693031e-25
-0.259009746969017157501
0.763762615825973406524
-1.74574312188793930576
3.45006551450891761721e-16
1.24099025303098271174
2.05066848551653348977e-22
2.78715720467533724396e-21
1.19084540157605397668e-21
-6.63309572486150490016e-22
-9.10971202747274217784e-23
1.44834412992286231508e-21
1.312527760450276962e-22
-1.3781265528378614306e-22
-7.92382179036062709814e-23
-1.48683948013527980181e-22
-9.50658289386509381398e-22
7.15104675305969348863e-22
2.31383255474124705171e-21
-2.10306748926789700433e-21
4.78596769098746832016e-22
6.97776724601131552623e-22
1.73737990353725052182e-21
-1.19430830237119739138e-22
1.26058765862296059919e-22
-3.1015219828444055479e-23
-7.84233851368130801443e-22
-8.46184907614885454821e-22
6.77645301162155672705e-23
-3.64651775717395792986e-22
5.40841111839442557977e-22
3.04990277686068697149e-24
9.53328321225400094867e-24
1.54583849372163448521e-22
-2.852112026628802186e-23
-8.11060050026827757769e-23
0.499999999999999880095
-1.41016417794242614407
2.66666666666666549845
-6.75650248872423867771
4.99999999999999944324
3.37971728690458969667e-22
5.62390278858580632472e-21
2.50878886407124118401e-21
-1.61287395849618765723e-21
-4.95754563104020010497e-22
2.61644501385981894187e-21
4.67073200818889872743e-22
-2.82943467605243246284e-22
-3.86036603915427900073e-22
-2.06241409997382354697e-22
-4.6832029302981904286e-22
2.28042364671192530411e-22
3.94291108514222081439e-21
-4.06488627940463343182e-21
1.31147224459131861441e-21
5.87693196648898931124e-22
2.54672571958630325215e-21
-9.64829875854534070385e-24
6.28157702822828892415e-23
-5.65663598103791599056e-23
-5.93855874672353951675e-22
-1.25367338461850804061e-21
-2.88716285849369890201e-22
-3.59417236390006931412e-22
6.65430880205711871049e-22
1.42236154773537105551e-24
-1.13998307104680464697e-23
2.2154148797547523773e-22
-5.27446681774450471037e-23
-1.07010929245784377029e-22
-0.985089781479826407416
2.41013805983789237088
-2.01253284601971749286
1.56901055103678846711
-0.690212515894984612781
-3.33484532858287653437
4.74585378779452666989
-1.76426222586456625594
0.470287862738468862094
-0.38251711776401885553
-0.405521899485314586916
0.171966136966425305177
0.263343311349405844109
0.0414853193848422798149
-0.0971033140170450532678
1.09217722013734910553e-21
-2.18883975570609738052e-21
1.04142761527873687224e-21
-6.87408529551023861169e-22
-1.73496800979459931478e-21
-2.70972691274994015794e-21
1.1909318863154565382e-21
-2.42437685897406900592e-22
1.64860784988281939981e-22
3.31615327015300826448e-23
-1.1398586883281663938e-22
1.02435929715045760053e-21
-7.23438437859393714579e-23
-2.41834368735773883134e-22
3.48340872005023033614e-22
6.82680236653505632204e-24
-3.35687482057333441537e-23
-7.70168757824918801994e-23
5.60246594332914851327e-23
8.8153144989883260007e-23
0.371019744765342055669
-0.661277359772835508425
0.755745554026097707366
-0.661277359772835508425
0.319018476977360263253
-0.889415874990679626563
-0.203709826931534138789
1.52729882556260870683
-0.361530609112385012965
-0.189940769160392550533
1.21858588428308257025e-21
-0.077207304142790608706
0.0759984675436505725356
0.030891929225967254799
-0.0356138942175736060464
-2.21413276216865887942e-22
-6.16758791677162800142e-22
4.35845217465581685708e-22
1.10297975298426149214e-22
-8.567983092568161596e-22
-1.42438237026413467234e-21
1.05989208569474093531e-21
4.28303259828413414702e-24
-3.75329294243213366639e-23
1.21950937099643360537e-23
-3.3845642891325819958e-22
4.24873691079501996651e-22
3.13166703752982973976e-23
-3.15676518913898215847e-22
4.0337852497009926224e-22
7.70374207548975118261e-25
8.5705402033334691024e-24
-3.18658475567055148113e-23
2.17926389640620929557e-23
3.87971909669562514074e-23
-0.319018476977360263255
0.661277359772835508425
-0.755745554026097707365
0.661277359772835508424
-0.371019744765342055667
0.361530609112385012964
-1.52729882556260870683
0.20370982693153413879
0.889415874990679626563
0.0772073041427906087062
-1.12220181831888508883e-21
0.189940769160392550533
-0.0308919292259672547989
-0.0759984675436505725358
0.0356138942175736060464
-1.99498205182107564011e-23
-8.24811186345277214522e-23
8.89236143617074496005e-22
3.36491956085726380074e-22
-4.97165144387818427769e-22
1.41371605662720150911e-21
3.19609990411857284138e-22
2.28326779326784107121e-24
3.27447563145438602837e-23
-1.23979293209172019272e-23
-3.80809320466807928161e-22
-4.15119293042958419306e-22
-5.48362094636817825473e-23
-5.16049849428138070801e-22
4.27823221334368479368e-22
-8.42836879037458404777e-25
2.42076692222201972049e-23
7.23449372647516148524e-23
-2.19979201556824761024e-23
-3.78564868635081779989e-23
0.690212515894984612781
-1.56901055103678846711
2.01253284601971749286
-2.41013805983789237089
0.985089781479826407422
-0.47028786273846886209
1.76426222586456625594
-4.74585378779452666989
3.33484532858287653437
-0.171966136966425305177
0.405521899485314586917
0.382517117764018855531
-0.0414853193848422798147
-0.263343311349405844109
0.0971033140170450532679
8.80607071791199422102e-22
-5.06277105501815776519e-22
2.28097909285272075587e-21
-1.03124649144914017193e-21
8.04048858286234656443e-23
2.7400722086451881698e-21
4.29382298724944804077e-22
-8.53952383890056162684e-23
1.6035798747920815954e-22
-3.25713111676698589036e-23
-3.0995577932569716946e-22
-9.92584615448300784557e-22
-2.91997086470962731275e-22
-5.3784175696906838561e-22
4.32403857422376219885e-22
-6.62904074280668093789e-24
-4.58513280528346343749e-23
1.96449130943902969473e-22
-5.54607412474669786995e-23
-8.29410906491989678579e-23
0.513947512842347287764
-0.388517976451696756527
-0.610495870421631041912
1.25557454532494050434
-0.832871902816223264724
-1.49046040950315015294
3.79779040227056055814
-3.08745889526299138561
1.25557454532494052846
-3.19693018773897973955
3.79779040227056112349
-0.610495870421631186337
-0.15387583180769704478
-0.388517976451696757659
0.13894751284234732786
-1.24651511520510699544e-21
-7.45519514547126262517e-22
1.72730826606691598812e-21
-2.44103170118741355131e-21
6.84917248792463929087e-23
-4.16448928666881449481e-21
2.91424976083710897968e-21
1.14453091579857823263e-21
-1.37983540924290931602e-21
5.6682609346093486261e-23
-9.36016117046155828062e-23
7.68485006516435550858e-22
-4.21720960018029398563e-22
1.24820127814519724463e-22
2.7679171890007906741e-22
-3.58584694920937099172e-23
3.58927272846700881291e-23
-5.11562343053565425135e-24
4.54456245417879686066e-23
5.93129683836331644521e-23
-0.354632371194933853378
0.392422538338352242413
-7.4856302083276126787e-22
-0.39242253833835224241
0.354632371194933853376
0.737275827316486052486
-1.52729882556260859815
1.52729882556260859815
-0.737275827316486052488
-0.945686323186490256679
4.92979354112777149172e-22
0.945686323186490256679
-0.228138515217844187392
0.228138515217844187392
-3.84942456045757432239e-25
3.87684808393367512283e-22
-7.26088391594578304596e-22
9.71379335441432016985e-22
-3.62178717089307010341e-22
-1.32268768005383691906e-21
8.05907936589484014221e-23
1.33727529881248334247e-21
1.43217700012653177557e-21
-1.43516490556579214119e-21
1.53735646391662273989e-24
1.75858805878667878736e-22
-2.08526241689134600528e-23
-5.32279155389263541966e-22
-3.47768615192251236824e-22
3.23528905215059379552e-22
5.42633121501999246007e-25
8.31860024684839663316e-23
2.25630285553924601715e-23
1.53656981644425810387e-24
-2.39082815236188360892e-24
0.832871902816223264727
-1.25557454532494050434
0.610495870421631041914
0.388517976451696756523
-0.513947512842347287758
-1.25557454532494052845
3.0874588952629913856
-3.79779040227056055814
1.49046040950315015294
0.610495870421631186336
-3.79779040227056112349
3.19693018773897973955
0.388517976451696757658
0.153875831807697044781
-0.13894751284234732786
2.53566013881880974624e-21
-1.38985145617925969344e-21
8.47445746073564378885e-22
1.2969287883078089003e-21
-2.25507054431537127018e-21
4.17747913029058034449e-21
-5.87415522410725293775e-22
1.0926645096738922755e-21
-8.51566195421202170264e-22
-5.64119949253193275996e-23
3.11869024244303978559e-22
-6.74131961814966244994e-22
-6.29559325752792358342e-22
-5.99353268346113232737e-22
1.67451048010140965925e-22
3.59586378243446591233e-23
-1.40882374122126482362e-24
1.27894825917036710874e-22
-4.51747771489413959869e-23
-5.28005048108012908122e-23
-0.356113060986062228425
0.0414853193848422920872
0.1719661369664253561
0.470287862738469014387
-0.6902125158949847816
1.02710592717537923461
-0.405521899485314698478
-1.76426222586456667892
1.56901055103678887269
-2.12826023965195788829
4.74585378779452720443
-2.01253284601971809566
-3.33484532858287694792
2.41013805983789306336
0.255900471551156281631
2.90266445034859074186e-22
-5.91242668640731960623e-22
1.58960741953949570527e-21
-3.00820559497667662953e-21
-1.20385298538885290159e-21
-2.76306080437779328703e-21
4.01486456582475568732e-21
3.37332688785741074861e-21
-3.54197462600953575476e-21
4.69712311085845593383e-23
5.3450805434579806176e-22
4.10269188663976945024e-22
-1.10467868937123877678e-21
-1.82391463189695696899e-22
4.36847621233090117076e-22
-5.15723893113096890998e-23
4.69947635355964665853e-23
6.61917276143530162779e-23
9.60252263549040226036e-24
3.14591171138165566224e-23
0.690212515894984781605
-0.470287862738469014388
-0.171966136966425356099
-0.0414853193848422920872
0.356113060986062228424
-1.56901055103678887269
1.76426222586456667892
0.405521899485314698487
-1.02710592717537923462
2.01253284601971809567
-4.74585378779452720443
2.12826023965195788829
-2.41013805983789306336
3.33484532858287694793
-0.255900471551156281631
2.98924884183882827943e-21
-1.34002967142735119463e-21
7.26391607166423764663e-22
-3.39063673433967835022e-22
-3.85401931266671099853e-21
2.63396948327242282554e-21
1.52221532284837293758e-21
3.28937200434513693298e-21
-3.09159206968666734445e-21
-4.9445851129754408566e-23
9.83169158766882144015e-22
-3.87661087536931440169e-22
-1.22241986380679534025e-21
-5.67010554716601755616e-22
2.6208294331309375878e-22
5.06994160747384507724e-23
3.75961255902263860452e-23
1.37507353080372826767e-22
-1.2076025001802036928e-23
-2.98535166628380209503e-23
0.500000000000000020304
-1.153119741374761178e-21
1.51788337083351903464e-21
-2.63537374586279592664e-21
-0.5000000000000000203
-1.41016417794242667077
1.86933520256038549937e-22
5.56586727865569825507e-21
1.41016417794242667076
2.6666666666666666387
-3.69898216941743735818e-21
-2.66666666666666663869
-6.75650248872424026788
6.75650248872424026788
-1.53753332467071081707e-22
2.64358447726858644668e-21
-7.36186587314953225069e-22
9.21908212537763768054e-22
-2.74208980196393888128e-21
-3.67284633062376474447e-21
-3.24488374744678945153e-22
4.22207835707820602041e-21
4.81942386299580528507e-21
-4.77822851320027583128e-21
-6.21674293458254658734e-24
1.17487396321651414858e-21
3.4083096860695570977e-23
-1.61731401127637085207e-21
-4.49128490091338981814e-22
4.38226638867298637958e-22
-2.19725836215996282367e-24
-4.01561947451155189161e-23
2.03462016579201747102e-22
-6.21675785882888884664e-24
4.51653001251993099696e-24
-0.985089781479826407415
2.41013805983789237088
-2.01253284601971749286
1.56901055103678846711
-0.690212515894984612781
-4.35930966077135837952e-22
2.80886890592319825072e-21
2.67848702694323243192e-21
2.11677063133071139789e-22
-4.19866579684345865531e-22
-1.74638409682432096164e-22
-1.22404293339725465244e-21
-1.33033119352167994488e-21
4.35379329209939995525e-22
1.84475677764622418956e-22
-3.33484532858287653437
4.7458537877945266699
-1.76426222586456625594
0.470287862738468862091
-2.18569803770724265688e-21
-1.92815009645402336506e-21
3.65353230392877286975e-21
1.09844968574174489703e-21
-5.47832107693451678429e-22
-1.26438188623097152421e-22
-0.382517117764018855532
-0.405521899485314586914
0.171966136966425305177
3.02186717595592992143e-22
-1.15615932914310103587e-22
-8.67901938888665013624e-23
0.263343311349405844109
0.0414853193848422798145
2.03159152569932463539e-23
-0.0971033140170450532679
0.371019744765342055668
-0.661277359772835508424
0.755745554026097707365
-0.661277359772835508424
0.319018476977360263254
-5.23117113172361521307e-23
1.59770157492304749544e-21
3.51718072154598347076e-22
5.81829562919523405731e-22
-6.30532631833645368588e-22
1.2895565351459163027e-22
-1.76919986287669625491e-22
-3.70272721932100586374e-22
8.00351997472150793817e-23
8.93239535776143224548e-23
-0.889415874990679626563
-0.20370982693153413879
1.52729882556260870683
-0.361530609112385012965
-3.53118871243257602794e-22
-1.12376881802983357914e-21
1.60818669994956791461e-21
3.49619686123631933086e-22
-5.96934865106711829074e-23
-8.20970728941961215788e-23
-0.189940769160392550532
4.68359049912304564367e-22
-0.077207304142790608706
9.82098277407352068408e-23
-3.10733826196775951582e-23
-2.61930406630256272278e-23
0.0759984675436505725353
0.0308919292259672547992
2.28221104068837474402e-25
-0.0356138942175736060464
-0.319018476977360263254
0.661277359772835508425
-0.755745554026097707365
0.661277359772835508425
-0.371019744765342055667
4.7412134663556805489e-22
1.15532192823677520288e-21
1.47326238355011648084e-21
3.2533196098532636576e-22
-2.10362132224498866687e-22
-9.15930339665038612589e-23
3.11850743316058445122e-22
-7.41743880952274515729e-23
3.95444783763589971796e-22
-8.70902254875494452806e-23
0.361530609112385012965
-1.52729882556260870683
0.203709826931534138796
0.889415874990679626559
-5.49549979869248630425e-22
1.15033357012698040245e-21
4.55904916114029789285e-22
-3.70844009177168203579e-23
-2.56622303602296474558e-22
8.26076715121747560649e-23
0.0772073041427906087063
-4.98492054555804793028e-22
0.189940769160392550532
-6.64012239087108820945e-23
2.01531997536298742758e-23
2.63735654922571109186e-23
-0.0308919292259672547993
-0.075998467543650572535
2.8646099311816981827e-25
0.0356138942175736060463
0.690212515894984612778
-1.56901055103678846711
2.01253284601971749286
-2.41013805983789237088
0.985089781479826407413
1.29197341775121077561e-21
2.02477827522785274619e-21
3.82086490844628205595e-21
-9.0527449050609366954e-23
5.74911441814124375787e-22
1.54514181286212892473e-22
2.357869350183999611e-22
-6.87496530152184969664e-22
9.37642997299161130465e-22
-1.86690540139725586225e-22
-0.470287862738468862091
1.76426222586456625594
-4.7458537877945266699
3.33484532858287653437
-2.05698776352153160617e-21
1.90535206865418053431e-21
1.56790841831130141443e-21
4.80731579524538670331e-22
-1.03137158369666514712e-21
1.25988361471885835222e-22
-0.171966136966425305177
0.405521899485314586914
0.382517117764018855533
-5.0932982246917216389e-23
-1.11267521768018814591e-22
8.66272356325651521842e-23
-0.0414853193848422798146
-0.263343311349405844109
-2.07456716121967626953e-23
0.0971033140170450532678
0.454244493018039939889
-0.211965176132643197451
-0.791501392153460057712
1.41462851324623033366
-0.905850631201761234478
-0.821193778270711683574
2.07250288969947181393
-1.68486588370840542281
0.677352685929744452804
-0.165839790850649087181
-0.157567058145797140245
0.154184931033029960142
0.144220564263618409129
0.0161733390852010143924
-0.0695932913275118642937
-0.821193778270711683575
2.07250288969947181393
-1.68486588370840542281
0.677352685929744452804
-2.59134683292260045743
3.54914980605793420279
-0.778384934494211005221
-0.157567058145797140243
-0.157567058145797140245
0.068222096719967844969
-0.165839790850649087185
-0.157567058145797140243
0.154184931033029960141
-0.157567058145797140244
-0.157567058145797140243
0.0241009783097434424155
0.144220564263618409129
0.0161733390852010143917
0.0682220967199678449691
-0.0695932913275118642938
-0.371441732125229528143
0.411023130444159384616
-7.47516554735030474994e-22
-0.411023130444159384614
0.371441732125229528142
0.411053595385935620788
-0.860656162191694138285
0.860656162191694138288
-0.41105359538593562079
0.0492325469347449333252
-7.1757392959781635816e-23
-0.0492325469347449333252
0.0000304649417762350182506
-0.0000304649417762350182049
-1.87595272403092196422e-23
0.411053595385935620788
-0.860656162191694138287
0.860656162191694138287
-0.411053595385935620788
-0.949447600567640313813
4.1775081097438640522e-22
0.949447600567640313813
-0.0887914383759461496478
0.0887914383759461496478
8.03032951249654522441e-24
0.0492325469347449333255
-5.3692881796523361686e-24
-0.0492325469347449333252
-0.0887914383759461496472
0.0887914383759461496472
2.83550509155372587794e-24
0.000030464941776235017611
-0.0000304649417762350176057
8.02218379590286858585e-24
-2.57407904178139216269e-25
0.90585063120176123448
-1.41462851324623033367
0.791501392153460057715
0.211965176132643197447
-0.454244493018039939886
-0.677352685929744452801
1.68486588370840542281
-2.07250288969947181393
0.821193778270711683577
-0.154184931033029960142
0.157567058145797140245
0.165839790850649087181
-0.0161733390852010143924
-0.144220564263618409129
0.0695932913275118642937
-0.677352685929744452804
1.68486588370840542281
-2.07250288969947181393
0.821193778270711683576
0.778384934494211005222
-3.54914980605793420279
2.59134683292260045743
0.157567058145797140245
0.157567058145797140243
-0.0682220967199678449689
-0.154184931033029960141
0.157567058145797140243
0.165839790850649087185
0.157567058145797140243
0.157567058145797140244
-0.0241009783097434424155
-0.0161733390852010143918
-0.144220564263618409129
-0.0682220967199678449691
0.0695932913275118642938
-0.388611768304872146894
0.0161733390852010478341
0.154184931033029998229
0.677352685929744511226
-0.90585063120176136519
0.805497924036453940207
-0.157567058145797265647
-1.68486588370840560592
1.41462851324623057106
-0.921585344876746766858
2.07250288969947212245
-0.791501392153460244218
-0.159916418497876340344
-0.21196517613264317289
0.0832247482526979437297
0.429752705832352853237
-0.157567058145797191219
-0.778384934494210985697
0.67735268592974455552
-1.68486588370840573133
3.54914980605793420279
-1.68486588370840573133
-2.38763700599106648031
2.07250288969947219982
0.0682220967199678449691
0.101308282452534050118
-0.157567058145797140244
0.154184931033029982077
-0.157567058145797140246
-0.157567058145797140243
0.0241009783097434424155
0.0373301674940005905714
0.016173339085201005615
0.0682220967199678449692
-0.0339793971099382582474
0.905850631201761365194
-0.677352685929744511229
-0.154184931033029998228
-0.0161733390852010478346
0.38861176830487214689
-1.41462851324623057105
1.68486588370840560592
0.157567058145797265652
-0.805497924036453940208
0.791501392153460244218
-2.07250288969947212245
0.921585344876746766858
0.211965176132643172889
0.159916418497876340344
-0.0832247482526979437296
-0.67735268592974455552
0.778384934494210985697
0.157567058145797191219
-0.429752705832352853237
1.68486588370840573133
-3.54914980605793420279
1.68486588370840573133
-2.07250288969947219982
2.38763700599106648031
-0.0682220967199678449691
-0.154184931033029982076
0.157567058145797140244
-0.101308282452534050118
0.157567058145797140243
0.157567058145797140245
-0.0241009783097434424155
-0.016173339085201005615
-0.0373301674940005905712
-0.0682220967199678449692
0.0339793971099382582474
0.690212515894984835004
-1.59393357205364133087e-21
1.96662416570057744726e-21
-3.33921781177339768554e-21
-0.690212515894984835004
-1.56901055103678897162
1.14461779244773516053e-22
3.25233158986561518069e-21
1.56901055103678897162
2.01253284601971815599
-1.23194078162149846735e-21
-2.01253284601971815598
-2.4101380598378930427
2.4101380598378930427
-2.44472096919110124063e-23
-0.470287862738469070633
-8.67819851616066888196e-22
3.48858063641675747861e-22
0.470287862738469070633
1.7642622258645668517
1.92107160186179443952e-22
-1.7642622258645668517
-4.74585378779452736909
4.74585378779452736909
3.7010499119908736412e-24
-0.171966136966425356673
-8.99918868149578331742e-23
0.171966136966425356673
0.405521899485314600983
-0.405521899485314600983
1.30716273829764758484e-24
-0.0414853193848422630371
0.0414853193848422630373
3.71147391000898894387e-24
1.29901366044451450975e-24
0.513947512842347287759
-0.388517976451696756524
-0.610495870421631041912
1.25557454532494050433
-0.832871902816223264726
5.20025582867631078202e-22
1.52537737354491322193e-21
1.53568663271309997394e-21
-5.68265997872225946018e-22
-5.98712893564361030441e-24
7.20607320818377302896e-22
-1.76833746888587000819e-22
-1.39243093259753360095e-21
7.83779858629224647547e-22
2.20174009745494231432e-22
-1.49046040950315015294
3.79779040227056055814
-3.08745889526299138561
1.25557454532494052845
-2.85738833841667275255e-21
-5.01799184339772545928e-21
2.44576288727743371214e-21
1.93960064994326554528e-21
-1.05138028247563929743e-21
-4.89252260171104215736e-22
-3.19693018773897973955
3.79779040227056112349
-0.610495870421631186333
-5.22323875168376461089e-22
-4.23599783212550255245e-22
2.57328091299563743689e-22
-0.153875831807697044781
-0.388517976451696757659
-8.72495372067485173182e-23
0.138947512842347327861
-0.354632371194933853377
0.392422538338352242412
-6.97798783993869685206e-22
-0.39242253833835224241
0.354632371194933853377
4.33860894291155759273e-22
1.38749036669313471641e-21
1.07657430676407558141e-21
-2.66375240241729625342e-23
-9.13069064381843404089e-22
-1.50243839088208513446e-23
8.15897224095148629474e-22
-1.90001974462617562301e-22
2.88049104599016800346e-22
-1.90684850048221459966e-24
0.737275827316486052487
-1.52729882556260859815
1.52729882556260859815
-0.737275827316486052487
7.44345786676580020884e-23
4.05501733521060467649e-23
7.73821921334705189422e-22
5.59640260150384599797e-22
-5.61853455401449538478e-22
7.8141983128427069008e-25
-0.945686323186490256679
8.97253664482018598463e-23
0.945686323186490256678
-3.18648254744365448078e-22
3.24534772554294230227e-22
2.74911903872632508519e-25
-0.228138515217844187391
0.228138515217844187391
7.74458834372595633784e-25
1.68258673370712135502e-23
0.832871902816223264723
-1.25557454532494050434
0.610495870421631041914
0.38851797645169675652
-0.513947512842347287757
1.43723522481116287309e-21
-4.9714175757807314143e-22
4.01135650936881171246e-21
6.96135908903637207976e-22
-1.1436278713460839832e-22
-6.66037984329620634922e-22
-8.57104078172694270759e-23
-7.53935482840276903972e-22
1.25488485772940478013e-21
-2.13033643958704896392e-22
-1.25557454532494052845
3.08745889526299138561
-3.79779040227056055814
1.49046040950315015294
-7.45844174556618899392e-22
4.85133633353701325531e-21
3.10007748126854860922e-21
8.8364941697978554174e-22
-1.75484908076194550245e-21
4.8607739603418148425e-22
0.610495870421631186333
-3.79779040227056112349
3.19693018773897973955
1.24556169356431614591e-22
8.55512586413143550485e-22
-2.5843897474682365959e-22
0.388517976451696757659
0.153875831807697044781
8.41142083667978390296e-23
-0.138947512842347327861
-0.388611768304872146894
0.0161733390852010478344
0.15418493103302999823
0.677352685929744511224
-0.905850631201761365191
0.429752705832352853235
-0.157567058145797191219
-0.778384934494210985697
0.677352685929744555519
0.10130828245253405012
-0.157567058145797140245
0.154184931033029982078
0.0373301674940005905715
0.016173339085201005615
-0.0339793971099382582472
0.805497924036453940211
-0.157567058145797265653
-1.68486588370840560592
1.41462851324623057106
-1.68486588370840573133
3.54914980605793420279
-1.68486588370840573133
-0.157567058145797140243
-0.157567058145797140244
0.0682220967199678449689
-0.921585344876746766859
2.07250288969947212245
-0.79150139215346024422
-2.38763700599106648031
2.07250288969947219982
0.0241009783097434424157
-0.159916418497876340346
-0.211965176132643172889
0.068222096719967844969
0.0832247482526979437302
0.905850631201761365194
-0.677352685929744511228
-0.154184931033029998229
-0.0161733390852010478357
0.388611768304872146892
-0.677352685929744555518
0.778384934494210985697
0.157567058145797191222
-0.429752705832352853234
-0.154184931033029982078
0.157567058145797140245
-0.10130828245253405012
-0.016173339085201005615
-0.0373301674940005905714
0.0339793971099382582472
-1.41462851324623057106
1.68486588370840560592
0.157567058145797265652
-0.805497924036453940211
1.68486588370840573133
-3.54914980605793420279
1.68486588370840573133
0.157567058145797140245
0.157567058145797140243
-0.0682220967199678449688
0.791501392153460244219
-2.07250288969947212245
0.921585344876746766858
-2.07250288969947219982
2.38763700599106648031
-0.0241009783097434424157
0.211965176132643172889
0.159916418497876340346
-0.068222096719967844969
-0.0832247482526979437302
0.832871902816223453319
-1.87034360174162362812e-21
1.99459439576851489187e-21
-4.38292775818875941993e-21
-0.83287190281622345332
-1.25557454532494079749
-4.13073117931455084576e-22
2.17936030809514175159e-21
1.25557454532494079749
0.61049587042163119406
3.72682870141216543998e-22
-0.610495870421631194059
0.388517976451696790406
-0.388517976451696790406
3.89038502624785954225e-23
-1.25557454532494079749
-9.40470891138731563347e-22
-7.22065113072205764738e-22
1.25557454532494079749
3.08745889526299205807
1.29183877844235601064e-21
-3.08745889526299205807
-3.79779040227056125525
3.79779040227056125525
2.48195167213435407186e-23
0.610495870421631194059
6.01033827677470408183e-22
-0.610495870421631194059
-3.79779040227056125525
3.79779040227056125525
8.76846715965612397029e-24
0.388517976451696790405
-0.388517976451696790405
2.48404406793369464468e-23
3.37154904089956945638e-23
-0.356113060986062228427
0.0414853193848422920867
0.171966136966425356102
0.470287862738469014384
-0.690212515894984781603
1.10452184574746906126e-21
1.46869745943331747024e-21
1.39459920732756873716e-21
-1.55250554546888190568e-21
-8.74927308717689223754e-22
-1.66682767556926235285e-22
1.80030093825325730735e-21
-6.57831283865817341722e-22
7.96638228364916202125e-22
1.38227734736331097077e-22
1.02710592717537923462
-0.405521899485314698487
-1.76426222586456667892
1.56901055103678887269
-1.64985827217537506582e-21
-3.5572317091550531219e-21
-2.4709597204540375903e-21
1.84354419188641190693e-21
-1.44932380703451160519e-21
-3.98861652907651423039e-22
-2.12826023965195788829
4.74585378779452720444
-2.01253284601971809566
1.15015393282939162652e-21
-2.58644107209389501234e-21
3.83648342483575633909e-22
-3.33484532858287694792
2.41013805983789306335
-8.78433069648409585684e-23
0.255900471551156281632
0.690212515894984781602
-0.470287862738469014388
-0.171966136966425356101
-0.0414853193848422920883
0.356113060986062228427
1.15034635407721922932e-21
2.77626970497756734686e-22
2.40093718000809797231e-21
-3.77414512981183912231e-22
-1.85512989272203387869e-21
1.80974232788788735473e-22
8.74720552040241170748e-22
-6.52685152308361956999e-22
7.40686321784693162149e-22
-1.35954590199201905959e-22
-1.56901055103678887269
1.76426222586456667892
0.405521899485314698486
-1.02710592717537923462
3.26062861823881998618e-21
3.50529994368754051505e-21
1.91545415277596955515e-21
1.46213500630954752846e-21
-1.85229449688680935119e-21
3.97867917276521132698e-22
2.01253284601971809566
-4.74585378779452720443
2.12826023965195788828
2.46487603143491465975e-21
-1.01937704027082651723e-21
-3.83997184066786801739e-22
-2.41013805983789306335
3.33484532858287694792
8.68573914445094290818e-23
-0.255900471551156281632
0.690212515894984835005
-1.85005260736877100496e-21
1.29828567859841961866e-21
-4.12872213121461214174e-21
-0.690212515894984835004
-0.470287862738469070633
9.42344883128429940293e-24
2.27290869196074427604e-21
0.470287862738469070634
-0.171966136966425356673
8.2939261410731507115e-23
0.171966136966425356673
-0.0414853193848422630365
0.0414853193848422630366
4.49472835755334587883e-24
-1.56901055103678897162
-1.40212495899004295334e-21
-5.88597811986249091402e-22
1.56901055103678897162
1.7642622258645668517
1.12080972621387353779e-21
-1.7642622258645668517
0.405521899485314600984
-0.405521899485314600984
2.15247379967846497714e-23
2.01253284601971815598
2.25397649010565351503e-21
-2.01253284601971815598
-4.74585378779452736909
4.74585378779452736909
7.604313751557907271e-24
-2.4101380598378930427
2.4101380598378930427
2.15422941300258003149e-23
1.17951869510073606222e-22
0.500000000000000020301
-1.65547478181390526952e-21
7.81321210481434456855e-22
-3.3418023900918346536e-21
-0.5000000000000000203
1.26005936707075243914e-21
8.00318107256160529777e-22
1.9180747765012450441e-21
-1.31499355659668334344e-21
-2.5396714632718661537e-21
2.41576352157371293466e-23
2.5396714632718661537e-21
-8.22133055568381125106e-22
9.82955347389571640654e-22
3.45394198696027867533e-24
-1.41016417794242667076
-1.63745231567706825513e-21
2.92293974651630996461e-23
1.41016417794242667076
4.20913491631018324947e-21
-5.69422995014800392845e-23
-4.20913491631018324947e-21
2.58379254995839011063e-21
-2.58379254995839011063e-21
-1.10846320185733903669e-24
2.66666666666666663869
3.41245743701100653266e-21
-2.6666666666666666387
4.9412698582877898777e-21
-4.9412698582877898777e-21
-3.918755872600725126e-25
-6.75650248872424026787
6.75650248872424026787
-1.09895852598845841037e-24
1.83827556294700495011e-22
