-5.00000000000000053396
2.13844666364206443832e-17
-3.81938566366149283132e-17
-9.09200525889126817846e-17
-3.16943474671782957e-17
6.75650248872424070928
-4.37065085481079490262e-17
1.51649081206304224198e-16
7.62086857692393333403e-17
-2.66666666666666696219
4.91620966467863231516e-17
-3.40930171174260723348e-17
1.41016417794242686285
-4.95350924652017275765e-17
-0.500000000000000086267
5.35935366136139631634e-21
-3.82714716394802470808e-22
1.96508180502376420397e-22
1.86094530652467059824e-21
-6.43013912290055010209e-21
6.17794605124981951323e-21
-2.64434242712171436213e-21
6.68793464453370177885e-22
4.73254865984517902646e-22
-2.47318006070174933948e-22
1.95066192835687895699e-22
-1.65399757764284686917e-22
1.75814847237861186011e-21
-1.38288378926837087659e-22
1.73525816827498303665e-21
-5.47757948649466420934e-22
-1.97945187440168513054e-23
-1.24177505085776556309e-22
-2.30349917775894504617e-22
1.39014055802990229767e-22
-0.985089781479826697354
-3.33484532858287706072
-0.382517117764018960511
0.263343311349405815711
-0.0971033140170450858236
2.41013805983789321137
4.74585378779452764998
-0.405521899485314478158
0.0414853193848423066669
-2.01253284601971836333
-1.76426222586456702682
0.171966136966425363132
1.56901055103678915651
0.4702878627384690876
-0.690212515894984918264
2.45605422259548071765e-21
1.31133687328378315947e-21
6.1898583899594461072e-22
4.8735803101995469839e-22
-4.53881876798507793364e-21
3.89677445581083391049e-21
-1.05859716901975420072e-21
9.83426033433560576382e-22
1.9583744406104811053e-22
-2.89345353878498559057e-22
2.26089813984887521412e-22
-4.22147480082064579626e-22
1.48013390091443246439e-21
1.84831894218541567246e-22
1.83098203584608743508e-21
-5.25669121338566864637e-22
-2.90395772544667508318e-23
-4.53207002765153165483e-24
-2.29083781222327487578e-22
1.21467282111340883015e-22
0.51394751284234736672
-1.49046040950315049759
-3.19693018773898004669
-0.153875831807697138498
0.13894751284234735864
-0.388517976451696798759
3.79779040227056156803
3.79779040227056156803
-0.388517976451696798762
-0.610495870421631235744
-3.08745889526299240141
-0.610495870421631235743
1.25557454532494092066
1.25557454532494092066
-0.832871902816223549551
-7.76140400001623231413e-22
2.70531466925908351599e-21
1.66601191092027328864e-21
-6.29125175729295182854e-22
-1.43791080733561060491e-21
2.11466263335882580552e-21
-5.67380990203758896206e-22
6.38465398286778243219e-22
5.96743726458162698363e-22
-3.35684376085944278159e-22
4.04973764154050370879e-22
-8.58788376729472706905e-22
9.94256490159025890385e-22
5.47351334004476926961e-22
1.84791454441801565197e-21
-5.10117045929984711583e-22
3.98758262626706951568e-23
1.00349298318960448469e-22
-2.4221335973112494091e-22
8.5682363741255321586e-23
-0.356113060986062243327
1.02710592717537922223
-2.12826023965195826627
-3.33484532858287671572
0.255900471551156014384
0.0414853193848423066658
-0.40552189948531447815
4.74585378779452764998
2.41013805983789321137
0.171966136966425363134
-1.76426222586456702682
-2.01253284601971836333
0.470287862738469087598
1.56901055103678915651
-0.690212515894984918265
-3.55549935330948441685e-22
1.91591419809025315182e-21
2.43240360160786651911e-21
-5.9441119217098595348e-23
-5.27839242961883366326e-22
4.04021157613301126369e-21
-2.17519103867386811372e-21
2.97372328544588994689e-22
9.41149087170641145742e-22
-3.3100821765317692347e-22
1.01008467876422921827e-21
-1.16551382106177568783e-21
3.04083598469243403391e-22
3.29875722004829588423e-22
1.8679992597756976584e-21
-5.26383421290459790189e-22
7.62993152384917118965e-23
1.59482902357381667667e-22
-2.68250168508250042931e-22
5.44713788285207214771e-23
0.499999999999999848397
-1.41016417794242623499
2.66666666666666546027
-6.75650248872423865634
-1.09070020013867550018e-15
7.62090344956929416621e-17
1.51657701264134766399e-16
-4.37206070969611461877e-17
6.7565024887242407093
-3.40886860412742018092e-17
4.91634544894529400729e-17
-2.66666666666666696218
-4.95356735632441974792e-17
1.41016417794242686285
-0.500000000000000086267
1.42877696764214125643e-21
9.42615477299863385254e-22
2.12966014541195131405e-21
1.08944823904366938923e-21
-1.16496561444082984228e-21
6.36455355152164339207e-21
-3.45987020511354804708e-21
5.35201705307083108878e-22
7.00371584483745968367e-22
-3.11513048690037333046e-22
1.47795796447023890856e-21
-1.13521276968108922152e-21
-1.94913645729140888679e-22
-9.6478152342949211946e-23
1.97408801689912340778e-21
-5.49014661059164904095e-22
1.57684396330844513999e-23
1.89534586375648909707e-22
-2.90691396394607435982e-22
5.56559376373870937898e-23
-1.24099025303098308475
1.59318640055094665467e-17
4.32040192263118665171e-18
-1.56024478492235248703e-17
1.30761190482657587785e-17
2.73957350175680079099e-16
-5.94582067032974360392e-17
-2.27578102917752370899e-17
-4.25312906449354732969e-17
1.74574312188793896852
1.38769370555441363205e-16
8.51179357659418762092e-17
-0.7637626158259733497
-1.02392291511956010171e-16
0.259009746969017177496
2.27200840885272746258e-21
1.70240876371713138423e-22
1.07296042461338759546e-23
1.5649338765268176974e-21
-2.8552283112246535089e-21
2.95094925008444796352e-21
-1.17384480374388619684e-21
-9.64537026208278562815e-22
9.07105513471710344715e-22
7.00322242162206926938e-24
9.38544363073661617333e-23
-3.72151101980412255407e-22
1.11461501349455337406e-21
-5.3888037234554935717e-23
1.39824923445773433903e-21
-5.44299858969435772e-23
-1.35544295398708804497e-23
1.34103458520338653953e-23
-2.98380948881108972116e-22
8.77888314518423526162e-23
0.371019744765342064015
-0.889415874990679720759
-0.189940769160392577624
0.0759984675436505856074
-0.0356138942175735947812
-0.661277359772835484636
-0.203709826931534034319
-2.09656037887141895208e-17
0.0308919292259672060747
0.755745554026097706507
1.52729882556260871442
-0.077207304142790531723
-0.661277359772835525046
-0.361530609112385059411
0.319018476977360272644
-2.24329992190674913966e-22
1.17516100725101575351e-21
5.54861270872878331675e-22
2.81156690138171774738e-22
-4.94521495057057441339e-22
9.57987868919977140427e-22
2.21954709666341677054e-22
-6.02585411893696712696e-22
2.21048919983576200352e-22
2.47022748683717555088e-23
6.89154580943276482986e-24
-5.41097764679588970187e-22
7.13718854973132924404e-22
3.388048088969153047e-22
1.05459407157001416541e-21
7.43641504183364733185e-23
3.45299884437132346633e-23
1.03376336314340560555e-22
-3.0841948052085404605e-22
4.94474250992876203998e-23
-0.354632371194933858036
0.737275827316486094034
-0.945686323186490284991
-0.228138515217844212332
8.34637341690061928971e-18
0.392422538338352219038
-1.52729882556260872779
1.04471824727066285424e-16
0.228138515217844141927
7.6983378655875485293e-17
1.52729882556260871442
0.945686323186490257039
-0.392422538338352314209
-0.737275827316486097582
0.354632371194933878691
1.67490247146170186851e-22
7.44780196636264728841e-22
1.31927910503813856561e-21
1.1210219111714534126e-22
-4.01139339424902094041e-22
2.55745365073909162267e-21
-1.60391489573164145582e-22
1.35410789371109123809e-22
-4.96095172859966871667e-22
1.586039117427138963e-23
5.27613613849602629512e-22
-9.41650722313523118306e-22
1.20630780192626929426e-22
2.407407864103476846e-22
1.03233926314905909639e-21
7.47762639116983360512e-23
1.1027780381021127256e-22
1.46848078181560795304e-22
-3.26862640282284040777e-22
1.15724521297546113498e-23
0.690212515894984625856
-1.56901055103678848271
2.01253284601971749718
-2.41013805983789235496
-0.255900471551156677326
-0.470287862738468904621
1.76426222586456623318
-4.74585378779452672935
3.33484532858287680833
-0.171966136966425220059
0.405521899485314725687
2.12826023965195782405
-0.041485319384842382206
-1.02710592717537919381
0.356113060986062230764
2.15881849327457239371e-21
-6.0265711242246162048e-24
1.29191760808948481243e-21
1.35064177849320557641e-21
-1.34017358555622702171e-21
5.73367394361785564203e-21
-2.04277533694509401085e-21
5.12005925327626373353e-22
-4.92214751188264556097e-22
-2.47445595637741503987e-23
1.14076955838749008595e-21
-1.2493683718268532367e-21
-2.3449494940746656133e-22
1.33767972148845959603e-22
1.0580393746452437713e-21
-6.07593700922282362513e-23
7.74486314444178374169e-23
1.84299880923080986889e-22
-3.53001470855391285652e-22
1.13920089329206989921e-23
0.375000000000000042362
1.06304033369365078288e-17
2.52740755990281050384e-17
2.39411947272479813291e-17
-1.09323759105479789411e-18
-1.33658457769545343694
-3.56230217066669095697e-17
-6.89132738318015452545e-17
6.72134716581180047563e-18
3.33301851198233452159e-17
5.2400917513065520519e-17
-4.38224863453762371057e-17
1.33658457769545334381
1.00845319384618971514e-16
-0.375000000000000052925
-5.9854207113159350735e-22
-6.5239042330807423487e-22
6.59934538374504529507e-23
4.68870631846008527841e-22
5.74021846422060617504e-22
-1.47391042104537476953e-21
4.69817698736989412187e-22
-1.6030989570337368941e-21
8.47454462860142985763e-23
1.10195263841465080659e-23
-3.94837071602050624363e-22
-2.77388465445583422791e-22
1.64933060835172016668e-22
2.22724778474206178531e-22
2.26055013496137683148e-22
5.1787785637857787418e-22
7.72960633345283975944e-23
7.6076850236481113072e-23
-2.46305313814745607293e-22
-1.03304833856337339598e-23
-0.319018476977360249826
0.361530609112385013445
0.0772073041427906282489
-0.0308919292259672289666
0.0356138942175736035515
0.661277359772835483235
-1.52729882556260867408
-7.59331258363497349527e-17
-0.0759984675436505692518
-0.755745554026097701873
0.203709826931534039839
0.189940769160392554806
0.661277359772835533007
0.8894158749906797204
-0.3710197447653420766
2.98051159935150062702e-22
-9.63073433872253711611e-22
2.45195748506896050229e-22
-4.04419966259336818579e-23
-2.09956748688506621395e-22
-7.82498939696537139714e-22
9.68303287990436289126e-22
-6.54000577586850202199e-23
-1.56683196202915603166e-21
-4.9201165331346934622e-23
-4.66694910764012545598e-23
-5.40699534711421980595e-22
-3.73823927103169707895e-22
5.54705229563132843562e-23
3.66295860889818493418e-23
6.19142187376790521642e-22
1.16343932392198976411e-22
1.21222792228500125889e-22
-2.30607467661653833536e-22
-5.21166436553228176824e-23
0.832871902816223263635
-1.2555745453249404804
0.610495870421631067187
0.388517976451696767156
-0.138947512842347245398
-1.25557454532494052173
3.08745889526299131669
-3.79779040227056059376
0.153875831807696716003
0.610495870421631142515
-3.79779040227056107109
3.19693018773897977288
0.388517976451696858502
1.49046040950315038859
-0.513947512842347380785
2.83266903840892724602e-21
-1.81045258339681097822e-21
4.27489030236092108788e-22
6.36107609841221285243e-22
-2.07237468497054539616e-21
2.73127854080420618016e-21
3.09706888370575522841e-22
1.24807049204603188503e-21
-2.52445725102503027829e-21
-4.48685689737814103515e-23
6.34517512319579614934e-22
-8.98120464675232064557e-22
-9.00304466564409683972e-22
-4.89017445063080804551e-23
5.28410834996167100487e-23
5.5402216431673167248e-22
8.14520952214465877889e-23
2.01776000528927805123e-22
-2.90953572028386819331e-22
-6.4941888189135048104e-23
-0.259009746969017137979
1.13226866223795529851e-17
1.6040912474902222307e-17
9.93893473747118139696e-18
-1.91731647405947084888e-17
0.76376261582597330411
-6.95974723706989762741e-18
2.0226175178448035832e-18
6.02206515427184691203e-17
-1.74574312188793899602
-4.86369701801120583012e-17
-1.08485879900889698283e-16
-2.82524296396070540953e-16
9.6989005159071635267e-17
1.24099025303098309913
1.14544944402635139127e-22
-1.55609819231466617082e-21
6.18870850733147531866e-22
-8.27806265519012480583e-22
-1.00355351863736556703e-21
-5.18051896280533665033e-21
7.44495353268356441971e-22
-3.43438449379850875087e-22
-2.48505112742047922064e-21
-4.0321490710745475385e-22
-5.14003651652318605711e-22
-2.44182632008580164679e-22
-9.35819925795073506561e-22
3.75062463052581555358e-23
-9.33074048873121724836e-22
1.22541005005094528944e-21
8.35249959835604702765e-23
6.54474807076742654184e-23
3.64590969715696968849e-23
-1.01134990987265319443e-22
0.690212515894984762431
-0.47028786273846900445
-0.171966136966425340057
-0.0414853193848422807658
0.0971033140170450904458
-1.56901055103678881247
1.76426222586456668094
0.405521899485314691526
-0.263343311349405930508
2.01253284601971798718
-4.74585378779452725307
0.382517117764018892272
-2.41013805983789296637
3.3348453285828766654
0.985089781479826817504
2.35531828065496428389e-21
-1.84768536164625523968e-21
1.95164750772350796942e-22
-5.55995049027445613971e-22
-3.14992863164862756029e-21
-2.91107564380209177066e-21
7.86442211725949976297e-22
1.05333975012853902072e-21
-3.65719920001009513271e-21
-4.59655469501826437952e-22
5.90757985197932235164e-23
-6.20043107094251288729e-22
-1.39592690732997755847e-21
-2.03923604628078768151e-22
-9.41967860916107335834e-22
1.27363765580568809414e-21
1.36565894419874535467e-23
1.88826494295291514488e-22
1.73883301600472570223e-23
-1.28072555569855168109e-22
0.500000000000000054562
1.38623530801047805677e-17
1.83059236196065218833e-17
1.38615336459550857115e-17
2.03835811506976743074e-17
-1.41016417794242676276
-1.62752291786481830324e-17
-1.6261394715093548355e-17
-5.28570469525570780796e-17
2.66666666666666680913
2.14113146926637880321e-17
9.64265260445223123427e-17
-6.75650248872424068739
-2.31992281095427973341e-16
5.00000000000000071959
1.86050358652362980013e-21
-1.20243811577738070107e-21
1.02806576597908179943e-21
-1.49087253475821224156e-21
-4.08211699315748439948e-21
-7.03608241155455990952e-21
4.37102064792938549971e-22
2.80851509865521149141e-22
-4.34531070224078376453e-21
-6.56676648266083288681e-22
-4.49531790586415249161e-22
-5.40017059864878862305e-22
-1.75933815271175359775e-21
1.63530036412578758896e-22
-1.36648333291870086188e-21
1.62373941440679984999e-21
-7.00235656440543521477e-23
1.2867547739565263964e-22
2.37410270510949431378e-22
-1.27625482097608593933e-22
-0.98508978147982678297
2.02295987992578680503e-17
-6.83106929420730629413e-18
-3.20277663561813492655e-17
8.61957862523246092567e-18
2.41013805983789324976
-4.33181747412588301465e-17
6.73090410973190746458e-17
8.22990014200928205865e-18
-2.01253284601971834606
9.27282461609114224084e-18
-2.62021741875006955438e-17
1.56901055103678912301
6.59006794479693845207e-18
-0.69021251589498490488
-3.33484532858287693228
-2.82492942152142476761e-17
-6.20121460546406751092e-17
-5.02800467159327674303e-17
4.74585378779452751565
1.31803887780777066423e-16
1.22809533462567344871e-16
-1.76426222586456695978
-8.43339716928568151737e-17
0.470287862738469101949
-0.382517117764018923891
-2.88147162538232632286e-18
-4.66175319030268031665e-18
-0.405521899485314621373
-2.039074636383038286e-17
0.171966136966425374515
0.263343311349405881325
7.90268382763164727432e-18
0.0414853193848422666978
-0.0971033140170450632442
0.454244493018040014984
-0.821193778270711874183
-0.165839790850649147515
0.144220564263618422504
-0.0695932913275118557666
-0.211965176132643184569
2.07250288969947232645
-0.157567058145797098918
0.0161733390852009856474
-0.79150139215346032421
-1.68486588370840595253
0.154184931033029996124
1.41462851324623079774
0.677352685929744671271
-0.905850631201761528056
-0.821193778270711847776
-2.59134683292260066
-0.157567058145797202877
0.0682220967199678116944
2.07250288969947230228
3.54914980605793457492
-0.157567058145797049224
-1.68486588370840591452
-0.77838493449421117697
0.677352685929744645728
-0.165839790850649121252
-0.157567058145797156765
0.0241009783097434363083
-0.157567058145797156763
-0.157567058145797156765
0.15418493103303000234
0.144220564263618430924
0.0682220967199678555766
0.016173339085201005671
-0.0695932913275118714945
-0.388611768304872119021
0.805497924036453930928
-0.921585344876746854883
-0.159916418497876365756
0.0832247482526979593141
0.016173339085200985645
-0.157567058145797098912
2.07250288969947232645
-0.211965176132643184573
0.154184931033029996123
-1.68486588370840595254
-0.791501392153460324205
0.67735268592974467127
1.41462851324623079774
-0.905850631201761528056
0.42975270583235282466
-1.68486588370840590971
-2.38763700599106652121
0.0682220967199677787864
-0.157567058145797049225
3.54914980605793457492
2.07250288969947230228
-0.778384934494211176972
-1.68486588370840591452
0.677352685929744645728
0.101308282452534045015
-0.157567058145797156766
0.0241009783097434292809
-0.157567058145797156765
-0.157567058145797156764
0.15418493103303000234
0.0373301674940006007774
0.0682220967199678583887
0.0161733390852010056711
-0.0339793971099382654481
0.690212515894984621399
-1.56901055103678849914
2.01253284601971748603
-2.41013805983789235065
-3.75551114535453331195e-16
8.22725958632017965781e-18
6.73131501846872821322e-17
-4.33233348076963508047e-17
2.41013805983789324976
-2.61989986131151847702e-17
9.27120152844020494106e-18
-2.01253284601971834606
6.58751671533158693149e-18
1.56901055103678912301
-0.69021251589498490488
-0.470287862738468912371
1.76426222586456619393
-4.74585378779452669814
-3.97914619896497385355e-16
1.22806148007823131152e-16
1.31806746532732286444e-16
4.74585378779452751565
-8.43333249967693978525e-17
-1.76426222586456695978
0.47028786273846910195
-0.171966136966425309839
0.405521899485314584033
-6.83587713041922628435e-17
-2.03903510087359347834e-17
-0.405521899485314621373
0.171966136966425374515
-0.0414853193848422719119
3.72161547680244671308e-17
0.0414853193848422666978
-9.97634338565550153804e-18
0.371019744765342048717
5.20438057644552470582e-18
1.03098344285929937457e-17
8.2742836726385933215e-18
3.90854273492692738288e-19
-0.661277359772835475696
-2.71038549946669941269e-17
-3.41941313964867295581e-17
-8.30098009201022916429e-18
0.75574555402609768179
6.1648524408859109043e-17
2.51506030026962427136e-17
-0.661277359772835514118
-4.9792720759077042107e-17
0.319018476977360287616
-0.889415874990679711724
1.91013854449514663757e-18
-1.09150682824937348186e-17
7.87402032654080155637e-18
-0.203709826931534013687
5.40275105499514415961e-18
-3.87346497454420531523e-17
1.52729882556260864923
8.54797139465000117187e-17
-0.361530609112385040004
-0.189940769160392568705
-2.39929324270664689347e-19
1.69569569236798088881e-18
-2.39088360274984804868e-19
-2.40240523825849703277e-19
-0.0772073041427906144659
0.0759984675436505799249
-5.60073631381277202623e-19
0.0308919292259672572224
-0.0356138942175736091192
-0.371441732125229536422
0.411053595385935632764
0.0492325469347449393711
0.0000304649417762481492028
-8.27847437518870026592e-18
0.411023130444159390292
-0.860656162191694171613
-3.33268193091675698772e-17
-0.0000304649417762304969953
1.10170173919778872575e-17
0.860656162191694204942
-0.0492325469347449223079
-0.411023130444159428311
-0.41105359538593566333
0.371441732125229569416
0.411053595385935636068
-0.949447600567640314441
-0.0887914383759461761539
1.52796479212245841434e-17
-0.860656162191694191219
-1.01776679274445067557e-17
0.0887914383759461225941
0.860656162191694221716
0.949447600567640371364
-0.41105359538593567402
0.0492325469347449357212
-0.0887914383759461519674
2.39590331048038086954e-18
2.60806823569531173703e-18
0.0887914383759461522552
-0.0492325469347449445649
0.000030464941776233941948
-1.0756268692595882769e-18
-0.0000304649417762317942292
-3.92998410030040439821e-19
0.905850631201761234871
-1.41462851324623032539
0.791501392153460068024
0.211965176132643202652
-0.0832247482526978911713
-0.677352685929744461102
1.68486588370840538861
-2.07250288969947184103
0.15991641849787620788
-0.154184931033029934992
0.157567058145797201894
0.921585344876746768971
-0.016173339085201064184
-0.805497924036453923248
0.388611768304872151909
-0.67735268592974444493
1.6848658837084054119
-2.07250288969947181202
-0.068222096719968028149
0.778384934494210966486
-3.54914980605793419738
2.38763700599106644375
0.157567058145797225724
1.68486588370840578947
-0.429752705832352884973
-0.154184931033029958445
0.157567058145797140003
-0.0241009783097434815198
0.157567058145797140003
0.157567058145797140005
-0.101308282452534056881
-0.0161733390852010149518
-0.068222096719967829204
-0.0373301674940005877467
0.0339793971099382551746
-0.319018476977360242799
-1.95582247437542715533e-18
5.06828233951805774736e-19
-9.96273840812252158878e-19
-2.43262192524248271817e-17
0.66127735977283546568
2.83305201439824185463e-18
6.14764849227790150141e-19
5.20930963788763133459e-17
-0.75574555402609765987
-7.50514817624721610438e-18
-5.96896470239601489258e-17
0.661277359772835470154
5.5608583769085517323e-17
-0.37101974476534207454
0.361530609112384998715
2.36716518058879313569e-17
2.71145568148722795816e-17
2.43344359052042735914e-17
-1.52729882556260864434
-6.25957407334221168091e-17
-6.91469699350895726776e-17
0.203709826931533958689
5.93472152535898221241e-17
0.889415874990679745197
0.0772073041427906054947
2.77898205253821331113e-18
5.02906713348624647394e-18
2.77785144017897070627e-18
2.77924323604481392953e-18
0.189940769160392575699
-0.0308919292259672548875
-3.38518568141466335862e-18
-0.0759984675436505839786
0.0356138942175736109004
0.905850631201761340868
-0.677352685929744512226
-0.15418493103302999772
-0.0161733390852010497917
0.0695932913275119040925
-1.41462851324623051896
1.68486588370840560654
0.157567058145797268483
-0.144220564263618474527
0.79150139215346018453
-2.07250288969947212995
0.165839790850649106989
0.211965176132643228497
0.8211937782707118105
-0.45424449301804001827
-0.677352685929744531186
0.778384934494211012811
0.157567058145797214891
-0.0682220967199678545221
1.68486588370840566218
-3.54914980605793426539
0.157567058145797086988
-2.07250288969947214047
2.59134683292260043899
0.821193778270711900228
-0.154184931033029977048
0.157567058145797143023
-0.024100978309743444623
0.157567058145797143021
0.157567058145797143024
0.165839790850649133284
-0.0161733390852010090002
-0.0682220967199678454588
-0.144220564263618428948
0.0695932913275118691478
0.690212515894984876467
3.43249916292506712421e-18
3.96288549356286965606e-18
3.43159485226269701697e-18
2.23056500006312546292e-17
-1.56901055103678906838
-7.90228131707736598021e-18
-7.89421255651338246745e-18
-5.32088383631492742472e-17
2.01253284601971828251
1.3439706287747025187e-17
7.06665757601026411599e-17
-2.41013805983789319766
-8.80628213427030853305e-17
0.985089781479826787699
-0.470287862738469092979
1.9088017425497633926e-17
1.9089766182750497917e-17
-9.29316705720224914759e-18
1.76426222586456695222
-9.33414548665597941586e-18
5.15546157019512720407e-17
-4.74585378779452764752
-1.46706298853402725541e-16
3.33484532858287710822
-0.17196613696642536794
-4.11912174243892195869e-18
-6.49401983024464076787e-18
0.405521899485314626253
1.40151404355909387203e-17
0.382517117764018948492
-0.0414853193848422642606
-7.18710853256926462635e-20
-0.263343311349405895794
0.0971033140170450647849
0.51394751284234736442
9.32467445647983451722e-18
9.01373971140413815454e-18
7.27789268172476277524e-18
7.68213479365949698614e-18
-0.388517976451696771124
-2.51004648258235416465e-17
-6.8036809757012608519e-19
-1.79320726537582812703e-17
-0.610495870421631232674
-1.34918741018073780608e-17
-2.43891895975068568246e-18
1.25557454532494087605
3.99258142002525162914e-17
-0.832871902816223530739
-1.4904604095031504677
-2.09302838433764857862e-17
-5.66379286229960157072e-17
-1.33137813845575282957e-17
3.79779040227056136646
1.39395919525553813717e-16
8.60913180526805574702e-17
-3.08745889526299221617
-1.32986530078233928773e-16
1.25557454532494091306
-3.19693018773897995292
-3.4004198922330476312e-17
-5.60591873857529630958e-17
3.79779040227056138522
1.29966615068895547801e-16
-0.610495870421631275948
-0.153875831807697032756
-3.97662687068377215495e-18
-0.388517976451696817538
0.13894751284234734125
-0.388611768304872121205
0.429752705832352853283
0.10130828245253405538
0.0373301674940006108709
-0.0339793971099382678268
0.0161733390852009936819
-0.15756705814579714881
-0.15756705814579714881
0.0161733390852009936819
0.154184931033030000287
-0.778384934494211125939
0.154184931033030000289
0.67735268592974465898
0.677352685929744658983
-0.905850631201761524196
0.805497924036453922167
-1.68486588370840582449
-0.157567058145797226344
0.0682220967199678696801
-0.157567058145797116245
3.54914980605793454812
-0.157567058145797116245
-1.68486588370840593459
-1.68486588370840593459
1.41462851324623079689
-0.921585344876746855687
-2.3876370059910665902
0.024100978309743400991
2.07250288969947234439
2.07250288969947234439
-0.791501392153460360915
-0.159916418497876344458
0.0682220967199678429329
-0.211965176132643209808
0.0832247482526979553913
0.832871902816223272409
-1.25557454532494049706
0.610495870421631050927
0.388517976451696765844
7.66615996541311054307e-17
-1.79350136015016813912e-17
-6.80290539227849825706e-19
-2.50995643353285772765e-17
-0.388517976451696771126
-2.43908254826720782645e-18
-1.34938211890671969563e-17
-0.610495870421631232672
3.9922591548757361874e-17
1.25557454532494087605
-0.832871902816223530739
-1.25557454532494054176
3.08745889526299132897
-3.79779040227056057907
-3.14760102782200312878e-16
8.60876443984144026478e-17
1.39402777649754165495e-16
3.79779040227056136646
-1.32985421450904098726e-16
-3.08745889526299221618
1.25557454532494091306
0.610495870421631130274
-3.79779040227056115749
-2.13370517887312851241e-16
1.29968646427128739832e-16
3.79779040227056138522
-0.610495870421631275949
0.388517976451696753682
1.20243469851210434459e-17
-0.388517976451696817538
1.33890488292809497656e-17
-0.354632371194933859868
-2.8107424177197361573e-18
-1.53085496839462044086e-18
-1.18839835471903988665e-18
-1.68141180660674939656e-17
0.392422538338352251152
2.57123483855365698013e-18
-4.30792639621419794222e-19
2.51850218004474163614e-17
1.83662533315807876683e-18
1.05058719884787229111e-17
-7.62137177124917984243e-18
-0.392422538338352266664
-2.2604096613246597258e-17
0.354632371194933890692
0.737275827316486068133
1.12825159594346473758e-17
1.00237612415254948208e-17
2.66231030471130440754e-17
-1.52729882556260864502
-4.10465651815476909289e-17
-7.31293739488526926331e-17
1.52729882556260866632
9.44359980934067831397e-17
-0.737275827316486123198
-0.945686323186490260251
1.04185704331655367558e-17
-1.22868159317982753255e-18
-5.49172066262175055521e-17
6.98069600684808299257e-18
0.945686323186490297601
-0.228138515217844190603
-4.14995334720374463912e-18
0.22813851521784420098
-1.67798897273571063033e-18
0.90585063120176134838
-0.677352685929744512416
-0.154184931033029999759
-0.016173339085201050648
0.0339793971099382870234
-0.677352685929744530332
0.778384934494210985265
0.157567058145797193792
-0.0373301674940006020819
-0.1541849310330299897
0.157567058145797150751
-0.101308282452534048283
-0.0161733390852010282177
-0.429752705832352857237
0.388611768304872148939
-1.41462851324623054443
1.68486588370840561595
0.157567058145797276934
-0.0682220967199678720775
1.6848658837084056582
-3.54914980605793424383
0.157567058145797086313
0.157567058145797234681
1.68486588370840580657
-0.805497924036453968166
0.791501392153460242991
-2.07250288969947211203
-0.0241009783097434933924
-2.07250288969947219284
2.38763700599106642539
0.921585344876746855186
0.211965176132643168739
-0.0682220967199678502573
0.159916418497876356011
-0.0832247482526979454081
0.832871902816223503265
1.64940430351141183723e-20
-1.64150566672736431634e-18
1.52337663035137916332e-20
2.6827211369239189087e-17
-1.25557454532494087244
-6.45343381235904119073e-19
-6.42538706098305253115e-19
-4.00946654838451601809e-17
0.61049587042163123152
4.06738866030845144281e-18
2.0514566108573976966e-17
0.388517976451696809123
7.93589551920202639462e-18
-0.513947512842347409153
-1.25557454532494087341
6.53064404699725276098e-18
6.53167269166801875007e-18
-4.10740896376882492993e-17
3.08745889526299223926
-9.87033511938868791702e-18
9.54956540451988807018e-17
-3.79779040227056147485
-1.14191487969607059471e-16
1.49046040950315056112
0.610495870421631244209
4.28926771536954614311e-17
3.32059616357291374184e-17
-3.79779040227056148759
-1.26932684093887429044e-16
3.19693018773898009778
0.38851797645169681078
9.59169246613957944018e-18
0.153875831807697046124
-0.138947512842347344278
-0.356113060986062226758
-4.08493062485763647545e-19
7.64210396235473190742e-19
1.37862026759259144039e-18
-1.3423661862343189987e-17
0.041485319384842267191
-4.09927716353577763319e-18
-3.09341673988968688036e-18
3.93702369932330941998e-18
0.171966136966425363984
-3.62358980023890440014e-18
8.8044150437834365849e-18
0.470287862738469091348
1.78094100653309961157e-17
-0.690212515894984887826
1.02710592717537925603
4.32714539955439755465e-18
-2.71773509924525496851e-18
3.50645636181715110095e-17
-0.405521899485314620448
2.75078653169892172389e-17
-2.4421510836820715103e-17
-1.7642622258645669243
-6.76497644849396745818e-17
1.56901055103678908917
-2.12826023965195803206
-3.597871354565630476e-17
-5.94077280280367996975e-17
4.74585378779452753801
1.6892196255617419938e-16
-2.01253284601971829914
-3.33484532858287705177
-1.24488660360304615709e-17
2.41013805983789308841
0.255900471551156306911
0.69021251589498476818
-0.470287862738469013009
-0.171966136966425355336
-0.0414853193848422924985
1.66888858163092141041e-18
3.93722196595433849639e-18
-3.09447226060886507389e-18
-4.09822443694853178026e-18
0.04148531938484226719
8.80127527608751102918e-18
-3.62368634781972726145e-18
0.171966136966425363986
1.78076431563534649196e-17
0.47028786273846909135
-0.690212515894984887826
-1.56901055103678883763
1.7642622258645666762
0.405521899485314702813
2.14145361448516351875e-17
-2.44196786945951896502e-17
2.75125113542917092197e-17
-0.405521899485314620448
-6.764825859743676598e-17
-1.7642622258645669243
1.56901055103678908917
2.01253284601971803625
-4.74585378779452724041
-1.43775405872829008628e-16
1.68925499537742798573e-16
4.74585378779452753801
-2.01253284601971829914
-2.4101380598378930758
-1.0384590299695637045e-16
2.41013805983789308842
2.52790854159974844376e-17
0.690212515894984871252
2.52678914495507478267e-18
2.00701499312146584144e-18
2.52552440557157648516e-18
1.70896373643681741557e-17
-0.470287862738469098953
1.90170533351120279015e-19
1.91588343738935102007e-19
-1.52669754653035336549e-17
-0.171966136966425367342
3.83605479816556316058e-19
-5.89495704007403067775e-18
-0.0414853193848422664794
-2.29313266427214613532e-18
0.356113060986062250464
-1.56901055103678905282
-1.16265454953954324824e-17
-1.16258235671521606504e-17
-3.76500294613566673968e-17
1.76426222586456695825
-1.94950623518761320804e-18
5.75825664376383388765e-17
0.40552189948531462844
1.62003129972231621824e-17
-1.0271059271753793252
2.01253284601971825628
5.31411265001323753251e-17
4.44404511270330936075e-17
-4.7458537877945276599
-1.59083671300242813956e-16
2.12826023965195817302
-2.41013805983789309856
1.10321252381458995043e-17
3.33484532858287708151
-0.255900471551156311911
0.500000000000000034179
-1.09815799898860412202e-21
1.32960506110362728211e-21
-2.22102840955572942483e-21
-5.32882344253838103229e-22
3.23181910198082032256e-22
5.26019205079069203875e-22
1.53167708531101033646e-21
-1.02681589242406820398e-21
-1.33480699456181010111e-21
-1.97002920445554369793e-21
2.59530889494831069678e-21
-2.71865005651441415204e-21
-2.19988223605139085586e-21
-0.500000000000000034178
-1.41016417794242670991
-3.59454371113298373574e-21
-2.59371127386579254995e-21
-1.32100781161530250272e-21
1.16927150315551526155e-21
-9.36341186598013577956e-22
-2.62554494598767926768e-21
4.60159083144928762384e-21
2.29958841893683992288e-21
1.41016417794242670991
2.6666666666666667127
4.74586686195300194452e-21
-5.91588358087944108314e-21
-3.1133169764911537534e-22
-6.17410726720320325081e-21
-2.66666666666666671272
-6.75650248872424045541
-3.59843786887932815654e-21
6.75650248872424045542
2.17212909537063803281e-21
