-5.00000000000000052876
-5.36227639987119308976e-17
-2.151675451319425588e-17
4.96110827135784155822e-18
1.75631675904231520509e-17
-5.36186697077728678333e-17
-3.4169242308584593718e-17
4.5255099154676245073e-18
4.16404611606712534416e-17
-2.15181035964563659475e-17
4.52197478502032279904e-18
5.49504919562103451048e-17
4.96072716753050435561e-18
4.16383519283428256954e-17
1.75645564990716664333e-17
6.75650248872424073416
1.41706066254333209925e-16
2.11499547547030488195e-17
-5.48773796844727323822e-17
1.41698161451966747894e-16
6.64363727320799487807e-17
-1.36507520975838480859e-16
2.11501401468114298779e-17
-1.36497438960619480402e-16
-5.48846652592267424553e-17
-2.66666666666666699387
-1.51999107256023728285e-16
6.32064838493824354747e-17
-1.52001219257724180457e-16
1.30618056559499293692e-16
6.32029555199757441055e-17
1.41016417794242690946
5.31128652082454879159e-18
5.31072582212491876576e-18
-0.500000000000000101908
-0.985089781479826701521
-3.33484532858287709844
-0.382517117764018934674
0.263343311349405889096
-0.0971033140170450605697
-3.91767360613167125922e-17
-3.13267303808858652454e-17
1.16575100310412687296e-17
1.61447682260632342708e-17
-1.45992521669456759088e-17
1.82026473240674377049e-17
3.3956044618205798342e-17
9.6229562107211939807e-18
3.42365423588181710321e-17
1.85642831899766625815e-17
2.4101380598378932487
4.7458537877945277497
-0.405521899485314601145
0.0414853193848422482245
1.1604874564297278155e-16
1.92786486794753640855e-17
-6.60774402318479772433e-17
-3.97711817825764110203e-18
-1.07182394841493079985e-16
-5.57912408351751937463e-17
-2.01253284601971842536
-1.76426222586456710278
0.171966136966425386898
-1.01106514500631769945e-16
8.39114304981153948955e-17
6.28825210056648797311e-17
1.56901055103678919108
0.470287862738469127018
4.40425821378744461026e-18
-0.690212515894984925892
0.513947512842347364752
-1.49046040950315047421
-3.19693018773898001398
-0.153875831807697115117
0.138947512842347356675
-1.56609344750985624768e-17
-6.09288949857434358811e-18
-6.09420335974575982362e-18
-1.56611369454656667134e-17
4.4009806880728522213e-18
2.84635404488734032447e-17
4.39959681739221020803e-18
2.09022278742594784009e-17
2.09025729835065481821e-17
1.93140269463400272293e-17
-0.388517976451696777409
3.79779040227056152707
3.79779040227056152707
-0.388517976451696777409
4.177874527145562967e-17
-1.6089480321256128761e-17
4.17794855622415523298e-17
-5.40092915816808969541e-17
-5.40093767386241963028e-17
-5.6471182819113382467e-17
-0.610495870421631293829
-3.08745889526299238348
-0.610495870421631293829
-7.02836659305050881906e-18
-7.02560203973290865369e-18
6.26421956996373998752e-17
1.25557454532494094735
1.25557454532494094735
3.72439793701468446014e-18
-0.832871902816223551168
-0.356113060986062218073
1.02710592717537929562
-2.12826023965195824044
-3.33484532858287675343
0.255900471551156010217
1.61464351882751301622e-17
1.16588806642346559114e-17
-3.13261516998459092237e-17
-3.91755530998746714474e-17
3.39580792384428689387e-17
1.82039560715032382945e-17
-1.45996575472172576564e-17
3.42362620398631939028e-17
9.62318113970575954301e-18
1.85641364328385540337e-17
0.0414853193848422482233
-0.405521899485314601146
4.7458537877945277497
2.41013805983789324869
-6.60759456908906008228e-17
1.92789511706925675108e-17
1.16052197211863939695e-16
-1.07182515065752210147e-16
-3.97695893283554742024e-18
-5.57912794765707061421e-17
0.171966136966425386899
-1.76426222586456710278
-2.01253284601971842536
8.3908455151232578997e-17
-1.01103332706462679878e-16
6.2882521361427214167e-17
0.470287862738469127017
1.56901055103678919108
4.40422209098357167355e-18
-0.690212515894984925892
0.499999999999999897653
-1.41016417794242613911
2.66666666666666547694
-6.75650248872423873135
-1.08551451273687433126e-15
4.16437281977292218087e-17
4.52569426962175806342e-18
-3.4168028882502476547e-17
-5.36159078203192684901e-17
5.49521995078198325576e-17
4.52474547303601333438e-18
-2.15180638960547820313e-17
4.16382792495040146683e-17
4.96060835576669575968e-18
1.75643723471288097614e-17
-5.48779876696783190003e-17
2.11484432718729245797e-17
1.41707636091791750064e-16
6.75650248872424073416
-1.36504982064512474448e-16
6.64370007859354431542e-17
1.41703017378379581115e-16
-1.36498111820472482484e-16
2.11508578426789025338e-17
-5.48847210367873350531e-17
6.32084255292572219917e-17
-1.51999337648537447281e-16
-2.66666666666666699387
1.30615182464785102813e-16
-1.51998045650171642258e-16
6.32029572466451617286e-17
5.3106507216916506451e-18
1.41016417794242690946
5.31067397072562965537e-18
-0.500000000000000101908
-0.985089781479826765928
-3.64299926034236800279e-17
-1.38532101769244346663e-17
6.92947701217463074726e-18
2.08204161704779540151e-17
-3.33484532858287699156
-4.15954781217787582837e-17
1.42751665363492805246e-17
2.68958869828442141039e-17
-0.382517117764018992909
3.56205246304511221371e-17
4.8655027633719965178e-17
0.263343311349405898911
-1.53559694901111519952e-18
-0.0971033140170450571175
2.41013805983789324869
1.1605196405390048643e-16
-3.98021944132565899183e-18
-5.57896798744069743287e-17
4.74585378779452774969
1.92777541536544915836e-17
-1.0718384543937537486e-16
-0.405521899485314601147
-6.60743579668356437811e-17
0.0414853193848422482216
-2.01253284601971842536
-1.01106444546248524248e-16
6.28818624425698560294e-17
-1.76426222586456710278
8.39079635191377600784e-17
0.171966136966425386896
1.56901055103678919108
4.40498790928421596531e-18
0.470287862738469127018
-0.690212515894984925891
0.454244493018040011158
-0.821193778270711894501
-0.165839790850649144693
0.144220564263618442618
-0.0695932913275118677312
-0.821193778270711868049
-2.59134683292260064216
-0.157567058145797153192
0.0682220967199678492877
-0.165839790850649138814
-0.157567058145797146791
0.0241009783097434752917
0.144220564263618435962
0.0682220967199678497993
-0.0695932913275118681521
-0.211965176132643155331
2.07250288969947237231
-0.157567058145797148322
0.0161733390852009972935
2.07250288969947237231
3.54914980605793450208
-0.157567058145797178989
-0.157567058145797148318
-0.157567058145797178991
0.016173339085200997293
-0.791501392153460385053
-1.68486588370840597088
0.154184931033030007641
-1.68486588370840597088
-0.778384934494211100268
0.154184931033030007642
1.41462851324623083684
0.677352685929744674304
0.677352685929744674307
-0.90585063120176154502
-0.388611768304872130986
0.805497924036453951046
-0.92158534487674685206
-0.159916418497876386074
0.0832247482526979554913
0.429752705832352862252
-1.68486588370840586002
-2.38763700599106650337
0.0682220967199677585139
0.101308282452534083998
-0.157567058145797146793
0.0241009783097434117182
0.0373301674940005949996
0.0682220967199678634272
-0.0339793971099382621057
0.0161733390852009972934
-0.157567058145797148322
2.07250288969947237231
-0.211965176132643155331
-0.15756705814579717899
3.54914980605793450209
2.07250288969947237231
-0.157567058145797178991
-0.157567058145797148318
0.016173339085200997293
0.154184931033030007642
-1.68486588370840597088
-0.791501392153460385052
-0.778384934494211100269
-1.68486588370840597088
0.154184931033030007642
0.677352685929744674304
1.41462851324623083684
0.677352685929744674307
-0.90585063120176154502
0.690212515894984633602
-1.56901055103678846018
2.012532846019717479
-2.41013805983789240731
-3.58508118940880380193e-16
-0.470287862738468835196
1.76426222586456627021
-4.74585378779452671148
-4.57188914438277314742e-16
-0.171966136966425256522
0.405521899485314622536
-1.3737917935517004971e-16
-0.0414853193848422813512
5.48023349049381523933e-17
-3.84965244812727704162e-18
-5.57890572002402899827e-17
-3.98133017769546993136e-18
1.1605273493568133468e-16
2.41013805983789324869
-1.07183739054350656579e-16
1.92808954041800891862e-17
4.7458537877945277497
-6.60745258229475974446e-17
-0.405521899485314601147
0.0414853193848422482216
6.28838131070935387046e-17
-1.01106889670349894176e-16
-2.01253284601971842536
8.39062785926263864446e-17
-1.76426222586456710278
0.171966136966425386896
4.40429459788834388376e-18
1.56901055103678919108
0.470287862738469127018
-0.690212515894984925892
0.513947512842347381895
-1.03468636329720029685e-17
1.70372193737502447802e-17
3.28750610043186994639e-17
1.87663995869132745348e-17
-1.49046040950315051313
-2.3903636653858920334e-17
-5.99359011864851135748e-18
2.42657369832611068584e-17
-3.19693018773897999732
2.01088208146942277567e-17
-1.7510107071419245751e-17
-0.153875831807697122757
3.4761915925028351757e-17
0.138947512842347334247
-0.388517976451696777411
4.17765022472247280793e-17
-5.40128658205929907705e-17
-5.64739591876541366833e-17
3.79779040227056152707
-1.60932010106352695331e-17
-5.40050419818752187981e-17
3.79779040227056152707
4.1779045419550712771e-17
-0.388517976451696777409
-0.61049587042163129383
-7.02922141740901784803e-18
6.26379652051593397489e-17
-3.08745889526299238348
-7.0322751745608587072e-18
-0.61049587042163129383
1.25557454532494094735
3.72475912901592569494e-18
1.25557454532494094735
-0.832871902816223551168
-0.388611768304872122536
0.429752705832352867758
0.101308282452534077518
0.0373301674940006253462
-0.0339793971099382691571
0.805497924036453927836
-1.68486588370840581289
-0.157567058145797214743
0.0682220967199678753481
-0.921585344876746842684
-2.38763700599106658137
0.0241009783097434139965
-0.159916418497876366924
0.0682220967199678204674
0.0832247482526979420721
0.0161733390852009972937
-0.157567058145797178993
-0.157567058145797178992
0.0161733390852009972933
-0.15756705814579714832
3.54914980605793450208
-0.157567058145797148319
2.07250288969947237231
2.07250288969947237231
-0.211965176132643155331
0.15418493103303000764
-0.778384934494211100268
0.154184931033030007639
-1.68486588370840597088
-1.68486588370840597088
-0.791501392153460385053
0.677352685929744674304
0.677352685929744674304
1.41462851324623083684
-0.90585063120176154502
0.832871902816223283496
-1.25557454532494047146
0.61049587042163105895
0.388517976451696746179
9.41316811751330809654e-17
-1.25557454532494050418
3.08745889526299137961
-3.79779040227056058204
-3.60186403768030460326e-16
0.610495870421631168825
-3.79779040227056110338
-2.57765515896238479734e-16
0.38851797645169679242
-7.79758729154366342474e-17
6.38720798160078647161e-18
-5.64712396029321958128e-17
-5.40148250338151487491e-17
4.17773683205420494019e-17
-0.38851797645169677741
-5.40088339602584691483e-17
-1.60883074951862929529e-17
3.79779040227056152707
4.1780352644563758916e-17
3.79779040227056152707
-0.388517976451696777409
6.26395758137419030954e-17
-7.0299657215044330772e-18
-0.610495870421631293829
-7.03285597565744203135e-18
-3.08745889526299238348
-0.61049587042163129383
3.72403692139645778287e-18
1.25557454532494094735
1.25557454532494094735
-0.832871902816223551168
-0.356113060986062201918
2.55136778485282687572e-17
4.72300482105436970505e-17
4.24619732605961551375e-17
2.70095913880354236963e-18
1.02710592717537921089
5.90082635359589840691e-18
1.98772061368390269991e-17
5.94433455246492588088e-17
-2.12826023965195798418
-7.15646343868361117678e-17
-1.04352080662116176255e-16
-3.3348453285828772726
4.10650094188666493023e-17
0.255900471551156330723
0.0414853193848422482227
-6.60749721333220071387e-17
-1.07182700809118963766e-16
-5.57918110548513329507e-17
-0.405521899485314601149
1.92744972019630259272e-17
-3.97483143518513415834e-18
4.7458537877945277497
1.16057101767436570064e-16
2.4101380598378932487
0.171966136966425386895
8.3908811517238975929e-17
6.28788261584718418814e-17
-1.76426222586456710278
-1.01107462368504598665e-16
-2.01253284601971842536
0.470287862738469127016
4.40425426888818777274e-18
1.56901055103678919108
-0.690212515894984925891
0.690212515894984784305
-0.470287862738468971927
-0.171966136966425308868
-0.0414853193848422665761
2.65052541375339999494e-17
-1.56901055103678881324
1.76426222586456669879
0.405521899485314704385
-2.372429729269934522e-17
2.01253284601971799131
-4.745853787794527276
-9.58890509836741970816e-17
-2.41013805983789302229
-3.24680178383514748864e-16
4.90924494118463739367e-17
-5.57885890226610616294e-17
-1.07184860860580205762e-16
-6.60739579874920476451e-17
0.0414853193848422482223
-3.97985569469142565398e-18
1.92773359872941116119e-17
-0.405521899485314601148
1.16060471599045820926e-16
4.7458537877945277497
2.4101380598378932487
6.28802970036480130238e-17
8.39082688689107162923e-17
0.171966136966425386894
-1.01109597912477143511e-16
-1.76426222586456710278
-2.01253284601971842536
4.40348911250614257264e-18
0.470287862738469127017
1.56901055103678919108
-0.690212515894984925891
0.500000000000000072127
5.55053687428323533059e-17
7.3259666683143069521e-17
5.55037617450435201648e-17
3.79471748378282885697e-17
-1.4101641779424267578
-1.17490853105719546917e-17
-1.17398805731032953995e-17
-4.78999072181344290885e-17
2.66666666666666678762
-1.27553636800037987555e-17
7.4904238820621770414e-17
-6.75650248872424074102
-2.85607412242211953714e-16
1.90850858898205529147e-16
-5.48806467198407169048e-17
-1.36497981583634695334e-16
-1.36496472011549446568e-16
-5.48836353757384964099e-17
2.11481474005758431791e-17
6.64340836829833577647e-17
2.1152601450760865638e-17
1.41718607766727252402e-16
1.4171387327099643735e-16
6.75650248872424073416
6.32027612575342013844e-17
1.30615809415555920731e-16
6.32013939456840679474e-17
-1.52002148168718534995e-16
-1.51998471558710032372e-16
-2.66666666666666699387
5.30983573808759446093e-18
5.3106514707186026652e-18
1.41016417794242690947
-0.500000000000000101907
-1.24099025303098306509
-3.37090273163200062267e-18
6.14531116243435000395e-20
-6.85872606002780163844e-18
7.10301189632983726074e-18
-3.36933733533679889464e-18
-2.49796179802642441461e-18
-2.05329845754978107312e-18
7.58961107902687308898e-18
6.11031797120863773454e-20
-2.05497659703072916457e-18
9.33512814578894726484e-18
-6.85948632708706852344e-18
7.58795850580952637648e-18
7.10261596295876072079e-18
2.25917145266086326714e-16
-3.64243611925256251535e-19
2.56132656076579874482e-17
-1.36001170394571891402e-17
-3.66844989370534943831e-19
3.26194734690490316661e-17
-1.52413466387294751891e-17
2.56120067449039338017e-17
-1.52391786007112108727e-17
-1.36015932332328743371e-17
1.74574312188793902952
-4.21517061267335497687e-17
6.96076070247733922432e-18
-4.21523279331052912469e-17
-5.75642822623697401338e-18
6.96008183013671101447e-18
-0.763762615825973301208
1.39270873504603624992e-18
1.39310551367206141724e-18
0.259009746969017147002
0.371019744765342062116
-0.889415874990679723176
-0.189940769160392579983
0.0759984675436505829005
-0.035613894217573609063
3.03597766473970386625e-18
9.78335568100106892679e-19
5.24778151512758308244e-18
-2.71888009362220313635e-18
-1.57800014804719662212e-18
5.18100061696511403899e-18
-4.12058230890272464035e-18
-7.82849037341974616836e-18
-3.33200843442191218346e-18
6.17349626534204909969e-18
-0.661277359772835479954
-0.203709826931534012458
1.38171974182935199229e-17
0.0308919292259672543819
-1.74407845706090086258e-18
-4.27957296175158321292e-18
1.423572125735317049e-17
2.45122599497910588951e-17
1.6870640989070566596e-17
-7.16736148973857599292e-18
0.75574555402609768783
1.52729882556260863655
-0.0772073041427906133527
-2.58940685004045122439e-17
-2.91909043999926637601e-17
-2.44161297459866537793e-18
-0.66127735977283546258
-0.361530609112384989852
-2.15974722487812020859e-18
0.319018476977360249035
-0.354632371194933872317
0.737275827316486091326
-0.945686323186490287351
-0.228138515217844214748
6.44786663999021396669e-18
-2.71856528394523462006e-18
5.24897608964057268807e-18
9.78379024818676113932e-19
3.03608844258324137894e-18
-4.12007642321583400331e-18
5.18084346504070635385e-18
-1.57770832905846518704e-18
-3.33212577311139939808e-18
-7.82806089199090679131e-18
6.17340509140340980359e-18
0.392422538338352267347
-1.52729882556260869301
1.26335026130953985508e-16
0.228138515217844146607
1.42351228321450988787e-17
-4.27838741931681253069e-18
-1.74352552672260937379e-18
1.68707143543090566306e-17
2.45118923926948407873e-17
-7.16727820737245576243e-18
-4.64611540828930268539e-18
1.52729882556260863656
0.945686323186490238361
-2.91912389099434322996e-17
-2.58937946026730869595e-17
-2.44158636464586587175e-18
-0.392422538338352244652
-0.737275827316486035115
-2.15974627095083182541e-18
0.354632371194933855082
0.690212515894984619879
-1.56901055103678847397
2.01253284601971749292
-2.41013805983789237425
-0.25590047155115665767
7.59098630812674695637e-18
-2.05371931612627578851e-18
-2.4960531449478454145e-18
-3.36761573490572646601e-18
9.336762088735996209e-18
-2.05468144921047717511e-18
6.13673463744280690697e-20
7.58751167911853226299e-18
-6.85847728992076606395e-18
7.10243674919375270587e-18
-0.470287862738468875691
1.76426222586456628156
-4.74585378779452667026
3.33484532858287676029
-1.52429926815942301348e-17
3.26215513510064091633e-17
-3.64335983739665920274e-19
-1.5238923721089233131e-17
2.56111903458162198439e-17
-1.36014639080189599412e-17
-0.171966136966425298215
0.405521899485314544762
2.12826023965195788505
-5.75725088447197076684e-18
-4.21516920186260593967e-17
6.96016964595836851734e-18
-0.0414853193848422784223
-1.02710592717537914532
1.39308812620276794384e-18
0.35611306098606220027
0.371019744765342060108
4.53934613016627765115e-18
1.40145586782473748487e-18
-5.4364145131443935066e-18
6.28682872009150220844e-18
-0.889415874990679713716
-6.85543661775445146654e-18
-4.7007504042633438611e-18
-5.73002250880430714955e-18
-0.189940769160392587376
2.3065370730456489344e-17
3.14835599097233617191e-18
0.0759984675436505812547
-1.71093860105077456767e-17
-0.0356138942175736020219
-0.661277359772835504566
-1.1912390215435750971e-18
2.13586656061068510185e-17
-4.89147612240856327979e-18
-0.203709826931533976303
-2.71887881634355194544e-18
5.67628162583098201479e-18
-2.82916388073834981791e-18
3.89393364182766748041e-17
0.0308919292259672465673
0.755745554026097682578
-2.59623519888658358651e-17
-1.95126231802077953751e-18
1.52729882556260863649
-2.92601616344299895582e-17
-0.0772073041427906150178
-0.661277359772835460444
-2.3217779696063359429e-18
-0.361530609112384989152
0.319018476977360248147
-0.371441732125229538021
0.411053595385935631339
0.0492325469347449361851
0.0000304649417762467233705
-9.87724396012751051073e-18
0.411053595385935629238
-0.949447600567640323227
-0.0887914383759461849402
8.44951038636553548217e-18
0.0492325469347449378422
-0.0887914383759461516143
4.51710246645355691696e-18
0.0000304649417762277806049
-7.23766422087733919269e-18
6.64051814810560508241e-18
0.411023130444159399671
-0.860656162191694152341
-1.40538374205302607036e-17
-0.0000304649417762211177575
-0.860656162191694169776
3.73212446999371158672e-17
0.0887914383759461440367
2.25909614862035940567e-17
0.0887914383759461722388
-0.0000304649417762439555312
-7.72269923660697699831e-18
0.860656162191694148078
-0.049232546934744941048
0.86065616219169414972
0.949447600567640299367
-0.0492325469347449455932
-0.411023130444159385111
-0.411053595385935620128
-0.411053595385935618696
0.371441732125229532721
0.905850631201761240767
-1.4146285132462303391
0.791501392153460059115
0.211965176132643201988
-0.083224748252697879781
-0.677352685929744458532
1.68486588370840541811
-2.07250288969947182078
-0.0682220967199680301397
-0.154184931033029956993
0.15756705814579716331
-0.0241009783097435001943
-0.0161733390852010315019
-0.0682220967199678278738
0.0339793971099382622718
-0.677352685929744457696
1.68486588370840544417
-2.07250288969947181513
0.15991641849787617901
0.778384934494211010897
-3.54914980605793420551
2.38763700599106648113
0.157567058145797179184
0.157567058145797137414
-0.0373301674940005984016
-0.154184931033029962092
0.157567058145797114281
0.921585344876746769763
0.157567058145797110984
1.68486588370840577673
-0.101308282452534057433
-0.0161733390852010167138
-0.805497924036453869573
-0.429752705832352834121
0.388611768304872112441
-0.354632371194933857773
-4.10939569087528891645e-18
-3.75967455215662242385e-18
-4.04001799695245734331e-18
-1.11219663809344596129e-17
0.737275827316486060934
7.2629351531501702431e-18
5.61877039497662449022e-18
2.92096468854995769795e-17
-0.945686323186490253582
-4.35872835269595453779e-18
-4.40164751317045162068e-17
-0.228138515217844241958
4.25733218547264806961e-17
-6.97111573543703798021e-18
0.392422538338352257214
3.1066040106368537586e-17
3.61494083995525746508e-17
1.01340734118780900311e-17
-1.52729882556260864858
-4.87848855634205081156e-17
-2.46505378934359395885e-17
-1.72004959469798232541e-18
4.04510170821658792153e-17
0.228138515217844230958
-6.92984719833897265427e-18
-2.72144730185591185866e-17
1.13455317207654347981e-18
1.52729882556260863853
-2.3917338444458731684e-17
0.945686323186490256255
-0.392422538338352244715
-4.56664182945688082352e-18
-0.737275827316486043252
0.354632371194933858533
0.905850631201761354072
-0.67735268592974451527
-0.154184931033030001986
-0.0161733390852010519462
0.0339793971099382891181
-1.41462851324623054184
1.68486588370840561154
0.157567058145797272913
-0.0682220967199678792723
0.791501392153460200202
-2.0725028896994721268
-0.0241009783097434867227
0.211965176132643215463
-0.0682220967199679016139
-0.0832247482526979507007
-0.677352685929744545386
0.778384934494211021846
0.157567058145797222285
-0.0373301674940005960226
1.68486588370840570668
-3.54914980605793425158
0.157567058145797082748
-2.07250288969947215937
2.38763700599106647859
0.159916418497876385988
-0.154184931033029980942
0.157567058145797113029
-0.101308282452534057047
0.157567058145797116325
1.68486588370840577878
0.921585344876746813839
-0.016173339085201010182
-0.429752705832352835286
-0.805497924036453888221
0.38861176830487211678
0.69021251589498488357
1.10222870121790471836e-17
1.329969571556742422e-17
1.102071117345800421e-17
2.94081140789496213207e-17
-1.56901055103678907524
-9.95537271293157038148e-18
-9.94948888184485807042e-18
-6.0069333590343544309e-17
2.01253284601971828257
1.09421375089774648017e-17
7.07260178865242920389e-17
-2.41013805983789320103
-9.1430945351559006924e-17
-0.255900471551156277383
-0.470287862738469106581
3.84877856490194632614e-18
3.8499290833736596869e-18
-2.28952535714505693198e-17
1.76426222586456697783
2.3287093751151597966e-17
7.71687611962563031824e-17
-4.74585378779452764789
-1.47069902173318562464e-16
3.33484532858287733414
-0.171966136966425360978
-9.87607795561716870842e-18
4.67236632218946674178e-19
0.4055218994853145841
-2.81358902263234872077e-17
2.12826023965195797801
-0.0414853193848422628678
1.32118328764357033385e-18
-1.027105927175379197
0.356113060986062211787
0.375000000000000029993
3.13959781852825894767e-17
1.14450798147675597298e-17
-1.78250795513573224716e-17
4.72952418167243660543e-18
3.1395335712901165981e-17
2.07574153459882172349e-17
-1.12287769154526496376e-17
-1.87323253243113190992e-17
1.14455514717788779715e-17
-1.12293333463968788077e-17
-2.7171724642200999703e-17
-1.78253864573194133311e-17
-1.87324435448996517725e-17
4.72896012726762868331e-18
-1.33658457769545342423
-8.52496114194467316564e-17
4.1900270697152864383e-17
1.26017655961023128508e-18
-8.52494351804014147825e-17
1.98038381130096513236e-17
7.53767706130871209534e-17
4.18995575636480453196e-17
7.53738558236539397382e-17
1.26094981042262421288e-18
-8.33680217439136223655e-18
-5.38732883744716642669e-18
-6.52016402656553728833e-18
-5.38722410758400094489e-18
-8.80639204703361448236e-17
-6.51957677391079093034e-18
1.3365845776954535584
-3.42836754097427282567e-17
-3.42844179985090578026e-17
-0.37500000000000005491
-0.319018476977360255766
0.361530609112385005167
0.077207304142790615778
-0.030891929225967237244
0.0356138942175735976118
5.62150276778426231133e-18
5.1080661424253067108e-18
5.10802863965117756552e-18
5.62123536365197167079e-18
-9.46505584620539977455e-18
-9.70777351758628548466e-18
-9.46399546369529039303e-18
-1.87619757455701339733e-17
-1.87615808415403145459e-17
5.66314987897158619291e-18
0.661277359772835492572
-1.52729882556260865774
-5.95866148948079925021e-17
-0.075998467543650559915
-4.4951614893334833339e-19
1.31408561388742314479e-17
-4.49275025406444597082e-19
5.95811188172686805503e-17
5.95806050287835226041e-17
-1.37956055573961754269e-18
-0.755745554026097709642
0.203709826931534028614
0.189940769160392547037
-4.56698854124623116251e-17
-4.56697439237340550318e-17
-1.02939085738293154286e-18
0.661277359772835561452
0.889415874990679748843
-4.41500521385067019394e-17
-0.371019744765342071652
0.832871902816223269453
-1.25557454532494052216
0.610495870421631053359
0.388517976451696787916
-0.138947512842347257765
-1.87318265931429603074e-17
-1.12299289497780933316e-17
2.07593433760985159177e-17
3.13956503598383673725e-17
-2.71717131185898075957e-17
-1.12300009919732901886e-17
1.14457736162956775818e-17
-1.87333206665884917132e-17
-1.78239249402676078492e-17
4.72874739294176292293e-18
-1.25557454532494052719
3.08745889526299142751
-3.79779040227056064339
0.153875831807696728716
7.53752657778233440312e-17
1.98087334656850290267e-17
-8.5246470498592617091e-17
7.53748039320319107592e-17
4.18977356893500787422e-17
1.26143673354490080534e-18
0.610495870421631179812
-3.79779040227056112888
3.19693018773897973121
-8.80633649819597187123e-17
-5.38681976625777849661e-18
-6.5198349157603391857e-18
0.388517976451696723376
1.49046040950315060318
-3.42843330517245062407e-17
-0.513947512842347382771
-0.319018476977360259011
4.21605753432272820755e-18
-1.02299291522218945672e-17
-1.93564987175668672553e-17
-2.74346681788011109391e-18
0.361530609112385009537
6.39331467861057080811e-18
-9.92262469423997564196e-18
-6.16963739269541907858e-18
0.0772073041427906166974
1.03601327361641535888e-17
-1.32753844034427951532e-17
-0.0308919292259672493715
-5.68098915538240810451e-18
0.0356138942175736162695
0.661277359772835500395
5.1910831827856974893e-18
6.45932409676985504191e-17
1.19325027665368245442e-17
-1.52729882556260868117
-7.38353348035314947782e-18
2.30165779168617380935e-17
-2.54993951866503322332e-17
4.67687406985767915244e-17
-0.07599846754365059527
-0.755745554026097711428
-4.04601939156975200967e-17
-1.64395638496037499754e-18
0.203709826931534001155
-4.21789439267243402727e-17
0.189940769160392567498
0.661277359772835559846
-4.62246331358088052236e-17
0.889415874990679755638
-0.371019744765342072491
0.90585063120176136245
-0.677352685929744530585
-0.154184931033030008458
-0.0161733390852010436211
0.0695932913275118878811
-0.677352685929744561687
0.778384934494210975773
0.157567058145797197614
-0.0682220967199678436972
-0.154184931033029995354
0.157567058145797150605
-0.0241009783097434334224
-0.0161733390852010112957
-0.0682220967199678399433
0.0695932913275118745167
-1.41462851324623055913
1.68486588370840567051
0.157567058145797270843
-0.144220564263618439816
1.68486588370840575434
-3.54914980605793421017
0.157567058145797050161
0.157567058145797187013
0.157567058145797114744
-0.144220564263618440239
0.791501392153460242575
-2.07250288969947216291
0.16583979085064905543
-2.072502889699472242
2.59134683292260048146
0.165839790850649125082
0.211965176132643126665
0.821193778270711900191
0.821193778270711910669
-0.454244493018040016221
0.832871902816223507994
-1.8716457194713396211e-17
-2.88128789626858431363e-17
-1.8717905671870235318e-17
3.15564262980969543202e-17
-1.25557454532494089026
-1.18742321000702795618e-17
-1.18716708656958285327e-17
-5.79196286248901365991e-17
0.610495870421631242966
2.48239153470494718868e-17
3.19604892168272543051e-17
0.388517976451696840519
3.93304411847114643526e-17
-0.138947512842347379162
-1.25557454532494087215
8.19036083235202805569e-17
8.19042739272370125424e-17
-3.98136312791193903331e-17
3.08745889526299228116
9.93379666307028514242e-18
1.37395392368402162355e-16
-3.7977904022705615601
-1.99441792759939027315e-16
0.153875831807697136896
0.610495870421631237688
-4.51710140185615165636e-17
2.66849423124541213032e-17
-3.79779040227056149298
-1.32320551756296207715e-16
3.19693018773898008945
0.388517976451696776496
-2.4692818305828785818e-17
1.49046040950315060453
-0.513947512842347399188
-0.259009746969017174431
1.85390412515475305391e-17
6.11580769019172010418e-18
-9.11777566469928819311e-18
9.68151567877054182763e-18
1.85393017656931078225e-17
1.24053818059570972575e-17
-8.01108129954130449322e-18
-8.88322864400311939542e-18
6.11527929060739207227e-18
-8.01110257401354273846e-18
-1.45191356586745025315e-17
-9.11739002862552712092e-18
-8.88273048754954001433e-18
9.68229284734077980074e-18
0.763762615825973386429
-4.66106922704441176197e-17
2.10588416396603388395e-17
-2.20324161116966871455e-17
-4.66105652698005714421e-17
1.60984795435486012712e-17
3.26034196915013588038e-17
2.10572810531868173378e-17
3.26008084723763145796e-17
-2.20326593308723297793e-17
-1.74574312188793912715
4.91958062412067034902e-18
4.50629076095199417724e-17
4.91889540093766598261e-18
-4.84256448617661371713e-18
4.50600369735669997014e-17
-4.7029919741647179753e-17
-1.18958368146685955957e-16
-1.18958035071477692647e-16
1.2409902530309831043
0.690212515894984791284
-0.470287862738469023506
-0.171966136966425349985
-0.0414853193848422735498
0.0971033140170450539957
-8.88217975087642354344e-18
-8.01193977218095529632e-18
1.24062302549656964792e-17
1.85386612444540868236e-17
-1.45213273712120031883e-17
-8.01089463149287222082e-18
6.1165233495941593207e-18
-8.88316329157270660367e-18
-9.11695749690484966902e-18
9.68215895587909062985e-18
-1.56901055103678889472
1.76426222586456669998
0.405521899485314651876
-0.263343311349405848187
3.26061056001893813895e-17
1.61018978997850989898e-17
-4.66089274964103708464e-17
3.26022411076859377716e-17
2.10554632043540825922e-17
-2.20322631435465535785e-17
2.01253284601971814072
-4.74585378779452719952
0.382517117764018761134
-4.84160892797495880283e-18
4.91938453856761151107e-18
4.50596523821405817051e-17
-2.41013805983789318231
3.33484532858287690089
-1.18957949890356978545e-16
0.985089781479826822672
0.690212515894984880934
-6.35612191219677921625e-18
-1.25128998308030725439e-17
-6.35657866327578010118e-18
2.67717882099889664844e-17
-0.47028786273846910807
-7.82128493570409451993e-18
-7.82005199801012917391e-18
-2.43840557466097779242e-17
-0.171966136966425361226
1.27898861011413503796e-17
2.20724349206384470558e-19
-0.0414853193848422479409
1.62461446576470349244e-17
0.097103314017045076034
-1.56901055103678907485
2.09772447564825184192e-17
2.09778410487895415788e-17
-5.96817375367125750658e-17
1.76426222586456697931
1.4150155880864736762e-17
7.86405016317712850094e-17
0.40552189948531458183
-3.04102910315472936255e-17
-0.263343311349405938769
2.01253284601971830134
4.82983194388283862084e-17
8.95031602792730605591e-17
-4.74585378779452765498
-1.54162789258560381375e-16
0.382517117764019045861
-2.41013805983789321752
-1.07926202165599579232e-16
3.33484532858287703449
0.985089781479826792386
0.500000000000000043168
5.29303614339595244444e-18
5.41058016284300054385e-18
5.29352111166541762589e-18
8.98871632688274532549e-18
5.2951083947991607764e-18
1.93377549191691026761e-18
1.93453051285223024217e-18
5.29376544406503742996e-18
5.40845918666786085388e-18
1.93534691603430535892e-18
5.41139151509177632887e-18
5.29417447055876982464e-18
5.29380848787817280449e-18
8.98958278987326759418e-18
-1.41016417794242674153
-2.39830622916328554412e-17
-2.398206145919558825e-17
-3.16255033508953512529e-17
-2.39818831149116846572e-17
-5.57186926563908948735e-18
-2.3985654622526844499e-17
-2.39869731391363492951e-17
-2.39892751415488617428e-17
-3.16240832376133523469e-17
2.66666666666666678828
7.94904311209974814913e-17
7.55686963829010938947e-17
7.94897503757287299844e-17
7.94880722850950751614e-17
7.55618181878901521699e-17
-6.75650248872424064361
-1.88206498636458586816e-16
-1.88202249840547315343e-16
5.00000000000000068143
