-0.000452909108972485559368
0.000217402156567687139774
0.00285484194843277333224
-0.00646519170815261380342
0.0107242857351725343437
-0.00320516459035627157335
-0.000694793840080265369398
0.0067343119021191351787
-0.0064651917081526167028
-0.00685380087497187180979
-0.000694793840080266805397
0.00285484194843277246874
-0.00320516459035626985161
0.00021740215656768781063
-0.000452909108972486072706
0.0107242857351725343437
-0.00646519170815261380338
0.00285484194843277333221
0.000217402156567687139782
-0.000452909108972485559379
-0.00646519170815261670273
0.00673431190211913517871
-0.000694793840080265369489
-0.00320516459035627157334
0.00285484194843277246875
-0.0006947938400802668054
-0.00685380087497187180978
0.000217402156567687810629
-0.0032051645903562698516
-0.000452909108972486072702
0.0
0.0
0.0
0.0
0.0
0.0
0.0
0.0
0.0
0.0
0.0
0.0
0.0
0.0
0.0
-0.000452909108972485559378
0.000217402156567687139782
0.0028548419484327733322
-0.00646519170815261380338
0.0107242857351725343437
-0.00320516459035627157334
-0.000694793840080265369492
0.00673431190211913517871
-0.00646519170815261670272
-0.00685380087497187180977
-0.000694793840080266805397
0.00285484194843277246876
-0.0032051645903562698516
0.000217402156567687810627
-0.000452909108972486072706
0.000217402156567687139774
0.00142576842982483359083
-0.00846425924081020699084
0.0628011386569252094749
-0.00646519170815261380342
0.00818953390968026439727
-0.00298660694815140534658
0.0138368607774947465604
0.028416054394915705644
0.0114755860696970023627
-0.00742400880273167133169
-0.0152438352689891693568
0.00396801328117482678344
0.00818953390968026181576
-0.00320516459035627005629
-0.00646519170815261380338
0.0628011386569252094749
-0.00846425924081020699082
0.00142576842982483359083
0.00021740215656768713979
0.028416054394915705644
0.0138368607774947465604
-0.00298660694815140534642
0.00818953390968026439727
-0.0152438352689891693569
-0.00742400880273167133168
0.0114755860696970023627
0.00818953390968026181577
0.00396801328117482678344
-0.0032051645903562700563
0.0
0.0
0.0
0.0
0.0
0.0
0.0
0.0
0.0
0.0
0.0
0.0
0.0
0.0
0.0
0.0
0.0
0.0
0.0
0.0
0.0
0.0
0.0
0.0
0.0
0.0
0.0
0.0
0.0
0.0
0.00285484194843277333224
-0.00846425924081020699084
0.0820450044875167526558
-0.00846425924081020699084
0.00285484194843277333224
-0.0152438352689891725079
0.0367812614103819999079
0.0367812614103819999079
-0.0152438352689891725079
-0.00974740859905173160495
-0.0291336736073247666802
-0.00974740859905173160495
0.011475586069697005204
0.011475586069697005204
-0.0068538008749718728017
0.00285484194843277333221
-0.00846425924081020699082
0.0820450044875167526557
-0.00846425924081020699083
0.0028548419484327733322
-0.0152438352689891725079
0.0367812614103819999078
0.0367812614103819999077
-0.0152438352689891725079
-0.0097474085990517316049
-0.0291336736073247666802
-0.00974740859905173160494
0.0114755860696970052039
0.0114755860696970052039
-0.00685380087497187280169
0.0
0.0
0.0
0.0
0.0
0.0
0.0
0.0
0.0
0.0
0.0
0.0
0.0
0.0
0.0
0.0
0.0
0.0
0.0
0.0
0.0
0.0
0.0
0.0
0.0
0.0
0.0
0.0
0.0
0.0
-0.00646519170815261380342
0.0628011386569252094749
-0.00846425924081020699084
0.00142576842982483359083
0.000217402156567687139774
0.028416054394915705644
0.0138368607774947465604
-0.00298660694815140534658
0.00818953390968026439727
-0.0152438352689891693568
-0.00742400880273167133169
0.0114755860696970023627
0.00818953390968026181576
0.00396801328117482678344
-0.00320516459035627005629
0.000217402156567687139782
0.00142576842982483359083
-0.00846425924081020699083
0.0628011386569252094749
-0.00646519170815261380338
0.00818953390968026439727
-0.0029866069481514053466
0.0138368607774947465606
0.0284160543949157056441
0.0114755860696970023627
-0.00742400880273167133168
-0.0152438352689891693569
0.00396801328117482678344
0.00818953390968026181578
-0.0032051645903562700563
0.0
0.0
0.0
0.0
0.0
0.0
0.0
0.0
0.0
0.0
0.0
0.0
0.0
0.0
0.0
0.0
0.0
0.0
0.0
0.0
0.0
0.0
0.0
0.0
0.0
0.0
0.0
0.0
0.0
0.0
0.0107242857351725343437
-0.00646519170815261380342
0.00285484194843277333224
0.000217402156567687139774
-0.000452909108972485559368
-0.0064651917081526167028
0.0067343119021191351787
-0.000694793840080265369398
-0.00320516459035627157335
0.00285484194843277246874
-0.000694793840080266805397
-0.00685380087497187180979
0.00021740215656768781063
-0.00320516459035626985161
-0.000452909108972486072706
-0.000452909108972485559379
0.00021740215656768713979
0.0028548419484327733322
-0.00646519170815261380338
0.0107242857351725343437
-0.00320516459035627157333
-0.000694793840080265369417
0.00673431190211913517862
-0.00646519170815261670273
-0.00685380087497187180976
-0.0006947938400802668054
0.00285484194843277246874
-0.0032051645903562698516
0.000217402156567687810627
-0.000452909108972486072702
0.0107242857351725343437
-0.00646519170815261380338
0.0028548419484327733322
0.000217402156567687139782
-0.000452909108972485559378
-0.00646519170815261670272
0.00673431190211913517871
-0.000694793840080265369492
-0.00320516459035627157334
0.00285484194843277246876
-0.000694793840080266805397
-0.00685380087497187180977
0.000217402156567687810627
-0.0032051645903562698516
-0.000452909108972486072706
0.0
0.0
0.0
0.0
0.0
0.0
0.0
0.0
0.0
0.0
0.0
0.0
0.0
0.0
0.0
-0.00320516459035627157335
0.00818953390968026439727
-0.0152438352689891725079
0.028416054394915705644
-0.0064651917081526167028
0.00396801328117483063882
-0.00742400880273167424385
0.0138368607774947501844
0.0628011386569252004076
0.0114755860696970025963
-0.00298660694815140200904
-0.00846425924081020273216
0.00818953390968026147839
0.00142576842982483124151
0.000217402156567688449322
0.0
0.0
0.0
0.0
0.0
0.0
0.0
0.0
0.0
0.0
0.0
0.0
0.0
0.0
0.0
0.0
0.0
0.0
0.0
0.0
0.0
0.0
0.0
0.0
0.0
0.0
0.0
0.0
0.0
0.0
0.00021740215656768713979
0.00142576842982483359083
-0.00846425924081020699079
0.0628011386569252094749
-0.00646519170815261380338
0.00818953390968026439727
-0.00298660694815140534641
0.0138368607774947465604
0.028416054394915705644
0.0114755860696970023627
-0.00742400880273167133169
-0.0152438352689891693569
0.00396801328117482678344
0.00818953390968026181578
-0.00320516459035627005629
-0.000694793840080265369398
-0.00298660694815140534658
0.0367812614103819999079
0.0138368607774947465604
0.0067343119021191351787
-0.00742400880273167424385
0.00767830684014946275565
0.328739270322469266847
0.0138368607774947501844
-0.0291336736073247582487
0.0076783068401494601063
0.0367812614103820033272
-0.00742400880273167356441
-0.00298660694815140769722
-0.000694793840080264485504
0.0
0.0
0.0
0.0
0.0
0.0
0.0
0.0
0.0
0.0
0.0
0.0
0.0
0.0
0.0
0.0
0.0
0.0
0.0
0.0
0.0
0.0
0.0
0.0
0.0
0.0
0.0
0.0
0.0
0.0
0.0
0.0
0.0
0.0
0.0
0.0
0.0
0.0
0.0
0.0
0.0
0.0
0.0
0.0
0.0
0.0067343119021191351787
0.0138368607774947465604
0.0367812614103819999079
-0.00298660694815140534658
-0.000694793840080265369398
0.0138368607774947501844
0.328739270322469266847
0.00767830684014946275565
-0.00742400880273167424385
0.0367812614103820033272
0.0076783068401494601063
-0.0291336736073247582487
-0.00298660694815140769722
-0.00742400880273167356441
-0.000694793840080264485504
0.0
0.0
0.0
0.0
0.0
0.0
0.0
0.0
0.0
0.0
0.0
0.0
0.0
0.0
0.0
0.0
0.0
0.0
0.0
0.0
0.0
0.0
0.0
0.0
0.0
0.0
0.0
0.0
0.0
0.0
0.0
0.0
0.0
0.0
0.0
0.0
0.0
0.0
0.0
0.0
0.0
0.0
0.0
0.0
0.0
-0.0064651917081526167028
0.028416054394915705644
-0.0152438352689891725079
0.00818953390968026439727
-0.00320516459035627157335
0.0628011386569252004076
0.0138368607774947501844
-0.00742400880273167424385
0.00396801328117483063882
-0.00846425924081020273216
-0.00298660694815140200904
0.0114755860696970025963
0.00142576842982483124151
0.00818953390968026147839
0.000217402156567688449322
0.0
0.0
0.0
0.0
0.0
0.0
0.0
0.0
0.0
0.0
0.0
0.0
0.0
0.0
0.0
-0.00646519170815261380338
0.0628011386569252094749
-0.00846425924081020699079
0.00142576842982483359083
0.00021740215656768713979
0.028416054394915705644
0.0138368607774947465604
-0.00298660694815140534641
0.00818953390968026439727
-0.0152438352689891693569
-0.00742400880273167133169
0.0114755860696970023627
0.00818953390968026181578
0.00396801328117482678344
-0.00320516459035627005629
0.0
0.0
0.0
0.0
0.0
0.0
0.0
0.0
0.0
0.0
0.0
0.0
0.0
0.0
0.0
-0.00685380087497187180979
0.0114755860696970023627
-0.00974740859905173160495
-0.0152438352689891693568
0.00285484194843277246874
0.0114755860696970025963
-0.0291336736073247582487
0.0367812614103820033272
-0.00846425924081020273216
-0.00974740859905172602612
0.0367812614103820055986
0.0820450044875167357425
-0.0152438352689891735113
-0.00846425924081020777368
0.00285484194843277370815
0.0
0.0
0.0
0.0
0.0
0.0
0.0
0.0
0.0
0.0
0.0
0.0
0.0
0.0
0.0
0.0
0.0
0.0
0.0
0.0
0.0
0.0
0.0
0.0
0.0
0.0
0.0
0.0
0.0
0.0
0.00285484194843277333221
-0.00846425924081020699085
0.0820450044875167526557
-0.00846425924081020699079
0.0028548419484327733322
-0.0152438352689891725078
0.0367812614103819999077
0.0367812614103819999078
-0.0152438352689891725079
-0.00974740859905173160496
-0.0291336736073247666802
-0.0097474085990517316049
0.0114755860696970052039
0.0114755860696970052039
-0.00685380087497187280167
-0.000694793840080266805397
-0.00742400880273167133169
-0.0291336736073247666802
-0.00742400880273167133169
-0.000694793840080266805397
-0.00298660694815140200904
0.0076783068401494601063
0.0076783068401494601063
-0.00298660694815140200904
0.0367812614103820055986
0.328739270322469276884
0.0367812614103820055986
0.0138368607774947438657
0.0138368607774947438657
0.00673431190211913676688
0.0
0.0
0.0
0.0
0.0
0.0
0.0
0.0
0.0
0.0
0.0
0.0
0.0
0.0
0.0
0.0
0.0
0.0
0.0
0.0
0.0
0.0
0.0
0.0
0.0
0.0
0.0
0.0
0.0
0.0
0.0
0.0
0.0
0.0
0.0
0.0
0.0
0.0
0.0
0.0
0.0
0.0
0.0
0.0
0.0
0.00285484194843277246874
-0.0152438352689891693568
-0.00974740859905173160495
0.0114755860696970023627
-0.00685380087497187180979
-0.00846425924081020273216
0.0367812614103820033272
-0.0291336736073247582487
0.0114755860696970025963
0.0820450044875167357425
0.0367812614103820055986
-0.00974740859905172602612
-0.00846425924081020777368
-0.0152438352689891735113
0.00285484194843277370815
0.0
0.0
0.0
0.0
0.0
0.0
0.0
0.0
0.0
0.0
0.0
0.0
0.0
0.0
0.0
0.0028548419484327733322
-0.00846425924081020699079
0.0820450044875167526557
-0.00846425924081020699085
0.00285484194843277333221
-0.0152438352689891725079
0.0367812614103819999078
0.0367812614103819999077
-0.0152438352689891725078
-0.0097474085990517316049
-0.0291336736073247666802
-0.00974740859905173160496
0.0114755860696970052039
0.0114755860696970052039
-0.00685380087497187280167
0.0
0.0
0.0
0.0
0.0
0.0
0.0
0.0
0.0
0.0
0.0
0.0
0.0
0.0
0.0
-0.00320516459035626985161
0.00396801328117482678344
0.011475586069697005204
0.00818953390968026181576
0.00021740215656768781063
0.00818953390968026147839
-0.00742400880273167356441
-0.00298660694815140769722
0.00142576842982483124151
-0.0152438352689891735113
0.0138368607774947438657
-0.00846425924081020777368
0.0284160543949157097643
0.0628011386569252038858
-0.00646519170815261369336
0.0
0.0
0.0
0.0
0.0
0.0
0.0
0.0
0.0
0.0
0.0
0.0
0.0
0.0
0.0
0.0
0.0
0.0
0.0
0.0
0.0
0.0
0.0
0.0
0.0
0.0
0.0
0.0
0.0
0.0
-0.00646519170815261380339
0.0628011386569252094749
-0.00846425924081020699085
0.00142576842982483359083
0.000217402156567687139782
0.0284160543949157056441
0.0138368607774947465606
-0.00298660694815140534661
0.00818953390968026439727
-0.0152438352689891693569
-0.00742400880273167133167
0.0114755860696970023627
0.00818953390968026181577
0.00396801328117482678344
-0.00320516459035627005628
0.00021740215656768781063
0.00818953390968026181576
0.011475586069697005204
0.00396801328117482678344
-0.00320516459035626985161
0.00142576842982483124151
-0.00298660694815140769722
-0.00742400880273167356441
0.00818953390968026147839
-0.00846425924081020777368
0.0138368607774947438657
-0.0152438352689891735113
0.0628011386569252038858
0.0284160543949157097643
-0.00646519170815261369336
0.0
0.0
0.0
0.0
0.0
0.0
0.0
0.0
0.0
0.0
0.0
0.0
0.0
0.0
0.0
0.000217402156567687139782
0.00142576842982483359083
-0.00846425924081020699085
0.0628011386569252094749
-0.00646519170815261380339
0.00818953390968026439727
-0.00298660694815140534661
0.0138368607774947465606
0.0284160543949157056441
0.0114755860696970023627
-0.00742400880273167133167
-0.0152438352689891693569
0.00396801328117482678344
0.00818953390968026181577
-0.00320516459035627005628
0.0
0.0
0.0
0.0
0.0
0.0
0.0
0.0
0.0
0.0
0.0
0.0
0.0
0.0
0.0
-0.000452909108972486072706
-0.00320516459035627005629
-0.0068538008749718728017
-0.00320516459035627005629
-0.000452909108972486072706
0.000217402156567688449322
-0.000694793840080264485504
-0.000694793840080264485504
0.000217402156567688449322
0.00285484194843277370815
0.00673431190211913676688
0.00285484194843277370815
-0.00646519170815261369336
-0.00646519170815261369336
0.0107242857351725360839
0.0
0.0
0.0
0.0
0.0
0.0
0.0
0.0
0.0
0.0
0.0
0.0
0.0
0.0
0.0
-0.000452909108972485559378
0.00021740215656768713979
0.00285484194843277333221
-0.00646519170815261380339
0.0107242857351725343437
-0.00320516459035627157334
-0.000694793840080265369412
0.00673431190211913517862
-0.00646519170815261670273
-0.00685380087497187180975
-0.000694793840080266805405
0.00285484194843277246874
-0.0032051645903562698516
0.000217402156567687810614
-0.000452909108972486072701
0.0107242857351725343437
-0.00646519170815261380339
0.00285484194843277333221
0.00021740215656768713979
-0.000452909108972485559378
-0.00646519170815261670273
0.00673431190211913517862
-0.000694793840080265369412
-0.00320516459035627157334
0.00285484194843277246874
-0.000694793840080266805405
-0.00685380087497187180975
0.000217402156567687810614
-0.0032051645903562698516
-0.000452909108972486072701
0.0
0.0
0.0
0.0
0.0
0.0
0.0
0.0
0.0
0.0
0.0
0.0
0.0
0.0
0.0
-0.00646519170815261670273
0.028416054394915705644
-0.0152438352689891725079
0.00818953390968026439727
-0.00320516459035627157333
0.0628011386569252004076
0.0138368607774947501844
-0.00742400880273167424375
0.00396801328117483063881
-0.0084642592408102027323
-0.00298660694815140200904
0.0114755860696970025963
0.00142576842982483124155
0.00818953390968026147839
0.000217402156567688449305
0.0
0.0
0.0
0.0
0.0
0.0
0.0
0.0
0.0
0.0
0.0
0.0
0.0
0.0
0.0
-0.00320516459035627157334
0.00818953390968026439727
-0.0152438352689891725079
0.028416054394915705644
-0.00646519170815261670272
0.00396801328117483063882
-0.00742400880273167424375
0.0138368607774947501844
0.0628011386569252004077
0.0114755860696970025963
-0.00298660694815140200904
-0.0084642592408102027323
0.00818953390968026147839
0.00142576842982483124156
0.000217402156567688449315
0.0
0.0
0.0
0.0
0.0
0.0
0.0
0.0
0.0
0.0
0.0
0.0
0.0
0.0
0.0
0.00673431190211913517871
0.0138368607774947465604
0.0367812614103819999078
-0.0029866069481514053466
-0.000694793840080265369417
0.0138368607774947501844
0.328739270322469266847
0.00767830684014946275527
-0.00742400880273167424385
0.0367812614103820033272
0.00767830684014946010629
-0.0291336736073247582488
-0.00298660694815140769719
-0.00742400880273167356441
-0.000694793840080264485505
0.0
0.0
0.0
0.0
0.0
0.0
0.0
0.0
0.0
0.0
0.0
0.0
0.0
0.0
0.0
0.0
0.0
0.0
0.0
0.0
0.0
0.0
0.0
0.0
0.0
0.0
0.0
0.0
0.0
0.0
0.0
0.0
0.0
0.0
0.0
0.0
0.0
0.0
0.0
0.0
0.0
0.0
0.0
0.0
0.0
-0.000694793840080265369489
-0.00298660694815140534642
0.0367812614103819999077
0.0138368607774947465606
0.00673431190211913517862
-0.00742400880273167424375
0.00767830684014946275527
0.328739270322469266847
0.0138368607774947501847
-0.0291336736073247582487
0.0076783068401494601063
0.0367812614103820033273
-0.00742400880273167356443
-0.00298660694815140769722
-0.000694793840080264485497
0.0
0.0
0.0
0.0
0.0
0.0
0.0
0.0
0.0
0.0
0.0
0.0
0.0
0.0
0.0
0.0
0.0
0.0
0.0
0.0
0.0
0.0
0.0
0.0
0.0
0.0
0.0
0.0
0.0
0.0
0.0
0.0
0.0
0.0
0.0
0.0
0.0
0.0
0.0
0.0
0.0
0.0
0.0
0.0
0.0
-0.00320516459035627157334
0.00818953390968026439727
-0.0152438352689891725079
0.0284160543949157056441
-0.00646519170815261670273
0.00396801328117483063881
-0.00742400880273167424385
0.0138368607774947501847
0.0628011386569252004077
0.0114755860696970025963
-0.00298660694815140200904
-0.00846425924081020273226
0.00818953390968026147839
0.00142576842982483124155
0.000217402156567688449305
-0.00646519170815261670272
0.028416054394915705644
-0.0152438352689891725079
0.00818953390968026439727
-0.00320516459035627157334
0.0628011386569252004077
0.0138368607774947501844
-0.00742400880273167424375
0.00396801328117483063882
-0.0084642592408102027323
-0.00298660694815140200904
0.0114755860696970025963
0.00142576842982483124156
0.00818953390968026147839
0.000217402156567688449315
0.0
0.0
0.0
0.0
0.0
0.0
0.0
0.0
0.0
0.0
0.0
0.0
0.0
0.0
0.0
0.0
0.0
0.0
0.0
0.0
0.0
0.0
0.0
0.0
0.0
0.0
0.0
0.0
0.0
0.0
0.0
0.0
0.0
0.0
0.0
0.0
0.0
0.0
0.0
0.0
0.0
0.0
0.0
0.0
0.0
0.0
0.0
0.0
0.0
0.0
0.0
0.0
0.0
0.0
0.0
0.0
0.0
0.0
0.0
0.0
-0.000694793840080265369412
-0.00298660694815140534661
0.0367812614103819999078
0.0138368607774947465604
0.00673431190211913517871
-0.00742400880273167424386
0.00767830684014946275527
0.328739270322469266847
0.0138368607774947501844
-0.0291336736073247582487
0.00767830684014946010629
0.0367812614103820033272
-0.00742400880273167356441
-0.00298660694815140769719
-0.000694793840080264485515
0.0
0.0
0.0
0.0
0.0
0.0
0.0
0.0
0.0
0.0
0.0
0.0
0.0
0.0
0.0
0.0
0.0
0.0
0.0
0.0
0.0
0.0
0.0
0.0
0.0
0.0
0.0
0.0
0.0
0.0
0.0
0.0
0.0
0.0
0.0
0.0
0.0
0.0
0.0
0.0
0.0
0.0
0.0
0.0
0.0
0.0
0.0
0.0
0.0
0.0
0.0
0.0
0.0
0.0
0.0
0.0
0.0
0.0
0.0
0.0
0.0
0.0
0.0
0.0
0.0
0.0
0.0
0.0
0.0
0.0
0.0
0.0
0.0
0.0
0.0
0.0
0.0
0.0
0.0
0.0
0.0
0.0
0.0
0.0
0.0
0.0
0.0
0.0
0.0
0.0
0.00673431190211913517871
0.0138368607774947465604
0.0367812614103819999078
-0.00298660694815140534661
-0.000694793840080265369412
0.0138368607774947501844
0.328739270322469266847
0.00767830684014946275527
-0.00742400880273167424386
0.0367812614103820033272
0.00767830684014946010629
-0.0291336736073247582487
-0.00298660694815140769719
-0.00742400880273167356441
-0.000694793840080264485515
0.0
0.0
0.0
0.0
0.0
0.0
0.0
0.0
0.0
0.0
0.0
0.0
0.0
0.0
0.0
0.0
0.0
0.0
0.0
0.0
0.0
0.0
0.0
0.0
0.0
0.0
0.0
0.0
0.0
0.0
0.0
0.0
0.0
0.0
0.0
0.0
0.0
0.0
0.0
0.0
0.0
0.0
0.0
0.0
0.0
0.0
0.0
0.0
0.0
0.0
0.0
0.0
0.0
0.0
0.0
0.0
0.0
0.0
0.0
0.0
0.00673431190211913517862
0.0138368607774947465606
0.0367812614103819999077
-0.00298660694815140534641
-0.000694793840080265369492
0.0138368607774947501847
0.328739270322469266847
0.00767830684014946275527
-0.00742400880273167424375
0.0367812614103820033273
0.00767830684014946010631
-0.0291336736073247582487
-0.00298660694815140769721
-0.00742400880273167356443
-0.000694793840080264485501
0.0
0.0
0.0
0.0
0.0
0.0
0.0
0.0
0.0
0.0
0.0
0.0
0.0
0.0
0.0
0.0
0.0
0.0
0.0
0.0
0.0
0.0
0.0
0.0
0.0
0.0
0.0
0.0
0.0
0.0
-0.000694793840080265369492
-0.00298660694815140534641
0.0367812614103819999077
0.0138368607774947465606
0.00673431190211913517862
-0.00742400880273167424375
0.00767830684014946275527
0.328739270322469266847
0.0138368607774947501847
-0.0291336736073247582487
0.00767830684014946010631
0.0367812614103820033273
-0.00742400880273167356443
-0.00298660694815140769721
-0.000694793840080264485501
0.0
0.0
0.0
0.0
0.0
0.0
0.0
0.0
0.0
0.0
0.0
0.0
0.0
0.0
0.0
0.0
0.0
0.0
0.0
0.0
0.0
0.0
0.0
0.0
0.0
0.0
0.0
0.0
0.0
0.0
0.0
0.0
0.0
0.0
0.0
0.0
0.0
0.0
0.0
0.0
0.0
0.0
0.0
0.0
0.0
-0.00320516459035627157334
0.00818953390968026439727
-0.0152438352689891725078
0.0284160543949157056441
-0.00646519170815261670273
0.00396801328117483063882
-0.00742400880273167424386
0.0138368607774947501847
0.0628011386569252004077
0.0114755860696970025962
-0.00298660694815140200903
-0.00846425924081020273227
0.00818953390968026147841
0.00142576842982483124159
0.000217402156567688449302
-0.00646519170815261670273
0.0284160543949157056441
-0.0152438352689891725078
0.00818953390968026439727
-0.00320516459035627157334
0.0628011386569252004077
0.0138368607774947501847
-0.00742400880273167424386
0.00396801328117483063882
-0.00846425924081020273227
-0.00298660694815140200903
0.0114755860696970025962
0.00142576842982483124159
0.00818953390968026147841
0.000217402156567688449302
0.0
0.0
0.0
0.0
0.0
0.0
0.0
0.0
0.0
0.0
0.0
0.0
0.0
0.0
0.0
0.00285484194843277246875
-0.0152438352689891693569
-0.0097474085990517316049
0.0114755860696970023627
-0.00685380087497187180976
-0.0084642592408102027323
0.0367812614103820033272
-0.0291336736073247582487
0.0114755860696970025963
0.0820450044875167357425
0.0367812614103820055986
-0.00974740859905172602615
-0.00846425924081020777367
-0.0152438352689891735113
0.00285484194843277370815
0.0
0.0
0.0
0.0
0.0
0.0
0.0
0.0
0.0
0.0
0.0
0.0
0.0
0.0
0.0
-0.00685380087497187180975
0.0114755860696970023627
-0.0097474085990517316049
-0.0152438352689891693569
0.00285484194843277246876
0.0114755860696970025962
-0.0291336736073247582487
0.0367812614103820033272
-0.0084642592408102027323
-0.00974740859905172602613
0.0367812614103820055986
0.0820450044875167357425
-0.0152438352689891735113
-0.00846425924081020777367
0.00285484194843277370813
0.0
0.0
0.0
0.0
0.0
0.0
0.0
0.0
0.0
0.0
0.0
0.0
0.0
0.0
0.0
-0.0006947938400802668054
-0.00742400880273167133168
-0.0291336736073247666802
-0.00742400880273167133168
-0.0006947938400802668054
-0.00298660694815140200904
0.00767830684014946010629
0.0076783068401494601063
-0.00298660694815140200904
0.0367812614103820055986
0.328739270322469276884
0.0367812614103820055986
0.0138368607774947438657
0.0138368607774947438657
0.00673431190211913676687
0.0
0.0
0.0
0.0
0.0
0.0
0.0
0.0
0.0
0.0
0.0
0.0
0.0
0.0
0.0
0.0
0.0
0.0
0.0
0.0
0.0
0.0
0.0
0.0
0.0
0.0
0.0
0.0
0.0
0.0
0.0
0.0
0.0
0.0
0.0
0.0
0.0
0.0
0.0
0.0
0.0
0.0
0.0
0.0
0.0
-0.00685380087497187180978
0.0114755860696970023627
-0.00974740859905173160494
-0.0152438352689891693569
0.00285484194843277246874
0.0114755860696970025963
-0.0291336736073247582488
0.0367812614103820033273
-0.00846425924081020273226
-0.00974740859905172602615
0.0367812614103820055986
0.0820450044875167357426
-0.0152438352689891735113
-0.00846425924081020777367
0.00285484194843277370815
0.00285484194843277246876
-0.0152438352689891693569
-0.0097474085990517316049
0.0114755860696970023627
-0.00685380087497187180975
-0.0084642592408102027323
0.0367812614103820033272
-0.0291336736073247582487
0.0114755860696970025962
0.0820450044875167357425
0.0367812614103820055986
-0.00974740859905172602613
-0.00846425924081020777367
-0.0152438352689891735113
0.00285484194843277370813
0.0
0.0
0.0
0.0
0.0
0.0
0.0
0.0
0.0
0.0
0.0
0.0
0.0
0.0
0.0
0.0
0.0
0.0
0.0
0.0
0.0
0.0
0.0
0.0
0.0
0.0
0.0
0.0
0.0
0.0
0.0
0.0
0.0
0.0
0.0
0.0
0.0
0.0
0.0
0.0
0.0
0.0
0.0
0.0
0.0
0.0
0.0
0.0
0.0
0.0
0.0
0.0
0.0
0.0
0.0
0.0
0.0
0.0
0.0
0.0
-0.000694793840080266805405
-0.00742400880273167133167
-0.0291336736073247666802
-0.00742400880273167133169
-0.000694793840080266805397
-0.00298660694815140200903
0.00767830684014946010631
0.00767830684014946010629
-0.00298660694815140200904
0.0367812614103820055986
0.328739270322469276884
0.0367812614103820055986
0.0138368607774947438657
0.0138368607774947438657
0.00673431190211913676689
0.0
0.0
0.0
0.0
0.0
0.0
0.0
0.0
0.0
0.0
0.0
0.0
0.0
0.0
0.0
0.0
0.0
0.0
0.0
0.0
0.0
0.0
0.0
0.0
0.0
0.0
0.0
0.0
0.0
0.0
-0.000694793840080266805397
-0.00742400880273167133169
-0.0291336736073247666802
-0.00742400880273167133167
-0.000694793840080266805405
-0.00298660694815140200904
0.00767830684014946010629
0.00767830684014946010631
-0.00298660694815140200903
0.0367812614103820055986
0.328739270322469276884
0.0367812614103820055986
0.0138368607774947438657
0.0138368607774947438657
0.00673431190211913676689
0.0
0.0
0.0
0.0
0.0
0.0
0.0
0.0
0.0
0.0
0.0
0.0
0.0
0.0
0.0
0.0
0.0
0.0
0.0
0.0
0.0
0.0
0.0
0.0
0.0
0.0
0.0
0.0
0.0
0.0
0.0
0.0
0.0
0.0
0.0
0.0
0.0
0.0
0.0
0.0
0.0
0.0
0.0
0.0
0.0
-0.00685380087497187180977
0.0114755860696970023627
-0.00974740859905173160496
-0.0152438352689891693569
0.00285484194843277246874
0.0114755860696970025963
-0.0291336736073247582487
0.0367812614103820033273
-0.00846425924081020273227
-0.00974740859905172602613
0.0367812614103820055986
0.0820450044875167357426
-0.0152438352689891735114
-0.00846425924081020777377
0.00285484194843277370815
0.00285484194843277246874
-0.0152438352689891693569
-0.00974740859905173160496
0.0114755860696970023627
-0.00685380087497187180977
-0.00846425924081020273227
0.0367812614103820033273
-0.0291336736073247582487
0.0114755860696970025963
0.0820450044875167357426
0.0367812614103820055986
-0.00974740859905172602613
-0.00846425924081020777377
-0.0152438352689891735114
0.00285484194843277370815
0.0
0.0
0.0
0.0
0.0
0.0
0.0
0.0
0.0
0.0
0.0
0.0
0.0
0.0
0.0
0.000217402156567687810629
0.00818953390968026181577
0.0114755860696970052039
0.00396801328117482678344
-0.0032051645903562698516
0.00142576842982483124155
-0.00298660694815140769719
-0.00742400880273167356443
0.00818953390968026147839
-0.00846425924081020777367
0.0138368607774947438657
-0.0152438352689891735113
0.0628011386569252038858
0.0284160543949157097643
-0.00646519170815261369336
0.0
0.0
0.0
0.0
0.0
0.0
0.0
0.0
0.0
0.0
0.0
0.0
0.0
0.0
0.0
-0.0032051645903562698516
0.00396801328117482678344
0.0114755860696970052039
0.00818953390968026181578
0.000217402156567687810627
0.00818953390968026147841
-0.00742400880273167356443
-0.00298660694815140769719
0.00142576842982483124156
-0.0152438352689891735114
0.0138368607774947438657
-0.00846425924081020777367
0.0284160543949157097643
0.0628011386569252038858
-0.00646519170815261369332
0.0
0.0
0.0
0.0
0.0
0.0
0.0
0.0
0.0
0.0
0.0
0.0
0.0
0.0
0.0
-0.0032051645903562698516
0.00396801328117482678344
0.0114755860696970052039
0.00818953390968026181578
0.000217402156567687810627
0.00818953390968026147839
-0.00742400880273167356441
-0.00298660694815140769722
0.00142576842982483124155
-0.0152438352689891735113
0.0138368607774947438657
-0.00846425924081020777367
0.0284160543949157097643
0.0628011386569252038858
-0.00646519170815261369336
0.000217402156567687810627
0.00818953390968026181578
0.0114755860696970052039
0.00396801328117482678344
-0.0032051645903562698516
0.00142576842982483124156
-0.00298660694815140769719
-0.00742400880273167356443
0.00818953390968026147841
-0.00846425924081020777367
0.0138368607774947438657
-0.0152438352689891735114
0.0628011386569252038858
0.0284160543949157097643
-0.00646519170815261369332
0.0
0.0
0.0
0.0
0.0
0.0
0.0
0.0
0.0
0.0
0.0
0.0
0.0
0.0
0.0
0.0
0.0
0.0
0.0
0.0
0.0
0.0
0.0
0.0
0.0
0.0
0.0
0.0
0.0
0.0
0.0
0.0
0.0
0.0
0.0
0.0
0.0
0.0
0.0
0.0
0.0
0.0
0.0
0.0
0.0
-0.0032051645903562698516
0.00396801328117482678344
0.0114755860696970052039
0.00818953390968026181577
0.000217402156567687810614
0.00818953390968026147839
-0.00742400880273167356441
-0.00298660694815140769721
0.00142576842982483124159
-0.0152438352689891735113
0.0138368607774947438657
-0.00846425924081020777377
0.0284160543949157097643
0.0628011386569252038858
-0.00646519170815261369327
0.000217402156567687810614
0.00818953390968026181577
0.0114755860696970052039
0.00396801328117482678344
-0.0032051645903562698516
0.00142576842982483124159
-0.00298660694815140769721
-0.00742400880273167356441
0.00818953390968026147839
-0.00846425924081020777377
0.0138368607774947438657
-0.0152438352689891735113
0.0628011386569252038858
0.0284160543949157097643
-0.00646519170815261369327
0.0
0.0
0.0
0.0
0.0
0.0
0.0
0.0
0.0
0.0
0.0
0.0
0.0
0.0
0.0
-0.000452909108972486072702
-0.0032051645903562700563
-0.00685380087497187280169
-0.0032051645903562700563
-0.000452909108972486072702
0.000217402156567688449305
-0.000694793840080264485505
-0.000694793840080264485497
0.000217402156567688449305
0.00285484194843277370815
0.00673431190211913676687
0.00285484194843277370815
-0.00646519170815261369336
-0.00646519170815261369336
0.0107242857351725360839
-0.000452909108972486072706
-0.00320516459035627005629
-0.00685380087497187280167
-0.00320516459035627005628
-0.000452909108972486072701
0.000217402156567688449315
-0.000694793840080264485515
-0.000694793840080264485501
0.000217402156567688449302
0.00285484194843277370813
0.00673431190211913676689
0.00285484194843277370815
-0.00646519170815261369332
-0.00646519170815261369327
0.0107242857351725360839
-0.000452909108972486072701
-0.00320516459035627005628
-0.00685380087497187280167
-0.00320516459035627005629
-0.000452909108972486072706
0.000217402156567688449302
-0.000694793840080264485501
-0.000694793840080264485515
0.000217402156567688449315
0.00285484194843277370815
0.00673431190211913676689
0.00285484194843277370813
-0.00646519170815261369327
-0.00646519170815261369332
0.0107242857351725360839
