1.0
1.58416681290398286185e-21
-1.83466603405002791533e-22
-4.95550387590264043584e-23
-2.911803967664146557e-23
4.49934772259678958387e-22
-1.92977830847522995383e-21
-8.70783004093334426603e-22
-4.44576110919949261138e-22
5.85127524727434933033e-22
1.44768074715735062629e-21
6.51372835582928756383e-22
2.83816228635260653155e-22
4.4173637089317107126e-22
-3.89839634857275986665e-24
-5.20641926886226074427e-22
2.50479929841428583864e-22
-1.49358534285624794465e-22
-8.2552858321888259974e-22
2.05646924270408013314e-21
-6.66609082985934548891e-22
-3.51084198999165334044e-22
4.0430168218005678207e-22
-3.17908570328147344849e-22
-5.01415338624154654556e-23
-2.81201976435171832479e-23
1.27727661779272479142e-22
-5.00235939661001313802e-22
6.75853558810586940646e-22
-6.09241101086472670412e-22
-3.69202007306534033505e-23
1.00944814417793023951e-22
-2.3524939524782321847e-22
-1.34309181170500046983e-22
6.18249610738048972262e-23
0.34661632804956067332
0.782080572600222620568
-0.189016223780159171928
0.0924723125991177494943
-0.0321529894687418714534
2.52893639538309513982e-22
-1.12784876537471556517e-21
-4.43421160822434136563e-22
-4.28439281468427162674e-22
3.51588270207689302199e-22
1.13262240644045739201e-21
5.99497180465020186353e-22
2.87046245553796395282e-22
3.70400924560956104399e-22
3.21462967289682773277e-23
-3.59837016609510323299e-22
3.3675472150085005391e-22
-4.08334632219636651202e-22
-5.92478261301432050762e-22
1.55233815348203090796e-21
-9.29707919918957498471e-22
-2.94721550978733952039e-22
3.64531511456590040241e-22
-2.71446942450717734761e-22
-4.46638632691378650843e-23
-1.57106353112642564946e-23
1.95235475223832247855e-22
-4.46854934574593491726e-22
5.82028773263265410978e-22
-5.44241338138659484213e-22
-3.83147052796112137385e-23
7.69832406985104812689e-23
-2.04549104534918392479e-22
-1.29432899762543909728e-22
6.69317618849522771525e-23
-0.12579085980596257351
0.839048245392804755574
0.380017142053804664007
-0.138761828480115715655
0.0454873008394688695836
-1.27025567446580515659e-22
-1.82206453906448189772e-22
1.57624269799624479617e-22
-2.38182948746981091667e-22
1.60467833340784038521e-22
6.10407208247107400063e-22
3.36492004506597493414e-22
2.62483246804753889041e-22
3.52340459495308150203e-22
8.19187413483538012228e-23
-1.0560146583342278555e-23
5.16261211937483064727e-23
-4.42773055542150274989e-22
-2.19973254611154593608e-22
5.85052045679163097217e-22
-1.15558675775967516659e-21
-1.71109930458381378391e-22
2.10741944509060450685e-22
-1.22873347784777888547e-22
-3.30823298215444456082e-23
-7.69436256597096445489e-23
3.47288450850592527312e-22
-3.56051314683983341767e-22
4.06888535967131661087e-22
-4.26831827542032831994e-22
-3.92492586797426688807e-23
7.64124599587124177248e-23
-2.04722788564939181725e-22
-1.18753363282882283746e-22
7.65934506749380932522e-23
-3.87960713384019277819e-22
5.13509086161102597061e-22
0.999999999999999999999
-4.1126877763508095723e-23
2.07079379238709002927e-22
-3.25131741029496973541e-22
1.83821405759155491547e-22
5.47359719284429707993e-22
-6.39192209745825363334e-23
4.44919573581857834268e-23
3.69066921997693161474e-22
5.67817151825360272888e-23
3.07660327059057586029e-22
3.40231949386963567208e-22
1.05188466945210627521e-22
5.90898605899157879317e-23
-3.79867502865717356203e-22
-2.10194275639485870728e-23
6.29940218064855234287e-23
-9.71026381043431012197e-23
-1.29758722840466608988e-21
1.39070669113678656312e-22
3.33828389086049868219e-23
5.49807420919519021196e-23
-2.8349766462301967079e-23
-2.47590220577771716516e-22
3.82231900570395765099e-22
-2.5061969099737638407e-22
2.11922336362502989119e-22
-2.52569979844174810636e-22
-3.99278310491828647254e-23
2.86301838026247946885e-23
-1.51849903874662096063e-22
-1.1443885077787780406e-22
7.91503870428021401958e-23
0.0454873008394688695839
-0.138761828480115715655
0.380017142053804664007
0.839048245392804755573
-0.125790859805962573509
-2.74609848506163873218e-22
4.3603411668407857393e-22
8.68651022195844236883e-22
2.48484849885643272127e-24
5.67565131057225377456e-23
6.01630442760617365444e-22
-9.2859220349608338878e-23
3.11449986037970316797e-22
3.44847627001929693564e-22
8.26068186975595339832e-23
-1.59628803736076938109e-22
-6.26260415018738685779e-22
5.87054478110777433554e-22
7.5501980723794845596e-23
-2.6540263350344695655e-22
-1.17115501020193776102e-21
6.59378073208195145785e-22
-1.28693055073438570319e-22
2.17053887860499527841e-22
-3.33752231399438088909e-23
-5.47971543102845342057e-22
3.52460715097190053496e-22
-2.36543839681465187089e-22
4.89394169903333105846e-23
-5.76866602169817787999e-23
-3.93510345226473161458e-23
-3.83666943417807335842e-23
-9.72052528461967100148e-23
-1.19044604043823441754e-22
7.68110515628201557294e-23
-0.0321529894687418714526
0.092472312599117749494
-0.189016223780159171928
0.782080572600222620569
0.346616328049560673318
-2.07607290569367704039e-22
1.46547202259391958534e-21
1.25583854028714918042e-21
-2.0132599710470361502e-22
6.67450454509047334242e-24
1.11299561933347589576e-21
-1.64299932419054711818e-23
2.52095032444478916468e-22
3.24156375223474402358e-22
2.95368320084541180047e-23
-4.84831132531690007744e-22
-4.34593985360999659788e-22
9.62550441016888341284e-22
-1.86972734783462487782e-22
-7.87122756470507139483e-23
-9.02148619302773341464e-22
1.2492479865645035642e-21
-2.4598467669921870248e-22
3.35049248090310876203e-22
-4.41338683879873321033e-23
-7.92086015177997498216e-22
1.72103644900119757412e-22
-2.64649543775100155228e-22
-5.56316900286984151123e-23
1.08414837321384747455e-22
-3.8129498901836567528e-23
-9.17958780041035506873e-23
-4.58355938957825311437e-23
-1.28908794047559308915e-22
6.65685443663830048893e-23
8.07730148088181315821e-22
-1.14937215268249492559e-22
-1.84249238874040671941e-22
8.32283067638731021435e-22
1.0
-7.2838949685456879704e-23
2.15024190541560736723e-21
1.61965834020744764784e-21
-3.84822123123510143426e-22
1.50085531376897267511e-23
1.44810855194886783816e-21
5.55435167663313611541e-23
1.89912113417320968201e-22
2.96243657435638365819e-22
-3.90770875030219491924e-24
-7.11767302071955055512e-22
-4.93354249692687452039e-23
9.39211245353071388412e-22
-3.593478623279713089e-22
8.03804228578941375988e-23
-6.65754194462394795383e-22
1.55131240605170963426e-21
-2.66963197708843583002e-22
3.51388307799283384163e-22
-5.01335862168895267409e-23
-9.52797160129145751413e-22
1.28074574509316042827e-22
-3.36148387864136005812e-22
-8.98910107878994679588e-23
1.77488978765776966097e-22
-3.69238421386656127421e-23
-1.35922673978118081848e-22
-1.21356367142660102495e-23
-1.34315355113006373686e-22
6.18667098018380509703e-23
0.346616328049560673318
6.33879120020021876757e-22
3.23108871643848740859e-22
-2.60971919062960995277e-22
1.11774339824224014611e-22
0.782080572600222620567
-1.2647760766327982056e-21
-9.61305360782840805649e-22
-2.98205792602313153009e-22
-0.189016223780159171927
9.37494179058525909165e-22
3.49013713516947863077e-22
0.0924723125991177494941
2.18492665665190547106e-22
-0.0321529894687418714531
-1.24534153686079402754e-22
3.65595126966566731368e-22
-2.06755892232550228542e-22
-5.18006461931873448495e-22
1.55973312929792106187e-21
4.9936637374621219317e-24
-6.16173038436018990844e-22
2.81203446254384452919e-22
-1.60479469961770452663e-22
3.77504108067113237846e-24
4.98963096896458793759e-23
7.79696703066272025589e-23
-2.2597652578371477725e-22
5.4718595872165739488e-22
-3.27423527714025715608e-22
-7.23015607580393721625e-23
8.04281772682456576786e-23
-2.2166069418551040305e-22
-1.55914989276068680587e-22
7.3805046596827286678e-23
-0.0641528210978850899574
0.413198612155949945015
-0.159413019081434316397
0.107004860653348019985
-0.0439633142448622080727
0.413198612155949733742
0.599893520109170182137
-0.121219877572828562558
0.026242395807453731533
-0.15941301908143435868
-0.121219877572828617577
0.0205599855534619592789
0.107004860653348060641
0.0262423958074537484488
-0.0439633142448622275378
-7.59022479770401981515e-24
4.55475462182131301566e-22
-3.78593506202843933798e-22
-3.27318571137064319729e-22
9.23525336517097834017e-22
-7.82145267570263783315e-23
-6.00977258936600425503e-22
1.569024819024456779e-22
-8.79370272826099218186e-23
2.43692905652898434283e-23
7.54576840870300222489e-23
1.84100170461030239692e-22
-1.20834148427328613212e-22
4.77913319644046765381e-22
-2.30989902957372726288e-22
-9.16973993557884753234e-23
1.01669507556215883584e-22
-2.21996580761547515936e-22
-1.61015757193652202166e-22
8.29324917462863198271e-23
-0.0146978516961133366835
0.0792280853109380146321
0.288947050641625450172
-0.13282998291546947437
0.0548483461295622266439
-0.0209165642256815115799
0.797641621332162854151
0.227108077233163470937
-0.0468573505860700844267
-0.101597205347528814857
-0.246287026680499145187
-0.0132646313544382860661
0.114085958612989714962
0.0759768240887471066321
-0.0613853505433881849617
-3.39010754029219528406e-24
1.5466451154906879925e-22
-1.87373226102040638779e-22
-1.43844024325517101558e-22
9.27022414551671767773e-23
-3.74614795243953897944e-22
-2.29284498941845520443e-22
7.79136726074210626224e-23
2.85783737226459636437e-25
3.28492192676033321552e-23
1.2685543172905124915e-23
2.7304879732187894079e-22
-5.53416541487341031751e-23
3.40315953883558117859e-22
-7.87932091923973949748e-23
-8.73511235410450816786e-23
5.75082538267903040145e-23
-1.75222421421662252142e-22
-1.38104813799057597297e-22
9.09304599840244336112e-23
0.0548483461295622464523
-0.132829982915469513473
0.28894705064162553366
0.0792280853109377870486
-0.0146978516961132633528
-0.0468573505860701198841
0.22710807723316369414
0.797641621332162837367
-0.0209165642256815963245
-0.0132646313544383102723
-0.246287026680499147668
-0.1015972053475287787
0.0759768240887471158065
0.114085958612989696612
-0.0613853505433881814115
-1.06261877812497751476e-22
-2.2177199736061480843e-22
3.83210527683308994067e-22
1.59684943268850503899e-23
-3.93861584891643630755e-22
-3.76883449604221589277e-22
2.43673088544689322594e-22
-1.17890736431574035716e-24
6.35072727887447307692e-23
3.1530673151853763265e-23
-1.50236678269465295575e-22
2.65815004736108900078e-22
-7.73775253812392544059e-23
1.99474941508947250086e-22
7.3502895275392567281e-23
-8.07538929517733521811e-23
-2.87445395231213755398e-24
-1.04130664198804740113e-22
-1.40081674822489140286e-22
9.07933647530525477217e-23
-0.0439633142448622005376
0.107004860653347992734
-0.15941301908143424967
0.413198612155949786584
-0.0641528210978852106833
0.0262423958074537409156
-0.121219877572828606418
0.599893520109170602466
0.41319861215594956579
0.0205599855534619636632
-0.121219877572828663918
-0.159413019081434293859
0.0262423958074537585937
0.107004860653348035223
-0.0439633142448622208801
-2.44882234655296522677e-22
-2.93939849519754527772e-22
8.18896195677435998779e-22
8.18185789537210091891e-23
-4.73933700856996171861e-22
-8.91692944301677275341e-23
7.79436671851754531196e-22
-7.38155063409933520401e-23
1.57541181416122702551e-22
1.94063297795358012622e-23
-3.55119068020623652666e-22
1.78849529146013280786e-22
-1.8775075578728165468e-22
7.7907599737602448562e-23
1.86416527765744029515e-22
-8.62167228080669910149e-23
-6.84835491739363120692e-23
-3.52371529281374799227e-23
-1.58060990898502491152e-22
8.34436304537473893263e-23
4.09917515297594072385e-22
-7.57808162241065568569e-22
6.25256503964712305487e-22
-6.24860357971108676474e-23
0.34661632804956067332
4.98799956214067284307e-23
2.41113328013386128286e-21
-1.00847371941352610205e-22
0.782080572600222620569
2.33351407970863433358e-22
8.42963957911149573994e-22
-0.189016223780159171927
5.46883160902906169391e-23
0.092472312599117749494
-0.0321529894687418714531
-4.08034047840490091005e-22
-1.14658005462224951507e-23
9.23140073943568879444e-22
-8.30385168148439338376e-23
-3.09954304963857522292e-22
1.26982680521019444876e-22
1.09941932072118213471e-21
-1.19372884400687821494e-22
2.28260965574827719842e-22
6.12098155116212512625e-24
-6.20114925116740656523e-22
8.85615645336266631849e-23
-2.73284624313997249987e-22
-8.13870761081181172182e-23
3.0176678712560940731e-22
-7.14768794409495734611e-23
-1.03611569996063701568e-22
-1.03012899758380590736e-23
-1.53578484518684833047e-22
7.04053926311994143065e-23
-0.125790859805962573511
9.3408575429173127161e-22
-7.60586795155308960385e-23
3.38847380000998118743e-23
6.98270620876490349137e-23
0.839048245392804755572
-2.77555449265975764204e-22
-8.41923104762614919837e-22
-3.01657302061077061097e-22
0.380017142053804664008
-1.13855494930362433077e-22
1.55670586904127356838e-22
-0.138761828480115715655
-1.72291452395171392411e-22
0.0454873008394688695837
2.28864957414917261712e-22
5.81842801095701408844e-22
-2.64841112884453426757e-22
2.09480926267293879069e-23
1.04238880487739741551e-21
8.59879714075232275734e-22
-1.00997754244982928411e-21
-3.24307269064525739282e-23
1.87981257233487775055e-22
-6.03732616911251571546e-25
1.26388071092302356443e-22
-1.09057103672142153599e-23
1.7501477224475802377e-22
4.3908333498000485772e-22
1.10289278588950473565e-22
-1.10237502769366106696e-22
8.4608338973858766747e-23
-2.18006417312091982482e-22
-2.20969720383016709369e-22
8.9764008623476012941e-23
-0.0146978516961133205018
-0.02091656422568152336
-0.101597205347528806797
0.114085958612989702069
-0.061385350543388177698
0.0792280853109379592137
0.797641621332162936734
-0.246287026680499122643
0.0759768240887470983317
0.288947050641625380586
0.227108077233163484172
-0.0132646313544382856864
-0.132829982915469459561
-0.0468573505860700879243
0.0548483461295622230652
3.34303668596546047495e-23
5.76290114800250031034e-22
-2.04247918706019615752e-22
-4.0545586837072267076e-23
4.69434041687741470794e-22
6.41672170184068688512e-22
-6.85035626544547821402e-22
-8.03131301682759360483e-23
1.85846674614802097851e-22
9.20205781421199793783e-25
1.45238819985334298502e-22
3.18218429201908269606e-23
2.52866821862665058799e-22
4.30837723982386969083e-22
2.15333509892347395202e-22
-9.77016371221138903129e-23
6.99906699671379868647e-23
-1.73946450672882148882e-22
-2.19716416212353197295e-22
9.55138504984826106724e-23
0.0562985800363922427011
-0.0963896182830136683918
0.0245673815392024421601
-0.0963896182830136237129
0.0562985800363922153742
-0.0963896182830136683917
0.445246608323766162702
0.445246608323765847447
-0.0963896182830136119282
0.0245673815392024421603
0.445246608323765847447
0.0245673815392023926996
-0.0963896182830136237128
-0.0963896182830136119284
0.0562985800363922153743
-1.35089227504164298403e-22
2.54825948710852550321e-22
2.22954960357358138829e-22
-1.37767950340901622596e-22
-1.75983620629090096302e-22
4.10864557752756496964e-22
-5.69259277357787953244e-23
2.97003313554223445443e-23
2.77682427269350530515e-23
4.85430656564902555408e-24
1.61542675753916828982e-22
7.14901113198553241986e-23
1.66885707391779033001e-22
3.98066827620955638339e-22
2.72907869066751595274e-22
-8.92049527930972452097e-23
4.26927831259671203861e-23
-1.11507247416326215548e-22
-2.10502650087816197608e-22
9.80514610731536054605e-23
-0.0613853505433881692715
0.114085958612989682312
-0.101597205347528784617
-0.0209165642256815684835
-0.014697851696113275674
0.0759768240887470939712
-0.246287026680499101863
0.797641621332163009784
0.0792280853109378150718
-0.0132646313544382949599
0.227108077233163585841
0.28894705064162534665
-0.046857350586070105422
-0.132829982915469460836
0.0548483461295622274986
-6.96870569370155804027e-24
-3.3218861823375370713e-23
6.57738767751646283086e-22
6.45416515847126504588e-23
-6.27295903969405851277e-22
6.61343343459113679499e-22
4.34287266822171899445e-22
1.79081032904687284019e-22
-7.22593633181859185083e-23
-7.01040968448181988828e-24
1.00969011123616492776e-22
3.41259111881160796567e-23
-2.40607280827685011283e-23
2.86637494187145873174e-22
3.42943804144846665559e-22
-9.44420746192465333294e-23
-5.57814152434891528493e-24
-4.71709649999128586997e-23
-2.18196227431477104814e-22
9.45865972508862504744e-23
-8.43438918427527096927e-17
1.72192224503480225538e-16
-1.78637929064788127236e-16
1.13122316894447839454e-16
-0.125790859805962572787
7.97320906763383372652e-17
-2.67426615356631143556e-16
6.08568925610110261801e-16
0.839048245392804308163
7.7996891068132162072e-18
4.93417884889986275434e-17
0.380017142053804611875
-1.55359361139827145053e-17
-0.138761828480115700949
0.0454873008394688688897
9.16073108432454772726e-23
2.88466194794539443048e-24
7.50608799679477006024e-22
3.10474700614839387387e-22
-7.28890976681259456086e-22
8.8071026538047794948e-22
7.72304860474988669085e-22
1.3598283813032345399e-22
2.65779008517431620315e-24
5.38336028200733338763e-24
-5.67780605339696911735e-23
1.25817927406534510864e-23
-2.0850641600027939398e-22
1.76966214409382786381e-22
3.71606988598588421216e-22
-1.09517930584673694624e-22
-5.7915817910845792705e-23
-1.47138229547288599281e-23
-2.20708053804016014874e-22
9.17685265860463137906e-23
-2.97747037699249533788e-22
5.53494978811829210398e-23
1.63017562788789031533e-22
-2.70047135994723009813e-23
-5.6776678714999792277e-23
1.0828574391423331465e-22
-6.5989523021649565312e-22
-5.10569200965565017857e-22
-3.48496121245870022151e-22
1.0
-2.09229241307880978118e-22
4.52282998957715343532e-23
1.77919861194800642415e-22
-2.77145825204594581607e-22
8.78294203857986026562e-23
9.39328580757530701486e-23
5.46845818934794672552e-22
-3.18803475898658005688e-22
4.38869766983276585018e-22
6.88927510275284495521e-22
8.46296452084200127916e-22
-9.81036135835084540771e-22
-2.90360808117567291237e-22
3.99197108395651110183e-22
-2.81310266291687006821e-23
8.35606341269488216774e-23
-1.28948214698325567286e-22
4.41484850773535690912e-22
4.47482325775471261507e-22
3.8298319986643164165e-22
-3.928841525604728875e-23
8.07298766252601967895e-23
-1.87803972128938849096e-22
-2.99900260237759411162e-22
9.23177575342335719445e-23
0.0548483461295622500312
-0.0468573505860701163868
-0.013264631354438310652
0.0759768240887471241071
-0.0613853505433881886753
-0.132829982915469528282
0.227108077233163680905
-0.246287026680499170213
0.114085958612989709506
0.288947050641625603247
0.797641621332162754783
-0.101597205347528786759
0.0792280853109378424672
-0.0209165642256815845445
-0.0146978516961132795345
-1.37670385753968012024e-22
3.23773817958453492071e-22
-7.56884904034432969308e-23
8.51882502361187337916e-23
2.82296394537597217239e-22
3.24312941761912524285e-22
-3.62692756108182703921e-22
-1.91985997802195462324e-22
1.371920475185987863e-22
-1.9771786466740894074e-23
1.40264059666208379583e-22
-1.28892188762561574591e-22
3.31917720096314617487e-22
5.23999016241950626559e-22
3.8883611472385023434e-22
9.30096629338834717903e-24
4.80808577516295062855e-23
-1.27760076759405725873e-22
-2.88349908014443085218e-22
9.2790082268682405524e-23
-0.0613853505433881620077
0.0759768240887470856711
-0.0132646313544382945804
-0.0468573505860701089192
0.0548483461295622239198
0.114085958612989669418
-0.246287026680499079318
0.227108077233163599076
-0.132829982915469446027
-0.101597205347528776559
0.797641621332163092366
0.288947050641625277063
-0.0209165642256815802637
0.0792280853109377596536
-0.0146978516961132594924
5.55759070217947526799e-23
-3.02166508143348785234e-23
3.8141701888011473759e-22
-9.89439504560819297517e-23
-3.52656952648274362127e-22
3.62899052265176216288e-22
2.93149860852713287407e-22
1.18702131747161962309e-22
-2.10559309229465942093e-22
-9.86537265192744650783e-24
2.62828139172423496979e-22
-1.30777108666277810549e-22
6.7612364887022724532e-23
5.48011836237526826921e-22
3.47717483532732754182e-22
1.10181933101480443069e-23
3.13234894345440633429e-23
-5.91696783876293857441e-23
-2.97284664708249503883e-22
9.19811353797955629297e-23
3.08165544482231479438e-23
1.03329747413114066786e-22
1.63303912147680838823e-22
2.27450377752002349903e-22
2.17673470033289572596e-22
2.59401583543272214468e-23
7.52497421211243375053e-22
5.90412860508222237255e-22
-1.15979247919557075237e-22
1.81648253257385080285e-22
-2.09825603815828483799e-22
1.0
-3.39054429551950116628e-22
2.78625701531604487874e-22
8.78072460298600194099e-23
4.19396105484635603445e-22
-1.57055142394195334177e-22
6.38884955834537993427e-22
1.48640534729431404002e-22
-8.12435459971444630839e-22
8.46629262653866584312e-22
5.96447784520316945042e-22
3.75259263986974284808e-22
-2.62999336062315868397e-22
-2.81285651084747244857e-23
3.09655131895470600816e-22
-1.28808973033546032156e-22
-1.58409603293171905435e-22
4.47834414527278827744e-22
3.68076788280901824771e-22
-3.92871313901546825887e-23
-1.44565463892055801444e-23
-2.70560724587358778862e-24
-2.99898276829901091901e-22
9.23218562928897975972e-23
0.0454873008394688695835
-2.71138198973599753632e-22
-8.09408371271929123978e-23
5.82645632694393921692e-23
-1.51526515918166673755e-22
-0.138761828480115715654
-3.87421945776797894805e-22
-5.86267663946919944301e-22
2.74577140873620227702e-22
0.380017142053804664007
1.49459642903726207522e-24
-4.87542208092862136308e-22
0.839048245392804755572
2.6061246672976286318e-23
-0.125790859805962573509
-1.62996040145419521582e-22
4.38227367046840784599e-23
-2.73338075130673480278e-22
4.40468174591371363017e-22
4.60003334372417984173e-22
-4.07135552619637953971e-22
-6.18754022104975875497e-22
-6.0455297663436840487e-22
8.2133975056650714639e-24
7.256121802367837343e-23
-5.20816575162328343282e-23
-2.67805276219712827068e-22
3.51574656343810362601e-22
6.03134335635583642613e-22
3.02960522922780254087e-22
1.97252409006749639246e-22
4.89492198915861805613e-23
-1.48032072530929150637e-22
-3.28984985220005734083e-22
7.83703706941288015089e-23
-0.0439633142448621810726
0.0262423958074537239999
0.0205599855534619636628
0.0262423958074537755092
-0.0439633142448622403456
0.107004860653347952078
-0.121219877572828551399
-0.121219877572828718939
0.10700486065334807588
-0.159413019081434207387
0.599893520109170602464
-0.159413019081434336143
0.413198612155949997857
0.413198612155949354517
-0.0641528210978852106835
-2.43778734475822013319e-23
-2.64176557527035563685e-22
2.36591581038150882921e-23
-1.8019255332485210607e-23
-1.296878626781771898e-23
-8.57975407676227971282e-22
-1.64803257959978804893e-23
-4.23387661217758233775e-22
-4.68218365161542842976e-22
1.38972834336655428004e-22
5.98184427130177012492e-23
-2.40837572217830441166e-22
9.10234444776428307951e-23
6.68793619191910414857e-22
2.11998546474120252808e-22
2.50965591417123599159e-22
3.51763291330488017724e-23
-8.68905522465524630527e-23
-3.40595109454492986725e-22
7.72585710030624717912e-23
-8.43435271733294660262e-17
7.9731919091370711073e-17
7.79932453615320206867e-18
-1.55357861140533155391e-17
0.0454873008394688411368
1.7219262861457255633e-16
-2.67427722741434498459e-16
4.93425444414884556292e-17
-0.138761828480115612112
-1.78638152294469982673e-16
6.08568182356377323954e-16
0.380017142053804300647
1.13121731131806341705e-16
0.839048245392804527939
-0.125790859805962542422
4.63196279770193172562e-22
-4.53783703246120093911e-22
3.3053223898286419506e-22
-1.23106087075550506033e-22
-6.57294580605838123571e-22
-2.85343614010120124969e-22
4.78506999527979602826e-22
5.90942733356140269116e-23
-1.38840045091646137118e-21
-3.03144213884797790416e-23
2.67383583532192216283e-22
-2.64590269526007100856e-22
-1.69677577995700451117e-22
6.83057372220064681762e-22
4.87106610082177257547e-22
3.99891763434886334194e-22
8.10690068676853523012e-24
-1.22229640514116971353e-22
-5.31109846092224397708e-22
1.73616861131372894326e-22
-0.0321529894687418714537
-4.03559711156967856093e-22
-2.48667148494557070922e-22
-8.76022265881344317295e-23
-5.10376246690650925541e-23
0.0924723125991177494947
-1.44732493630270667121e-22
1.10415023124222200838e-22
7.18835136759181422766e-22
-0.189016223780159171929
-1.09982798485090280129e-21
3.44665581494223487471e-23
0.782080572600222620569
4.43511003263432139966e-22
0.346616328049560673317
-1.04508713856971465392e-22
-5.49014578591441724431e-22
-1.42078792753024409218e-22
1.5420799170368054192e-22
6.30258980164551609555e-23
-2.02998712055623582091e-21
-3.63017890478833605172e-22
-1.20200043080851184505e-21
-9.11450774118745608164e-22
3.36396172962608951082e-22
-2.08066021838828155807e-22
-3.45951098074836416134e-22
9.71810028492762835448e-24
7.24702473844331951682e-22
-2.85895409010375910529e-24
5.32728986449979142422e-22
2.90327932747427709689e-23
-1.17727656694164779755e-22
-3.2111880114491801422e-22
5.6632508149654982577e-23
4.24770375831950647229e-23
-3.65520510745845359386e-22
-1.51104429538693247441e-22
-3.47863626920710282925e-22
-0.0321529894687418714534
3.77634676348145357499e-22
-1.11155765675309930212e-22
9.64408048102937531931e-22
0.0924723125991177494941
-4.82686388012783669937e-22
-1.45523606263907052814e-21
-0.189016223780159171927
1.13086549984589141549e-21
0.782080572600222620568
0.346616328049560673317
2.1417371462910465293e-22
-7.13979825918150516663e-22
5.52416780641667162511e-23
-1.76013210488558156912e-22
-3.41797156865684125494e-22
-2.05810427372005482149e-21
1.04071161841048859099e-22
-8.86046861529313771935e-22
-1.22311183951485891692e-21
3.35857103748744484721e-22
-6.61033906461966365675e-23
-3.43657770326260832065e-22
-2.02727176543195304862e-22
7.90717125806279305172e-22
-7.23865959745120022419e-23
5.32538469070326123698e-22
3.74937050349170471897e-24
-6.58411963811113803367e-23
-3.21657873537368857178e-22
5.69330414668953649383e-23
-1.05657858660171150206e-22
-6.25901438158568335913e-22
-1.72189028462295848904e-22
-4.81647615689972628762e-22
6.1360408180334714021e-23
1.29914316331372739373e-22
-5.48415438980341241076e-22
1.40295992217922508338e-21
7.3614712467612716923e-22
-1.85810786086681887942e-22
-2.2677526280341780067e-21
1.0854082218399622881e-21
-4.69107412847860774578e-24
1.86426104106173433877e-22
0.999999999999999999999
6.11034467026483124669e-23
-8.44821691835195527454e-22
-2.87624813500466486904e-23
-7.74845643025788126189e-23
-2.81299554170558343124e-22
-3.02002699209562454601e-21
-2.55707767901582176375e-22
-1.63977930231261220745e-21
-1.62257106621987485807e-21
5.92824383450481801946e-22
-2.99384149913271851958e-22
-3.8790999765989131557e-22
-2.36515845975404836537e-22
8.23333207521314816017e-22
-2.48329993571032009337e-22
7.50367353676464313639e-22
5.67103421088639117494e-24
-9.38216467277321122603e-23
-3.06946880851395554368e-22
4.54248798505461514257e-23
0.346616328049560673318
6.45023662635846092168e-22
1.01265554627726648791e-22
1.04246897060493070483e-23
-9.70509906226382164238e-23
1.20467395719003117192e-21
-1.660590872454432386e-21
-1.11118725493396847171e-21
-4.8731511126080088037e-22
-1.84089227645189227841e-23
1.0025898044985925126e-21
5.33957511173286905556e-22
5.82049018059362468443e-22
-3.6464497181742859031e-23
-2.03423342015740002647e-23
0.782080572600222620567
2.6550310137146319077e-22
-4.14592142976878414232e-22
7.90439662005205162943e-23
1.57005582767813763688e-21
-4.84219436859342898525e-22
-1.22584144347337451861e-21
-5.2430150447107572872e-24
1.60349421448372786421e-22
-3.84529842213426999048e-23
-0.189016223780159171927
1.85017293227986652169e-22
1.53920094880623012666e-23
2.85521997741364657097e-22
1.51925469955674155591e-22
7.30749036839569621683e-23
0.0924723125991177494943
-1.03847688266005563245e-22
-3.20568086080427874917e-23
-0.0321529894687418714534
-0.0641528210978850899573
0.413198612155949945015
-0.159413019081434316397
0.107004860653348019984
-0.0439633142448622080727
1.94795740985484585547e-22
-7.84464874213310811149e-22
-6.10151472980625122344e-22
-4.18499117436176419766e-22
1.51295893180673894462e-22
6.83894205721962776571e-22
2.27372166491306372322e-22
2.91009770089150996947e-22
-8.71086798886867943653e-23
5.48512609444111707327e-23
0.413198612155949733741
0.599893520109170182138
-0.121219877572828562558
0.0262423958074537315331
7.16726623333599056346e-22
-5.46297708138141043758e-22
-9.50520403815810300282e-22
2.89628453260902847371e-23
2.31231859417595660755e-22
-2.35391643970541966914e-23
-0.15941301908143435868
-0.121219877572828617577
0.0205599855534619592787
2.47421956800557934022e-22
2.74357987839808236958e-22
4.35430797932650813507e-23
0.107004860653348060641
0.0262423958074537484485
-1.57831707023682474369e-24
-0.043963314244862227538
-0.0146978516961133366838
0.0792280853109380146323
0.288947050641625450172
-0.13282998291546947437
0.0548483461295622266441
-1.08453584128860812581e-22
-4.18817867361547276679e-22
-1.6433579105440714042e-22
-1.01950268340014955279e-22
1.79262399489737828582e-22
6.54574580899119052962e-22
-1.03340290674121706092e-22
-1.08340588803804872847e-22
-6.4576123995923858584e-23
1.76070826169060357455e-22
-0.0209165642256815115799
0.797641621332162854152
0.227108077233163470937
-0.0468573505860700844267
-1.6254573314263322658e-22
-8.49523612516642152578e-22
-2.68556400092896465365e-22
2.96633939794863907537e-22
2.47441130013729075048e-22
-1.0404285039924033788e-22
-0.101597205347528814856
-0.246287026680499145187
-0.0132646313544382860662
3.52352587034068029299e-22
3.07581098308912777859e-22
1.15294129246097223412e-23
0.114085958612989714962
0.075976824088747106632
-1.13699572385241277377e-23
-0.061385350543388184962
0.0548483461295622464524
-0.132829982915469513473
0.288947050641625533659
0.079228085310937787049
-0.0146978516961132633526
-1.0984453446201000742e-22
8.32804425460393130833e-23
1.42550251899605187302e-22
1.00478388229303997436e-22
3.34454945484193065454e-23
6.30105862680177107838e-22
-1.36983023032060629891e-22
-1.00094013267322266235e-22
4.52156387360152812658e-23
1.69271539696230379939e-22
-0.0468573505860701198841
0.22710807723316369414
0.797641621332162837367
-0.0209165642256815963243
-3.03168267693039934897e-22
-8.43766250418562562444e-22
1.70736782180553843438e-22
1.75186456209512496319e-22
2.29057194286337866978e-22
-1.05267498962464504273e-22
-0.0132646313544383102722
-0.246287026680499147668
-0.1015972053475287787
3.46820986450347411011e-22
2.81867283831762499455e-22
1.14364596817496474283e-23
0.0759768240887471158065
0.114085958612989696612
-8.6197881532844512876e-24
-0.0613853505433881814117
-0.0439633142448622005376
0.107004860653347992734
-0.159413019081434249671
0.413198612155949786585
-0.0641528210978852106835
2.983238781424671824e-23
5.97370173353430060359e-22
1.31105243375268051487e-21
5.09483176751154440322e-22
9.39752928141961027993e-23
4.89995551045642209211e-22
-5.11261139286195016946e-22
-1.32040616731803064253e-22
5.58287406653015108788e-22
-3.26917220064940217472e-23
0.0262423958074537409158
-0.12121987757282860642
0.599893520109170602465
0.41319861215594956579
-5.23917536213817759264e-22
-3.7636559747330274927e-22
9.89680464469200592302e-22
1.85840504292437908641e-22
-8.99504471650038840819e-23
2.49168541488229952763e-23
0.0205599855534619636631
-0.121219877572828663919
-0.15941301908143429386
3.03993109175428944463e-22
1.91518287729504158148e-22
7.67359617509407017927e-23
0.0262423958074537585936
0.107004860653348035223
4.98418396621797583475e-24
-0.0439633142448622208804
7.16864011459342063378e-23
-2.19838918759429464428e-22
6.80491327597511318638e-22
-2.96498766069974698014e-22
0.346616328049560673318
2.04968703505240900408e-22
1.2382647856793638869e-21
1.637246020775965172e-21
9.05145446499789553141e-22
1.71681039685901610816e-22
9.16600191335442102885e-22
-4.64080310774126337863e-22
-1.99528735124419127013e-22
6.04200304473244439974e-22
-2.41821942938186714191e-23
1.08751811189982627638e-22
-2.09166277324142433547e-22
-2.88684205851592978092e-22
0.782080572600222620568
-6.47939115559405243119e-22
-5.100257195827976823e-22
1.45752493896703998748e-21
1.30066833712201389376e-22
2.51755359775737983165e-23
-3.89547031267862999544e-23
-8.6138621362416120901e-23
4.0790784648722067848e-22
-0.189016223780159171927
3.11843225155858692503e-22
1.48191853880271509162e-22
7.28947821171061817509e-23
-1.4585596589672181567e-22
0.0924723125991177494942
-3.25592405328060238222e-23
-0.0321529894687418714533
-0.0641528210978850899578
3.96406323058884819426e-22
-6.38832658413431892271e-23
5.12132896304544838406e-24
-4.6231945622949811173e-23
0.413198612155949945014
-7.58381986112511526199e-22
-9.24473055634958438159e-22
-1.23007908970170703769e-22
-0.159413019081434316397
3.54004425249129192576e-22
2.36537539944541813065e-23
0.107004860653348019984
4.33121701346363308277e-23
-0.0439633142448622080725
0.413198612155949733741
2.96456397261831041964e-22
-6.84414890501728632481e-22
-8.95452875555522087514e-23
0.599893520109170182139
4.14794948245457892971e-22
-7.95128469438389263918e-22
-0.121219877572828562557
5.02572695674073783498e-23
0.026242395807453731533
-0.15941301908143435868
7.56018862464949855238e-23
-6.85155086857350013168e-24
-0.121219877572828617577
1.52900790118898738084e-22
0.0205599855534619592787
0.107004860653348060641
-8.11798210342079030769e-23
0.0262423958074537484486
-0.043963314244862227538
0.00211750642577929237405
-0.000301219237038357438359
-0.0933423213562507817447
0.106682621624323206344
-0.056931163762311859575
-0.000301219237038360947776
0.426572117112481846352
-0.123281754487371958923
0.0366408440072816601153
-0.0933423213562507879622
-0.123281754487371974196
0.0231225778186961946437
0.10668262162432321642
0.0366408440072816657978
-0.0569311637623118657556
-0.000301219237038364457345
0.426572117112481810228
-0.123281754487371950513
0.0366408440072816575288
0.426572117112481774102
0.438233217022453817294
-0.0459710323891306347098
-0.123281754487371957378
-0.0459710323891306386104
0.0366408440072816606253
-0.0933423213562507941795
-0.123281754487371981061
0.0231225778186961952236
-0.123281754487371972652
-0.045971032389130642511
0.0231225778186961958036
0.106682621624323226497
0.0366408440072816688941
0.0366408440072816663079
-0.0569311637623118719367
0.0583655016180323786948
-0.094106519357371805134
0.050131627182407339506
-0.0941065193573717331006
0.0583655016180323267818
-0.0538929543379819851163
0.21735021525865207021
0.21735021525865175847
-0.0538929543379819215239
-0.0195461911262319555732
-0.176697443620492741796
-0.019546191126231905903
0.0816534261668030620864
0.0816534261668030339534
-0.0641278050326085308182
-0.053892954337981984353
0.217350215258652066067
0.217350215258651754327
-0.0538929543379819207604
0.0778465511164752160646
0.721120507513455373446
0.0778465511164750301005
-0.0957567030717766542862
-0.0957567030717766260751
0.0414599544817498919311
-0.0195461911262319555019
-0.176697443620492744548
-0.0195461911262319058318
-0.0957567030717766565578
-0.0957567030717766283467
0.0240362153347108934586
0.0816534261668030636202
0.081653426166803035487
0.0414599544817498932627
-0.0641278050326085322399
-0.0569311637623118251394
0.106682621624323130896
-0.0933423213562506938743
-0.000301219237038494537632
0.00211750642577939457917
0.0366408440072816470773
-0.123281754487371910337
0.426572117112481897624
-0.000301219237038518536829
0.0231225778186961910355
-0.123281754487372014785
-0.0933423213562507363896
0.0366408440072816859361
0.106682621624323199803
-0.0569311637623118674045
0.0366408440072816444911
-0.123281754487371901929
0.426572117112481861498
-0.00030121923703852204616
-0.0459710323891306437209
0.438233217022454133731
0.426572117112481614464
-0.0459710323891306703949
-0.123281754487371948872
0.0366408440072816656648
0.0231225778186961916154
-0.123281754487372021651
-0.0933423213562507426069
-0.0459710323891306742955
-0.123281754487371964146
0.0231225778186961955808
0.0366408440072816890326
0.10668262162432320988
0.0366408440072816713474
-0.0569311637623118735856
-1.67348369423375039298e-16
3.53251470282918933319e-16
-3.93646738243690869493e-16
3.46378723273978517516e-16
-0.0641528210978852048098
7.37508224217887212745e-17
-2.52627131173524578891e-16
5.7590643589485705801e-16
0.413198612155949521713
3.97813243775521499027e-17
-1.31405763280878256514e-16
-0.159413019081434282077
2.88033179370514070524e-17
0.107004860653348038563
-0.0439633142448622243273
7.37507741811120827735e-17
-2.52629203229499961482e-16
5.75906102256616599749e-16
0.413198612155949310439
-4.76388837352215973274e-17
2.8169869838489141018e-16
0.599893520109170085988
-2.99023085771813822317e-17
-0.121219877572828570937
0.0262423958074537398206
3.97813323604965507733e-17
-1.31405900527119283539e-16
-0.159413019081434324361
-2.99021813204118007392e-17
-0.121219877572828625957
0.0205599855534619624816
2.88033701308634647113e-17
0.10700486065334807922
0.0262423958074537567362
-0.0439633142448622437929
-0.014697851696113336684
1.75713104007151420898e-22
3.68073168253756143169e-23
-2.35426405731574482017e-22
6.62236603508882388963e-23
0.0792280853109380146322
-1.14629219621159895427e-21
-8.00720517659892033606e-23
-3.01309562155372716502e-22
0.288947050641625450172
-2.8163330960630596034e-22
2.94430642310475768594e-23
-0.13282998291546947437
-3.52101199364810012249e-23
0.054848346129562226644
-0.0209165642256815115799
-5.56924338998133930606e-23
-5.05337125407027538149e-22
-2.35510226883788655657e-22
0.797641621332162854152
5.63121465975742001573e-22
-1.64402124853764200119e-22
0.227108077233163470937
1.45525549923792042909e-23
-0.0468573505860700844267
-0.101597205347528814856
7.63220432903617540084e-23
-1.68701756210191425194e-22
-0.246287026680499145187
1.27274956864538665405e-22
-0.0132646313544382860662
0.114085958612989714962
-9.24838956748918631184e-23
0.0759768240887471066321
-0.061385350543388184962
0.0583655016180323775957
-0.0538929543379819833883
-0.0195461911262319544857
0.0816534261668030622576
-0.064127805032608531529
-0.0941065193573718036088
0.217350215258652061538
-0.176697443620492743172
0.081653426166803035316
0.0501316271824073395061
0.217350215258651762998
-0.0195461911262319069189
-0.0941065193573717346255
-0.0538929543379819224884
0.0583655016180323278807
-0.0538929543379819833883
0.0778465511164752121274
-0.0957567030717766548251
0.0414599544817498925967
0.217350215258652061538
0.721120507513455373447
-0.0957567030717766278082
0.217350215258651762998
0.0778465511164750340377
-0.0538929543379819224885
-0.019546191126231954486
-0.0957567030717766548249
0.0240362153347108934585
-0.176697443620492743172
-0.0957567030717766278083
-0.019546191126231906919
0.0816534261668030622578
0.0414599544817498925968
0.081653426166803035316
-0.0641278050326085315292
-0.0641278050326084733837
0.0816534261668029744883
-0.0195461911262319124479
-0.0538929543379819566587
0.0583655016180323313673
0.0816534261668029732966
-0.176697443620492580338
0.217350215258651875079
-0.0941065193573717143897
-0.0195461911262319103447
0.217350215258651861878
0.0501316271824072327207
-0.053892954337981953966
-0.0941065193573717113395
0.058365501618032329169
0.0414599544817498646511
-0.0957567030717765940787
0.0778465511164751265215
-0.0538929543379819249228
-0.095756703071776592884
0.721120507513455704657
0.217350215258651702814
0.077846551116475118647
0.217350215258651689614
-0.0538929543379819222301
0.0240362153347108867357
-0.0957567030717766885233
-0.0195461911262319094872
-0.0957567030717766873286
-0.176697443620492694762
-0.019546191126231907384
0.0414599544817499200117
0.0816534261668030382451
0.081653426166803037054
-0.0641278050326085324789
-9.84714348436665783036e-17
1.56825178333568985024e-16
-9.21540909337406138176e-17
-2.23949056170861422334e-17
-0.0146978516961132620248
1.00950358656760021152e-16
-2.58947693632734774626e-16
3.53425002836458185614e-16
0.0792280853109377910568
-2.3310221151678761541e-18
9.08879676916205647375e-17
0.2889470506416253053
-2.24684614244072579417e-17
-0.132829982915469445357
0.0548483461295622236553
4.23291061526903234198e-17
-1.06185773747810727753e-16
1.24873376857620558281e-16
-0.0209165642256815757107
-6.65000991823003282324e-17
3.06741813592081075203e-16
0.797641621332162679359
8.90866034959398670835e-18
0.227108077233163472174
-0.0468573505860700853493
2.13819254274964448675e-17
-5.63797595987733439166e-17
-0.101597205347528783211
-3.80467920201683215072e-17
-0.246287026680499120469
-0.0132646313544382868916
1.70883750749661986747e-17
0.114085958612989706768
0.0759768240887471084824
-0.0613853505433881873114
0.0548483461295622464524
-4.3744970123356389029e-23
-2.63942596470824473167e-23
4.17864189769747945987e-23
-1.20895262649077319776e-22
-0.132829982915469513472
-6.18439982514365477136e-22
-2.41032529212029208242e-22
-2.34961480961806510269e-22
0.288947050641625533659
-3.70708756742340379242e-22
-6.14263243850389226247e-23
0.079228085310937787049
-1.61396866854371006361e-23
-0.0146978516961132633529
-0.0468573505860701198842
9.50677809209250164162e-23
-3.7795734723494589495e-22
2.33509796535213741781e-23
0.22710807723316369414
1.41256672705470705644e-22
-1.55596465279037837965e-22
0.797641621332162837366
3.26458830126009513202e-22
-0.0209165642256815963243
-0.0132646313544383102722
6.50721192333949379875e-23
-1.41993476937187964595e-22
-0.246287026680499147668
6.41398082934484622194e-23
-0.1015972053475287787
0.0759768240887471158065
-6.54690862573264504823e-23
0.114085958612989696612
-0.0613853505433881814117
-0.0569311637623118189588
0.0366408440072816388087
0.0231225778186961916154
0.0366408440072816947152
-0.0569311637623118797662
0.106682621624323120819
-0.123281754487371886654
-0.123281754487372036925
0.106682621624323219956
-0.0933423213562506876569
0.426572117112481861497
-0.0933423213562507488244
-0.000301219237038491028129
-0.000301219237038525555736
0.00211750642577939457903
0.036640844007281643981
-0.04597103238913063982
-0.0459710323891306781963
0.0366408440072816744437
-0.123281754487371903473
0.438233217022454133731
-0.123281754487371971011
0.426572117112481933749
0.426572117112481578337
-0.000301219237038518536653
0.0231225778186961904555
-0.0459710323891306703949
0.0231225778186961961606
-0.123281754487372023195
-0.123281754487371940463
-0.0933423213562507363898
0.0366408440072816885225
0.0366408440072816630785
0.106682621624323199803
-0.0569311637623118674048
-9.84715060543154024216e-17
1.00950546571971122108e-16
-2.33106317012472395654e-18
-2.24683830309662651964e-17
0.0548483461295622200765
1.56825505193710193323e-16
-2.58948441516974391271e-16
9.08887673524104595871e-17
-0.132829982915469430549
-9.21541360579678487705e-17
3.53424537903713616674e-16
0.288947050641625235713
-2.23951940509064263952e-17
0.0792280853109377356382
-0.0146978516961132458431
4.23293709935483733032e-17
-6.65003765923350727183e-17
8.90881155271810637073e-18
-0.0468573505860700888469
-1.06185818030995570927e-16
3.06741566453056317227e-16
0.227108077233163485409
1.24873495059075422614e-16
0.797641621332162761941
-0.0209165642256815874908
2.13819109596172015376e-17
-3.80469502601868860888e-17
-0.0132646313544382865118
-5.6379698770553005876e-17
-0.246287026680499097924
-0.101597205347528775152
1.70884195087673278723e-17
0.0759768240887471001819
0.114085958612989693875
-0.0613853505433881800476
-0.0439633142448622005377
-9.75387164300429129018e-23
-1.05889602702380389099e-22
2.07751185275298578829e-23
-1.15105300468387933837e-22
0.107004860653347992735
-9.06121531552011314488e-23
-1.65789155683328151827e-22
3.89243929235956442105e-23
-0.159413019081434249671
-8.36867130036382660528e-22
-1.37978925966627411791e-22
0.413198612155949786585
2.50590851271162208983e-22
-0.0641528210978852106835
0.0262423958074537409157
-9.97210031661691548101e-24
2.39496233276619547738e-22
2.667417787929514288e-22
-0.121219877572828606419
-1.12182348637781570579e-21
-1.74560265240149171665e-22
0.599893520109170602465
6.36352629821253562552e-23
0.41319861215594956579
0.020559985553461963663
1.78981120222685701485e-22
-5.32296749335859657343e-23
-0.121219877572828663919
1.54131684245716155553e-22
-0.15941301908143429386
0.0262423958074537585936
-5.0391354748591486602e-23
0.107004860653348035223
-0.0439633142448622208803
-1.67348467017216695406e-16
7.37506879079296719063e-17
3.9781373275427956606e-17
2.8803258278681564909e-17
-0.0439633142448622437929
3.5325221241137560792e-16
-2.52628943514713000402e-16
-1.31405761762377697673e-16
0.10700486065334807922
-3.93647390480225705112e-16
5.75905764425103306735e-16
-0.159413019081434324361
3.46379116889787486186e-16
0.413198612155949310439
-0.0641528210978852048101
7.37511029396500208055e-17
-4.76387143637723004563e-17
-2.99020639432884731255e-17
0.0262423958074537567362
-2.52629288127244627836e-16
2.81697465940198696613e-16
-0.121219877572828625957
5.75906781367904534142e-16
0.599893520109170085987
0.413198612155949521712
3.97812876614911463821e-17
-2.99022696868144981334e-17
0.0205599855534619624816
-1.31405984748185302486e-16
-0.121219877572828570937
-0.159413019081434282078
2.88034550258083295026e-17
0.0262423958074537398206
0.107004860653348038563
-0.0439633142448622243276
-1.71263434887782074768e-22
-4.7737347594050749051e-22
-7.93185137996934325856e-23
-4.62978521276670403635e-22
-2.14302459154349516367e-23
1.45035635070927999122e-22
-3.86749260073138066199e-22
8.97863114392051156592e-22
2.61598052883703184699e-22
-4.75393634136268490664e-22
-1.6206243578884651867e-21
5.9857756571215942227e-22
1.01404372519877311202e-21
2.92612463150901857874e-22
0.346616328049560673319
3.26074827576295876528e-22
-6.28065198694598514398e-23
6.35959978549326009241e-22
2.42010965020066052069e-22
-3.21381990840238151012e-22
-2.56334751728979964498e-21
-3.04774066591144599382e-22
-1.01535662385612590224e-22
-9.9530865519933158381e-23
0.782080572600222620568
-9.47423755595653208059e-23
1.99184309467540996779e-22
-4.13644799461410763411e-23
4.01780341661251117886e-22
6.32925393267316269071e-23
-0.189016223780159171928
-5.58947139140774896596e-23
-6.37646933386185099221e-23
0.0924723125991177494943
-0.0321529894687418714533
-0.125790859805962543144
-1.39074410022120134292e-22
1.82990344028920506115e-22
1.37351591373434308217e-22
3.32115696920929831215e-23
-4.54740456554075320687e-23
-1.45576716199136500281e-21
-8.0501798988799943628e-22
-3.12532876843044182504e-22
5.22150978399623143865e-22
4.01331970329326580756e-22
-1.60204699588127211221e-23
1.78149265095605702404e-22
-3.64986885226786321596e-22
6.50637888817774448969e-23
0.83904824539280497535
6.2907981238108998248e-22
-3.06255676742538861083e-22
6.86010500195585009343e-22
2.62661636076055612476e-22
3.60640855905956438577e-22
-1.68478098685131142794e-21
-1.81327849315120669635e-22
5.28837441900056280839e-22
-4.09028909693044045158e-23
0.38001714205380435278
9.8270296903175556222e-25
2.28085063285447543871e-22
-4.3621469149286550547e-23
1.07685134580881782369e-22
-3.39740864773079744827e-24
-0.138761828480115626816
-1.57540959081323698747e-22
7.05722439217034876775e-24
0.045487300839468841831
-0.0146978516961133205018
-0.0209165642256815233602
-0.101597205347528806797
0.114085958612989702069
-0.061385350543388177698
-6.86642685313801720205e-23
-8.66890539173283758829e-22
-5.2021082852127464734e-22
-1.35481040126866399321e-22
4.00459933852670831904e-22
4.76479099437199564895e-22
-2.60384070829623469522e-22
-9.6812063267559867013e-23
-2.62872518864495293276e-22
6.61477865105948902446e-23
0.0792280853109379592136
0.797641621332162936735
-0.246287026680499122642
0.0759768240887470983317
-2.60478502267236106445e-23
-1.09777621671708887463e-22
-7.78156344571474858078e-22
6.21061215540654354047e-23
3.82195010820982971399e-22
-8.2670973651656783967e-23
0.288947050641625380585
0.227108077233163484172
-0.0132646313544382856862
-9.91486807681668909719e-23
-1.05709270418107179291e-22
-6.37701426996445937218e-23
-0.132829982915469459561
-0.0468573505860700879242
1.3482299817394191513e-23
0.0548483461295622230652
0.056298580036392242701
-0.0963896182830136683918
0.02456738153920244216
-0.0963896182830136237127
0.0562985800363922153743
-1.88458704996971375523e-23
-1.12436260045019396245e-22
-2.77837670594054106153e-22
1.24339316036093365513e-23
1.33798725010023241629e-22
4.41644912375281453803e-22
-2.35181007318538266155e-22
-2.21112958612361173985e-22
-1.14323293041907161506e-22
3.59210711759266791676e-23
-0.0963896182830136683918
0.445246608323766162702
0.445246608323765847447
-0.0963896182830136119283
-2.06951115816229743127e-22
-2.2062657577489180168e-22
-9.76289332393494816944e-23
2.06363248097526636021e-22
1.71172385401604027111e-22
-7.81644057613521393444e-23
0.0245673815392024421603
0.445246608323765847447
0.0245673815392023926998
-1.42516630597676264561e-22
-5.91784526288591916006e-23
-3.94781231830905933974e-23
-0.0963896182830136237129
-0.0963896182830136119282
-2.07704147245045501691e-23
0.0562985800363922153744
-0.0613853505433881692713
0.114085958612989682312
-0.101597205347528784617
-0.020916564225681568483
-0.014697851696113275674
2.08971638967633973478e-22
2.60549285454630438519e-22
4.83206489377761313499e-22
1.917401654950292679e-22
-1.24565326294312999595e-24
2.92882763355137542824e-22
-1.9618905643967604589e-22
-3.04057160603851118718e-22
2.52287371948046446602e-22
-7.23499593155768146436e-23
0.0759768240887470939714
-0.246287026680499101864
0.797641621332163009784
0.0792280853109378150717
-4.76662762713434663269e-22
2.89743581383537989351e-22
7.96947864972583806242e-22
3.28601368142000689898e-22
-3.34264421692303566024e-22
6.70971980689872829493e-23
-0.0132646313544382949597
0.227108077233163585841
0.28894705064162534665
-2.24800336395580201452e-22
1.40234187827147680879e-22
-5.46184212264216972216e-23
-0.0468573505860701054222
-0.132829982915469460836
-3.25740716323959286705e-23
0.0548483461295622274987
-8.43444437624560796449e-17
1.72192707248461241828e-16
-1.78637898448788832569e-16
1.13122181135085726068e-16
-0.125790859805962542422
4.32421593179499701655e-22
6.30482904662936380506e-22
1.20752330216598995578e-21
3.24899472582203243062e-22
5.69913974200301776541e-23
3.682597582744028925e-22
1.17799989742353144879e-23
-4.45910603945173875277e-22
2.2882603442155978665e-22
7.47839391568762085601e-23
7.97323861853742373552e-17
-2.67428368631717121814e-16
6.08568831152659078481e-16
0.839048245392804527939
-8.70143114369912728694e-22
3.28691017472963152321e-22
4.28074990377826367676e-22
4.06569295220029911811e-22
-2.07301796518042430184e-23
-6.37129071570211134661e-23
7.79993038115929308883e-18
4.93415569691447802746e-17
0.380017142053804300647
-9.23313268496410118121e-23
1.48691153700550198118e-22
-2.82850484693593627252e-23
-1.55362186426898937571e-17
-0.13876182848011561211
1.60509965367204199994e-23
0.045487300839468841137
-0.0146978516961133205018
-1.21697452125872111413e-22
-1.98971470263864977307e-22
2.46917303481674724069e-22
-3.38859171681065176476e-23
-0.0209165642256815233601
-7.07280813760295151831e-22
-6.97804825906775469447e-22
2.20975176252227102092e-22
-0.101597205347528806798
1.1419438995256629774e-22
-1.92679916797826463491e-22
0.114085958612989702069
6.7403296940269767218e-23
-0.0613853505433881776979
0.0792280853109379592132
7.0056162694653281892e-22
-6.10995066123352064082e-22
1.09110403617183589756e-22
0.797641621332162936735
1.13589449591692794857e-21
-6.28016334670720202652e-22
-0.246287026680499122642
5.2776734345314904168e-23
0.0759768240887470983316
0.288947050641625380585
7.11498247557077153863e-23
-8.5866063253222479217e-23
0.227108077233163484172
-2.47658842568801037321e-22
-0.0132646313544382856864
-0.132829982915469459561
-1.37539847388239797848e-22
-0.0468573505860700879242
0.0548483461295622230652
0.0583655016180323764964
-0.0538929543379819824235
-0.0195461911262319534697
0.0816534261668030608952
-0.0641278050326085308183
-0.0538929543379819816602
0.0778465511164752081897
-0.0957567030717766530921
0.0414599544817498919311
-0.0195461911262319533986
-0.0957567030717766553632
0.0240362153347108934586
0.0816534261668030624287
0.0414599544817498932627
-0.0641278050326085322396
-0.0941065193573718020837
0.21735021525865205701
-0.176697443620492741796
0.0816534261668030351447
0.217350215258652052866
0.721120507513455373447
-0.0957567030717766272699
-0.176697443620492744548
-0.0957567030717766295414
0.0816534261668030366782
0.0501316271824073395059
0.21735021525865177167
-0.0195461911262319080061
0.217350215258651767527
0.0778465511164750379746
-0.019546191126231907935
-0.0941065193573717361507
-0.0538929543379819242165
-0.0538929543379819234532
0.05836550161803232898
-0.0641278050326084726729
0.0816534261668029731258
-0.0195461911262319114319
-0.0538929543379819556939
0.0583655016180323302682
0.0414599544817498639853
-0.0957567030717765923452
0.0778465511164751225843
-0.0538929543379819231949
0.0240362153347108867358
-0.0957567030717766890617
-0.0195461911262319083999
0.0414599544817499206774
0.0816534261668030384163
-0.0641278050326085331893
0.0816534261668029731256
-0.176697443620492578963
0.21735021525865187055
-0.0941065193573717128645
-0.0957567030717765923456
0.721120507513455704657
0.217350215258651694142
-0.0957567030717766890618
-0.176697443620492696138
0.0816534261668030384163
-0.0195461911262319114318
0.21735021525865187055
0.0501316271824072327206
0.0778465511164751225841
0.217350215258651694142
-0.0195461911262319084
-0.0538929543379819556943
-0.0941065193573717128645
-0.0538929543379819231948
0.0583655016180323302683
-9.84717998434614650852e-17
1.56825572378234370048e-16
-9.21543118728277719779e-17
-2.23950506846633182146e-17
-0.014697851696113245843
4.23294672374134039728e-17
-1.06184914359927154715e-16
1.24874434672703160691e-16
-0.0209165642256815874908
2.13819162502430581845e-17
-5.63799270540558594501e-17
-0.101597205347528775152
1.70882850880597062969e-17
0.114085958612989693875
-0.0613853505433881800474
1.00950467911229147238e-16
-2.58949706695222571883e-16
3.5342526894638538966e-16
0.0792280853109377356378
-6.65003716246527866121e-17
3.06742697027257162077e-16
0.797641621332162761942
-3.80469673998058163471e-17
-0.246287026680499097924
0.0759768240887471001819
-2.33079020911955113036e-18
9.088806162570976251e-17
0.288947050641625235713
8.90853786349173132165e-18
0.227108077233163485408
-0.0132646313544382865118
-2.24688341330142596767e-17
-0.132829982915469430548
-0.0468573505860700888468
0.0548483461295622200766
0.0562985800363922427012
4.6765954673523246702e-23
-1.62697663791805764628e-22
9.46717483928884783202e-23
-3.7116880755485817552e-23
-0.0963896182830136683917
-5.105118366631728828e-22
-2.28535082568061569784e-22
-1.58565635026711221488e-23
0.0245673815392024421598
-2.22977400759649589163e-22
8.75474425638518540441e-24
-0.0963896182830136237128
7.00253687007433666517e-23
0.0562985800363922153742
-0.0963896182830136683921
1.67677596760067823169e-22
-1.72237114401438195558e-22
-1.82259498145466229095e-22
0.445246608323766162702
4.79749572504459095104e-22
5.52457266561880309441e-23
0.445246608323765847447
-1.40886898714531231902e-22
-0.0963896182830136119283
0.0245673815392024421602
-6.65338358426011203281e-23
-1.28778774314024325472e-22
0.445246608323765847447
-2.60583104096455237345e-22
0.0245673815392023926996
-0.0963896182830136237128
-9.43413113636621207274e-23
-0.0963896182830136119283
0.0562985800363922153744
-0.0641278050326084719623
0.0414599544817498633197
0.024036215334710886736
0.0414599544817499213432
-0.0641278050326085339002
0.0816534261668029729545
-0.0957567030717765918068
-0.0957567030717766907951
0.0816534261668030397788
-0.0195461911262319125191
0.0778465511164751265211
-0.0195461911262319094158
-0.0538929543379819574221
-0.0538929543379819241594
0.0583655016180323313672
0.0816534261668029717632
-0.0957567030717765906123
-0.0957567030717766896004
0.0816534261668030385875
-0.176697443620492577586
0.721120507513455704657
-0.176697443620492697514
0.217350215258651879222
0.21735021525865169867
-0.0941065193573717143898
-0.0195461911262319104158
0.0778465511164751186469
-0.0195461911262319073127
0.217350215258651866022
0.21735021525865168547
0.0501316271824072327207
-0.0538929543379819547296
-0.0538929543379819214667
-0.0941065193573717113396
0.0583655016180323291692
-1.06208092725737884961e-16
1.08911303588376858632e-16
-4.48733688875114875486e-18
-2.12390733840946642847e-17
0.0562985800363922156126
1.08911335307113203261e-16
-1.7571153105932353211e-16
5.07824178797013743642e-17
-0.0963896182830136082162
-4.48726554986175206602e-18
5.07815905882733603968e-17
0.0245673815392024055573
-2.12388545631715986767e-17
-0.0963896182830136082163
0.0562985800363922156126
1.08911083387591024597e-16
-1.75712257951514716242e-16
5.0781799514516221085e-17
-0.0963896182830136082165
-1.75712259252776996493e-16
5.26328889699507749183e-16
0.445246608323765779519
5.07815539962355220896e-17
0.445246608323765779519
-0.0963896182830136082164
-4.48708051771950010225e-18
5.0781687449062421033e-17
0.0245673815392024055576
5.07816419388667392133e-17
0.445246608323765779519
0.0245673815392024055576
-2.12392889225167592742e-17
-0.0963896182830136082161
-0.0963896182830136082163
0.0562985800363922156128
-0.061385350543388169271
1.50120563073418924414e-22
1.23302291479564155506e-23
6.95704947683304653618e-23
-2.09363331479620186163e-22
0.114085958612989682312
-2.20727162112683921981e-22
-3.51998581340597468103e-22
-1.41951875765516197742e-22
-0.101597205347528784618
-4.8082186614809183848e-22
-1.01962775785880090693e-22
-0.0209165642256815684834
7.08461852853938414154e-23
-0.0146978516961132756741
0.0759768240887470939711
1.08640821444377187501e-22
1.98326786373656312838e-22
1.35393986488362765265e-22
-0.246287026680499101863
7.91478598504572415715e-23
-2.10066374879349852397e-22
0.797641621332163009783
3.79164580957608071881e-22
0.0792280853109378150717
-0.0132646313544382949598
-2.09036541071730382775e-22
6.8150503200104191551e-23
0.227108077233163585841
-2.89145803103704074782e-23
0.28894705064162534665
-0.046857350586070105422
-6.77832299862113884151e-23
-0.132829982915469460836
0.0548483461295622274986
-9.84716871526157389117e-17
4.23293028543058362854e-17
2.1382175399601707635e-17
1.70880987923674482059e-17
-0.0613853505433881873113
1.56825459554078318533e-16
-1.06185478176935281402e-16
-5.63796869380075178279e-17
0.114085958612989706769
-9.21540318274420409038e-17
1.24872957902634131968e-16
-0.101597205347528783211
-2.23949712589515854556e-17
-0.0209165642256815757107
-0.0146978516961132620248
1.00950366098909583123e-16
-6.65000588552754028583e-17
-3.80467519191917521587e-17
0.0759768240887471084822
-2.58949096825454106995e-16
3.06741215973417432472e-16
-0.246287026680499120469
3.53424817990364955813e-16
0.797641621332162679359
0.0792280853109377910563
-2.33076412792201932662e-18
8.9084873697307926369e-18
-0.0132646313544382868914
9.08878160901425185166e-17
0.227108077233163472174
0.288947050641625305299
-2.24687029924308328906e-17
-0.0468573505860700853493
-0.132829982915469445357
0.0548483461295622236554
-2.44202049181294196118e-17
-1.01539665946171291424e-22
2.5375520370271595412e-22
-3.27540867293965365949e-22
-5.64751974818330718957e-23
4.98549095259761981239e-17
-3.61273379270576308511e-22
1.26180839161354417307e-22
-2.50751920688706338961e-22
-5.17213669115496979385e-17
-1.05077707082719268843e-21
-2.85670411013975990555e-23
3.27524330500743638348e-17
4.84957573707410216329e-22
-0.125790859805962583261
2.30849746966097734153e-17
1.76191784689394156533e-22
6.59446339017030003141e-22
6.54819031373871374805e-23
-7.74287038099819837068e-17
-1.00129884499246582327e-21
2.44378169791959846429e-22
1.76200460611836062983e-16
3.96035219436651691071e-22
0.839048245392804553939
2.25844337919232405773e-18
-1.40204568477340483907e-22
2.53877044220004821626e-22
1.4285731772522141946e-17
1.53544323309342338772e-22
0.380017142053804751006
-4.49825552891321106174e-18
-9.89696370334093000706e-25
-0.138761828480115740539
0.0454873008394688784866
2.42703775482540880759e-22
-2.02519297661003705701e-22
1.93766126680121876229e-23
3.08834299844578917003e-22
2.86100263696226592086e-22
-1.40974075624367387029e-22
-8.59410187833601263869e-22
-6.45368311996551901774e-22
1.0194117464622819804e-22
4.78409895315469273418e-22
2.07147066594026379069e-22
-3.72400188973544663656e-22
1.05796808218331256127e-22
-2.57013671708882996683e-22
-7.41556180886454665683e-23
9.12601956258812852085e-23
8.06727511445126901686e-22
-1.69474152664693875199e-24
2.97794646239757042661e-22
3.44657654648889305451e-22
7.36110253168097367076e-22
-7.85571017541907565129e-22
-3.81829941355608969271e-22
4.31065405607296570848e-22
-3.72350328683171640112e-23
0.999999999999999999999
-2.07191510714126291755e-22
-1.05752440803526668114e-22
-2.04792658684669999119e-22
-5.45681234712247187208e-22
-9.38886205094344494095e-23
2.42260808966551647709e-23
-1.1715248798520110312e-23
1.94961590877945295524e-23
-9.10773528657480656225e-23
0.0548483461295622500312
-0.0468573505860701163867
-0.0132646313544383106519
0.075976824088747124107
-0.0613853505433881886754
-3.54835743242737567522e-23
-2.59661686310637178672e-22
-3.57555409637062508072e-22
4.02266632004385220338e-23
3.72407193735457843141e-22
2.8398962214296467823e-22
-3.0298237923506784459e-22
-1.07794000119542414642e-22
-6.73379460894723228548e-23
-6.6193615458328405944e-23
-0.132829982915469528282
0.227108077233163680906
-0.246287026680499170213
0.114085958612989709505
-1.38047868493886819948e-22
-2.2347865282295149099e-22
-2.80853109140014506807e-22
-8.6748483611005499349e-23
1.6451578026770328715e-22
-1.46808796981138095288e-22
0.288947050641625603247
0.797641621332162754783
-0.101597205347528786758
-4.37700868030094770577e-22
-5.65538816545375161344e-22
8.52939800228729453762e-24
0.0792280853109378424673
-0.0209165642256815845443
1.17950071722821592357e-23
-0.0146978516961132795347
-0.0613853505433881620075
0.0759768240887470856709
-0.0132646313544382945803
-0.0468573505860701089191
0.0548483461295622239198
1.33679814313744306798e-22
2.31936386651069775418e-22
1.43264482348549742166e-22
2.05132601479641183306e-23
6.47963950699853881189e-24
2.98541044910261957217e-22
1.19463957465458821443e-23
-2.03742021873699533552e-22
7.97498556030981161932e-23
-5.87170470090828459231e-23
0.114085958612989669419
-0.24628702668049907932
0.227108077233163599076
-0.132829982915469446027
-9.37594444615651055574e-23
-1.75264665530861139334e-22
9.59567688375730599047e-23
1.86621571160716546799e-22
-8.31529998774365931161e-23
-1.62536959022605920241e-22
-0.101597205347528776559
0.797641621332163092366
0.288947050641625277063
-5.88696203345134574355e-22
-5.18002878160505053557e-22
-3.91682416893646238116e-24
-0.0209165642256815802634
0.0792280853109377596535
2.25354879310334610627e-23
-0.0146978516961132594926
-5.99193621703754074675e-22
3.40590954235138464086e-22
1.93987105028499769458e-23
1.20504610149623186791e-23
4.05712919057981323788e-22
4.20896200026474681345e-22
3.13547620785367152208e-22
8.6067117243485851728e-22
2.06446958757262816851e-22
-1.08520474683408662409e-22
2.06925957133819685705e-22
6.84486482441166748562e-23
-3.63374649397735275754e-22
2.56790074924315277955e-22
-7.41660021873221918792e-23
3.10896301256983899968e-22
-5.12201725340865939455e-22
6.84918083523298454856e-22
1.19956207587879626937e-22
-2.15936178971457088546e-22
7.35593877058121962812e-22
6.68025994387581304243e-22
4.05284488424837092306e-22
-3.54845191312879015741e-22
-3.72392668513180570697e-23
-3.03035689271656943605e-22
-2.07945260527391855626e-22
0.999999999999999999999
-5.98671981849407299484e-22
-1.41708768995764735662e-22
-9.38891051329247198203e-23
-9.62359249103447829388e-23
2.52184192752622744682e-23
1.94941162193167245765e-23
-9.10193892164131990641e-23
0.0548483461295622500313
4.10459104959698717737e-23
-1.59805898422286247516e-22
3.09751752657673894559e-22
6.76492102692303850615e-23
-0.0468573505860701163867
-3.58045995643190569374e-22
-4.14161221699819523011e-22
2.95376867166711251895e-22
-0.0132646313544383106519
-2.54871231869754453628e-24
-2.04513366839035425182e-22
0.0759768240887471241069
1.15066661056366015625e-22
-0.0613853505433881886752
-0.132829982915469528282
4.59071758437795848026e-22
-2.68433250017576639295e-22
2.62682015186364178619e-22
0.227108077233163680906
8.39409166264036886304e-22
-3.76508503914632419497e-22
-0.246287026680499170213
1.81586057764124629967e-23
0.114085958612989709505
0.288947050641625603246
2.68443142238716127996e-22
-1.30448632589982817482e-22
0.797641621332162754783
-1.33556876547667708221e-22
-0.101597205347528786758
0.0792280853109378424672
3.54256078034258183782e-23
-0.0209165642256815845444
-0.0146978516961132795347
-0.056931163762311812778
0.0366408440072816382985
0.0231225778186961904557
0.036640844007281694205
-0.0569311637623118735855
0.0366408440072816357122
-0.0459710323891306359191
-0.0459710323891306742957
0.0366408440072816661749
0.0231225778186961910356
-0.0459710323891306781965
0.0231225778186961967407
0.0366408440072816973013
0.0366408440072816718575
-0.056931163762311879766
0.106682621624323110742
-0.123281754487371888199
-0.123281754487372038469
0.10668262162432320988
-0.12328175448737187979
0.438233217022454133731
-0.123281754487371947328
-0.123281754487372045334
-0.123281754487371962602
0.106682621624323219956
-0.0933423213562506814396
0.426572117112481933749
-0.0933423213562507426069
0.426572117112481897623
0.426572117112481542211
-0.0933423213562507488242
-0.000301219237038487518663
-0.00030121923703852204631
-0.000301219237038525555916
0.00211750642577939457904
-9.8471607466362004043e-17
1.00950441540788903886e-16
-2.3311078465986621544e-18
-2.24685896345462156283e-17
0.0548483461295622236554
4.23294260379809968013e-17
-6.64996402349795488135e-17
8.90931028151946578873e-18
-0.0468573505860700853494
2.13818173653765483608e-17
-3.80470653978395706298e-17
-0.0132646313544382868915
1.70883434753047939799e-17
0.0759768240887471084824
-0.0613853505433881873111
1.56825535691934181027e-16
-2.5894920164542384899e-16
9.08882705428483588583e-17
-0.132829982915469445357
-1.06185832432200292546e-16
3.06742322920524246223e-16
0.227108077233163472174
-5.63797670157051836467e-17
-0.246287026680499120469
0.114085958612989706768
-9.2154441920339800855e-17
3.53424869276954970984e-16
0.288947050641625305299
1.24873395306153778441e-16
0.797641621332162679358
-0.101597205347528783211
-2.23949282462509641436e-17
0.0792280853109377910564
-0.0209165642256815757108
-0.014697851696113262025
-0.0613853505433881620074
1.73942144576289757605e-22
-5.18933357843546670463e-23
-2.50501139351271325287e-23
2.43864689553806021912e-23
0.0759768240887470856707
-8.30192342041533264548e-23
-1.24289003918404502099e-22
-1.44335384627963984146e-22
-0.0132646313544382945803
-4.25598276056483238906e-22
1.06475898180615717639e-22
-0.0468573505860701089194
-3.529212015752769592e-23
0.0548483461295622239197
0.114085958612989669418
-7.02811439718308746659e-23
-3.95277261523405380346e-24
-7.16680101593238945378e-23
-0.246287026680499079319
-4.49891371557832852013e-23
-2.23742757837596896482e-23
0.227108077233163599075
-2.77401269350494429953e-22
-0.132829982915469446027
-0.101597205347528776559
-2.75299110807146155345e-22
4.97453922382027847861e-23
0.797641621332163092366
-4.69154602895063767772e-22
0.288947050641625277063
-0.0209165642256815802634
2.84045849905977632645e-23
0.0792280853109377596535
-0.0146978516961132594926
-9.8471701204396659376e-17
4.23293126180871091473e-17
2.13821265001637863611e-17
1.70879841563186911422e-17
-0.0613853505433881800475
1.00950519762452170615e-16
-6.6499953756811780071e-17
-3.80467406450820599943e-17
0.075976824088747100182
-2.33093968743177517747e-18
8.9082954440521738096e-18
-0.0132646313544382865117
-2.24684120357746391932e-17
-0.046857350586070088847
0.0548483461295622200764
1.56825448438619238132e-16
-1.06185917037129093679e-16
-5.63800235625388338175e-17
0.114085958612989693875
-2.58949405490760858337e-16
3.06741772746750251342e-16
-0.246287026680499097924
9.08879479616385309246e-17
0.227108077233163485408
-0.132829982915469430548
-9.21542999286166932963e-17
1.24873413221904838555e-16
-0.101597205347528775152
3.53424773184915990049e-16
0.797641621332162761941
0.288947050641625235713
-2.23949614893358326647e-17
-0.0209165642256815874907
0.0792280853109377356381
-0.0146978516961132458433
-3.0561669887747833273e-23
5.11664617143220806631e-25
2.51690190974570041006e-22
-4.13219967097223628293e-22
-8.49713942383310357093e-23
-1.46414265023725370028e-22
-2.62141829639788720439e-22
-9.16119475274004865379e-23
-2.56097074637567420819e-22
1.36530639099316096182e-22
-6.54502311704906276655e-22
-3.02660112601733829345e-23
1.18994160032513063351e-23
4.0354684051773721566e-23
-5.73663732609380247702e-23
-4.05382925630830471022e-22
-3.2660307937620871967e-22
-5.31740081069487337782e-23
-3.81598422177684033632e-22
4.21071237333405723169e-22
-3.32978755451462145515e-22
4.2325344482480055237e-22
-1.5275575740069848655e-22
-1.65539688868015839793e-22
7.08412551840913652049e-23
-3.42531985461764603929e-23
-7.78143040138464906594e-22
-1.75305945748781372408e-23
-5.31929444771946379905e-22
-1.65538309471509136603e-22
1.0
-6.07952622960568890414e-23
-6.67526594753593038589e-24
-1.45748027469446818457e-22
-7.5664732173153564737e-23
0.0454873008394688973366
8.93010220344293718617e-23
-2.28340351539623661094e-22
2.99165524029611591813e-22
3.1858059232385954707e-22
-1.66524682343024582647e-22
-3.62587868043907203963e-22
-4.17117661478291431557e-22
2.81411818687384954009e-22
3.73595571355183683025e-22
2.2842613379715557038e-22
-4.89488006425888439828e-22
1.38167483656058336994e-22
4.91578913172075859245e-24
-1.37225177776511646083e-22
-0.138761828480115804493
5.02359154672024258844e-22
2.10863037369473134263e-22
-4.0690049883932174464e-23
1.90707318345680133021e-22
3.22455893743977054591e-22
2.13840745425932439153e-22
-6.80400561655003152277e-22
1.38873539563405794779e-22
-1.1971858634532574633e-22
0.380017142053804975235
-8.64402917273039356943e-22
6.58952813236258377635e-23
-4.26029197278663759529e-22
-3.31383256007818789835e-22
-1.26022715152341679261e-22
0.839048245392804535795
3.16985450974493735285e-22
1.1096349405251025634e-23
-0.125790859805962603875
-0.0439633142448621810725
0.0262423958074537240001
0.0205599855534619636629
0.0262423958074537755092
-0.0439633142448622403455
2.99035326667649186604e-23
4.05587555910148396163e-23
-5.78721006299130444527e-23
2.00049890378971146194e-23
9.16904583124458056888e-23
2.69591489524628357954e-22
-1.27319570631698939982e-22
-5.43860692429847902992e-24
1.88016188857858350575e-22
-8.59354567216956249414e-23
0.107004860653347952078
-0.121219877572828551399
-0.121219877572828718939
0.10700486065334807588
2.29685404953209003619e-23
-3.59989220327998577052e-22
3.72338823340159549801e-23
-2.84097851060301687668e-22
-2.85837437232201446192e-22
-2.3847282241501437854e-22
-0.159413019081434207387
0.599893520109170602465
-0.159413019081434336143
-6.9042690264327614742e-22
-5.56697520890424101123e-22
-1.05368748700827987167e-22
0.413198612155949997858
0.413198612155949354517
1.64810966139540869767e-23
-0.064152821097885210684
-8.4343757384633108463e-17
7.97317464928568427532e-17
7.79927634272975870183e-18
-1.55359178461917765481e-17
0.04548730083946886889
2.67934862051160593383e-22
1.8093004855037927112e-22
5.07642742167448617105e-22
-3.15873072393343738339e-23
-2.54916237572268332182e-22
2.43830748355889702464e-22
1.38598684446543991738e-22
-1.42074864745156937898e-22
3.63956221558290568966e-22
-1.41433360363795054978e-22
1.72192264215989309188e-16
-2.67427783540384241565e-16
4.93419758051774803042e-17
-0.138761828480115700949
3.96532957164511783722e-22
3.00737557106101832928e-22
3.44211018686440369563e-22
6.34290055551873431358e-23
-6.82197915548727584505e-22
-1.15977534753957053143e-22
-1.78638676770563562814e-16
6.0856734644176049321e-16
0.380017142053804611875
-3.0808402509904712361e-22
-4.17370837903278053871e-22
-1.3111642574112488065e-22
1.13122772320050723561e-16
0.839048245392804308161
7.83220678310341434293e-23
-0.125790859805962572788
-0.0439633142448621810725
1.54571627106725087622e-22
-1.42138083271272186071e-22
1.1359379815507802231e-22
3.87776013946623388641e-23
0.026242395807453724
-6.82991728068032486182e-23
-1.529410269390715526e-22
1.49068458552257092578e-22
0.0205599855534619636632
-6.18754471296300089316e-23
-8.09431488953854182733e-23
0.0262423958074537755091
-3.97089972913195672804e-23
-0.0439633142448622403454
0.107004860653347952078
-4.31679786626957921103e-23
-1.61754406610005427055e-22
1.96058959702453376747e-22
-0.121219877572828551399
-2.67982447509376068929e-23
-1.54204208404498917487e-22
-0.121219877572828718939
-3.31920601459403072148e-24
0.10700486065334807588
-0.159413019081434207387
-1.88928850821202488311e-22
-1.48210229170520476443e-22
0.599893520109170602464
-1.52985463355504365076e-22
-0.159413019081434336144
0.413198612155949997857
2.33742394253995971296e-22
0.413198612155949354517
-0.0641528210978852106839
-1.6734842754975717632e-16
7.37507521795478172942e-17
3.97812474317662478836e-17
2.88031219611459655748e-17
-0.0439633142448622243275
7.37508930905663203729e-17
-4.76384066229946791592e-17
-2.99021608009424246362e-17
0.0262423958074537398205
3.97811593445690841417e-17
-2.99025023075945866327e-17
0.0205599855534619624817
2.88033361751200754224e-17
0.0262423958074537567361
-0.0439633142448622437928
3.5325211364239023583e-16
-2.52629224489897413696e-16
-1.31406202739508474012e-16
0.107004860653348038563
-2.52629056276100672756e-16
2.81698554247122396695e-16
-0.121219877572828570937
-1.3140609317008533974e-16
-0.121219877572828625958
0.10700486065334807922
-3.93647681064749883981e-16
5.75906399666291213251e-16
-0.159413019081434282078
5.75906041302508776557e-16
0.599893520109170085987
-0.159413019081434324361
3.46379525727788414401e-16
0.413198612155949521711
0.413198612155949310439
-0.0641528210978852048104
-2.44202797641709411441e-17
-7.31597060015634126503e-24
1.03182596908845780876e-22
-3.68681667923145952696e-22
-5.90459550700769498906e-23
2.30849695867198933958e-17
-8.74546233853649511017e-23
2.07921701203081247511e-23
-7.97168511875851028788e-23
2.25817412060974349868e-18
-4.51527800523526689406e-22
1.09990937349962678744e-22
-4.49821162429468477134e-18
-3.25557845414142061183e-22
0.0454873008394688507336
4.98549142110730467262e-17
-7.40704040000970828122e-22
-5.97695185363686635656e-22
-4.05532238779327243406e-22
-7.74288967410313641999e-17
-3.47380725219673893044e-22
2.06403524649734444367e-22
1.42858883843274815586e-17
-1.22578206288123546403e-22
-0.138761828480115651701
-5.17222968066436889742e-17
-4.71890060260307427052e-22
-6.58987449643953285185e-22
1.76199482675593713854e-16
-7.17200453178804444516e-22
0.380017142053804439779
3.27527817654017405115e-17
-4.3008889149860017348e-23
0.839048245392804773716
-0.125790859805962552896
-0.0321529894687418714534
7.49705882518285658052e-23
-3.14326392899205593341e-22
1.99148010521056347814e-22
6.45888477449461234757e-23
-6.53630451157274225625e-23
-2.31979207976242408604e-22
-3.32959154210060023314e-22
1.58377634330731978544e-22
7.36032499021790577772e-23
3.26278984117077899177e-22
-3.83816245361994721245e-22
8.0602296228276322513e-23
5.81435810083797753864e-23
-4.66640746771311673807e-24
0.0924723125991177494942
3.96967412696678541032e-22
3.15214404748522606798e-22
8.80814747749720342723e-23
1.25163879201196021029e-22
-4.38130095557394011438e-22
5.2050633914824903658e-22
-8.18255851675859979533e-22
-5.16385904432197392077e-22
-2.97516557939794104274e-22
-0.189016223780159171927
-9.95042166880493418343e-22
4.3437884658809499839e-22
-1.58088462002525640873e-21
-1.86446074130533954449e-22
-4.95683982666130417298e-22
0.782080572600222620567
1.02287462902546152425e-22
-5.06527907434318297779e-22
0.346616328049560673319
-1.33433129701055724268e-22
-8.72067878214714241944e-23
-2.55082459023817712016e-22
-1.44079229320519232894e-22
-0.0321529894687418714532
1.1251357134598854567e-22
-9.44226922654056965125e-23
-2.34598490561060344792e-24
-2.69669902815322601293e-23
-2.72842915318995277199e-22
3.28704319651528688024e-22
-3.91977283987389015517e-23
-2.1503103597167673764e-23
1.8453367206304460508e-22
-4.34795234201773518164e-24
1.29648048520946283278e-22
9.98584635678461728303e-23
3.53332078966379753795e-22
0.0924723125991177494942
5.66306399431791379931e-22
-4.48599409887174215665e-22
1.31984443764033677408e-22
-5.10862951900712356022e-22
-8.2322946966379006017e-22
-2.97718798360037577607e-22
1.78935230811918549604e-23
-5.53287155317296667916e-22
-0.189016223780159171927
-9.05837073266539743706e-22
-8.60746027939271925943e-22
-4.95755465776798417373e-22
7.10109963386745749342e-22
0.782080572600222620566
-5.0672956454435666745e-22
0.346616328049560673319
-7.03507777733266377607e-23
-6.60450275632217009724e-23
-1.44725682885945664127e-22
-1.3588118659242603995e-22
-3.24167309077062607332e-24
1.00075259396080507976e-23
-1.29789214717347484752e-22
-8.74538972300590008137e-23
5.83010429999804534218e-24
-1.06610820089363311745e-22
8.75627198154315657086e-23
-1.37438653847419783941e-23
-1.48695022185141775391e-22
-1.98988304968455244869e-22
-0.0321529894687418714533
-1.19406558468349872169e-22
-1.10750313684191368172e-22
-1.38119824741941634686e-23
-1.98177990793566893037e-22
1.86769022628287097706e-22
-7.057183245845758252e-22
2.35964100733129420073e-22
-4.26533141197143503492e-22
-3.94913158319857449627e-22
0.0924723125991177494944
-2.07442937455020763944e-22
-6.71500601848821587505e-22
-7.93070074272082870203e-23
-1.42555661564575338025e-21
-8.61848717277759977935e-22
-0.189016223780159171928
1.55695735182590411335e-22
-6.23695795848853408684e-22
0.782080572600222620569
0.346616328049560673318
-9.45757256870396827027e-23
-1.02142501399296693604e-22
-3.06906808163025329817e-22
6.46024343822658845866e-23
2.44461614672380474051e-23
2.73629714852271913579e-23
-2.20456580479298882589e-22
-2.20456580479298882589e-22
6.06563489133199353911e-23
-1.87170692036343979834e-22
5.36239123829859436827e-22
-2.29239472408300688736e-22
7.09224388253622432852e-23
4.71144219010397962584e-24
6.10416451698487828122e-23
-1.37130032973419057589e-22
7.04225074559007445273e-22
7.95919080829586016965e-22
-1.37130032973419057589e-22
5.24064969374662651788e-22
-9.6511090259796377685e-22
5.24064969374662651788e-22
-1.07639825795067031104e-21
-1.07639825795067031104e-21
-2.67584911248608828726e-22
9.68092145625953850653e-22
-1.66833788838166351805e-21
9.68092145625953850653e-22
-2.16301744602755441415e-21
-8.65048023209046498714e-22
-1.13905357610291571914e-21
-3.44935161033788873155e-22
-1.09950689205947442813e-21
-8.22065056713911013895e-22
1.0
