0.866025403784438646764
-1.11803398874989486889
1.32287565553229538398
-1.50000000000000013651
1.65831239517769994826
-1.581138830084189666
1.87082869338697067202
-2.12132034355964253329
2.3452078799117145243
2.2912878474779199503
-2.59807621135331585959
2.87228132326901409123
-2.99999999999999991847
3.31662479035539965669
3.70809924354783173251
-2.7386127875258306433
3.24037034920393016944
-3.67423461417476718015
4.0620192023179798548
3.96862696659688610605
-4.50000000000000021411
4.97493718553309975148
-5.19615242270663194404
5.74456264653802855284
6.42261628933256472425
5.12347538297979951157
-5.8094750193111256445
6.42261628933256452597
-6.70820393249936950815
7.41619848709566318313
8.29156197588849984001
-7.93725393319377331974
8.77496438739212350142
9.81070843517429337563
11.1242977306434988829
0.866025403784438646764
-1.11803398874989486889
1.32287565553229538398
-1.50000000000000013651
1.65831239517769994826
-1.581138830084189666
1.87082869338697067202
-2.12132034355964253329
2.3452078799117145243
2.2912878474779199503
-2.59807621135331585959
2.87228132326901409123
-2.99999999999999991847
3.31662479035539965669
3.70809924354783173251
-2.2736617788580023165
2.69023289670162747432
-3.0504373772217523468
3.37238540890678974774
3.29484894308425693643
-3.73600753325355143261
4.13031173391441796856
-4.31396991003681514647
4.7692731828251182471
5.33220952003187372701
2.73546232717673023789
-3.10172273078384143938
3.42908350057551196814
-3.5815609071392639884
3.95956456426195225531
4.42692776349452980059
-1.47068412770673414385
1.62590247891145369269
1.81781423381571436914
-1.45979848128908367901
0.866025403784438646764
-1.11803398874989486889
1.32287565553229538398
-1.50000000000000013651
1.65831239517769994826
-1.581138830084189666
1.87082869338697067202
-2.12132034355964253329
2.3452078799117145243
2.2912878474779199503
-2.59807621135331585959
2.87228132326901409123
-2.99999999999999991847
3.31662479035539965669
3.70809924354783173251
-1.28399530121495521676
1.51924372862253966827
-1.72266046578417487287
1.90447280206165797795
1.86068596502429063305
-2.10981957061821422375
2.3324932970297847043
-2.43620979407593316871
2.69333126584628781125
3.01123589817892875389
-0.872380369729529724889
0.989186360125249512838
-1.09358666809094218387
1.14221402259403780848
-1.26276511440898282542
-1.41181431771689237747
3.53698547609674260041
-3.91028457104981756318
-4.37183105611799914516
-2.64669159007793585573
0.866025403784438646764
-1.11803398874989486889
1.32287565553229538398
-1.50000000000000013651
1.65831239517769994826
-1.581138830084189666
1.87082869338697067202
-2.12132034355964253329
2.3452078799117145243
2.2912878474779199503
-2.59807621135331585959
2.87228132326901409123
-2.99999999999999991847
3.31662479035539965669
3.70809924354783173251
0.0
0.0
0.0
0.0
0.0
0.0
0.0
0.0
0.0
0.0
-2.56173769148989954248
2.90473750965556258038
-3.21130814466628199559
3.35410196624968447479
-3.7080992435478312828
-4.1457809879442495748
0.0
0.0
0.0
4.17161164899131000018
0.866025403784438646764
-1.11803398874989486889
1.32287565553229538398
-1.50000000000000013651
1.65831239517769994826
-1.581138830084189666
1.87082869338697067202
-2.12132034355964253329
2.3452078799117145243
2.2912878474779199503
-2.59807621135331585959
2.87228132326901409123
-2.99999999999999991847
3.31662479035539965669
3.70809924354783173251
1.28399530121495521676
-1.51924372862253966827
1.72266046578417487287
-1.90447280206165797795
-1.86068596502429063305
2.10981957061821422375
-2.3324932970297847043
2.43620979407593316871
-2.69333126584628781125
-3.01123589817892875389
-0.872380369729529724887
0.989186360125249512837
-1.09358666809094218387
1.14221402259403780848
-1.26276511440898282542
-1.41181431771689237747
-3.53698547609674260041
3.91028457104981756318
4.37183105611799914516
-2.64669159007793585573
0.866025403784438646764
-1.11803398874989486889
1.32287565553229538398
-1.50000000000000013651
1.65831239517769994826
-1.581138830084189666
1.87082869338697067202
-2.12132034355964253329
2.3452078799117145243
2.2912878474779199503
-2.59807621135331585959
2.87228132326901409123
-2.99999999999999991847
3.31662479035539965669
3.70809924354783173251
2.2736617788580023165
-2.69023289670162747432
3.0504373772217523468
-3.37238540890678974774
-3.29484894308425693643
3.7360075332535514326
-4.13031173391441796856
4.31396991003681514647
-4.7692731828251182471
-5.33220952003187372701
2.73546232717673023789
-3.10172273078384143937
3.42908350057551196813
-3.58156090713926398839
3.9595645642619522553
4.42692776349452980058
1.47068412770673414384
-1.62590247891145369268
-1.81781423381571436913
-1.45979848128908367902
0.866025403784438646764
-1.11803398874989486889
1.32287565553229538398
-1.50000000000000013651
1.65831239517769994826
-1.581138830084189666
1.87082869338697067202
-2.12132034355964253329
2.3452078799117145243
2.2912878474779199503
-2.59807621135331585959
2.87228132326901409123
-2.99999999999999991847
3.31662479035539965669
3.70809924354783173251
2.7386127875258306433
-3.24037034920393016945
3.67423461417476718015
-4.0620192023179798548
-3.96862696659688610606
4.50000000000000021411
-4.97493718553309975148
5.19615242270663194404
-5.74456264653802855284
-6.42261628933256472425
5.12347538297979951158
-5.8094750193111256445
6.42261628933256452597
-6.70820393249936950816
7.41619848709566318314
8.29156197588849984001
7.93725393319377331976
-8.77496438739212350144
-9.81070843517429337565
11.124297730643498883
0.866025403784438646764
-1.11803398874989486889
1.32287565553229538398
-1.50000000000000013651
1.65831239517769994826
-1.17847944506265161727
1.3943956839467215565
-1.58109608954779072476
1.74796749550939448404
0.900373929416103335107
-1.02092807322901394068
1.12867845228037349663
-0.0886164679074677584552
0.0979691914318804213592
-0.963505397470400908393
-2.5061372831919164799
2.96530162295277882188
-3.36233599569825976347
3.71720230561238480127
2.09028215556537645875
-2.37015718010657709721
2.62030735352677384592
-0.630849143283235583317
0.697429969195881584283
-1.34433830350016453181
4.2905513629951275963
-4.86502795450042494884
5.3784907732227102707
-2.27955060987279531263
2.52013802119129446336
-0.685982726049726707706
-6.0826517421929378429
6.72462451975185316731
1.7743893085235273137
7.80134540572975077189
0.866025403784438646764
-1.11803398874989486889
1.32287565553229538398
-1.50000000000000013651
1.65831239517769994826
-1.04423844816375329259
1.23555959438337943216
-1.40099289288782565764
1.54885591988782983809
0.510059330948942657393
-0.578352918676668399659
0.639393209219146283042
0.516175928564781098784
-0.570653960287556969161
-1.50699243895045052176
-1.80867404743649987496
2.14005199325120654373
-2.42659087152461573301
2.6826971468495516494
1.13767188195362326366
-1.28999865996005094249
1.42614717838291682399
0.30617069884808744005
-0.338484443293334745538
-1.7925161389395149803
1.33744778507492505986
-1.51652324178960673907
1.6765795262898485149
-0.363675119463039862551
0.40205797228219318076
-0.757120661715115485077
0.467683467682964569632
-0.517043527652232912782
0.0108081299670313099097
-2.47037663034572868978
0.866025403784438646764
-1.11803398874989486889
1.32287565553229538398
-1.50000000000000013651
1.65831239517769994826
-1.00891935738428530512
1.19376948259980530858
-1.35360736015599978642
1.49646924236697287021
0.413465334751412176506
-0.468825622070703679946
0.518306226837829144025
0.648272955762949278009
-0.716692718666788994437
-1.58762263995142264082
-0.657082664021437140241
0.777470692888492335091
-0.881568902153153249002
0.97461109176251387891
0.377860637368095414338
-0.428453690021288685353
0.473673376614617994807
0.177044376414115637904
-0.195729922602689585718
-0.706339365816650651503
-1.53853023453233480737
1.74452930791133007109
-1.92864971670675519579
0.313359037821628146539
-0.346431451040375743894
1.01152488573057804213
1.93488923318190861499
-2.13910053245428927854
0.204983200978180015625
0.798738491075295533034
0.866025403784438646764
-1.11803398874989486889
1.32287565553229538398
-1.50000000000000013651
1.65831239517769994826
-1.00891935738428518136
1.19376948259980516215
-1.35360736015599962038
1.49646924236697268664
0.413465334751411842495
-0.468825622070703301213
0.51830622683782872532
0.648272955762949721876
-0.716692718666789485151
-1.58762263995142288217
0.657082664021436691709
-0.77747069288849180438
0.881568902153152647233
-0.974611091762513213629
-0.377860637368095032189
0.428453690021288252038
-0.473673376614617515759
-0.177044376414115742576
0.195729922602689701437
0.706339365816650346278
-1.53853023453233529382
1.74452930791133062268
-1.92864971670675580559
0.313359037821627877723
-0.346431451040375446706
1.01152488573057883711
-1.93488923318190753732
2.13910053245428808713
-0.20498320097818046303
0.798738491075297442069
0.866025403784438646764
-1.11803398874989486889
1.32287565553229538398
-1.50000000000000013651
1.65831239517769994826
-1.04423844816375300756
1.2355595943833790949
-1.40099289288782527524
1.54885591988782941532
0.510059330948941867615
-0.578352918676667504134
0.639393209219145293002
0.516175928564782208925
-0.570653960287558196468
-1.50699243895045126933
1.80867404743649936884
-2.14005199325120594487
2.42659087152461505397
-2.68269714684955089869
-1.13767188195362215782
1.28999865996004968859
-1.42614717838291543775
-0.306170698848088848591
0.338484443293336302739
1.79251613893951580736
1.33744778507492345684
-1.51652324178960492141
1.67657952628984650541
-0.363675119463038690089
0.402057972282191884554
-0.75712066171511559865
-0.46768346768296679984
0.517043527652235378369
-0.0108081299670316740748
-2.47037663034572980531
0.866025403784438646764
-1.11803398874989486889
1.32287565553229538398
-1.50000000000000013651
1.65831239517769994826
-1.17847944506265161727
1.3943956839467215565
-1.58109608954779072476
1.74796749550939448404
0.900373929416103335107
-1.02092807322901394068
1.12867845228037349663
-0.0886164679074677584552
0.0979691914318804213592
-0.963505397470400908393
2.5061372831919164799
-2.96530162295277882188
3.36233599569825976348
-3.71720230561238480127
-2.09028215556537645875
2.37015718010657709721
-2.62030735352677384592
0.630849143283235583317
-0.697429969195881584283
1.34433830350016453181
4.2905513629951275963
-4.86502795450042494884
5.3784907732227102707
-2.27955060987279531263
2.52013802119129446336
-0.685982726049726707706
6.08265174219293784291
-6.72462451975185316731
-1.7743893085235273137
7.80134540572975077191
0.866025403784438646764
-1.11803398874989486889
1.32287565553229538398
-1.50000000000000013651
1.65831239517769994826
-0.32140313414990865389
0.380289316833825673152
-0.431207553684407891857
0.476717887446071340918
-0.960738863275368781556
1.08937547447207630492
-1.20434990154642137563
1.39606915499729830229
-1.54341252283818485222
-0.207544826690510015249
-2.01130404437039293003
2.37980703891323491886
-2.69844753997947102651
2.98324600218981891637
-0.955651780273606416991
1.08360726453433037537
-1.19797290552125386676
2.69334162685658117093
-2.97760120284289327282
-1.06579369712367477884
2.76349602521517049604
-3.13350995650063807677
3.46422560085182877371
3.10819591546684182742
-3.43623987550624135643
-3.17584544726227439116
-3.14421011366339411716
3.47605506968739404096
-5.40272453471644242044
3.23639099856320161321
0.866025403784438646764
-1.11803398874989486889
1.32287565553229538398
-1.50000000000000013651
1.65831239517769994826
-0.0645906007367771099208
0.076424629439421244074
-0.086657384372988969418
0.095803343092937272701
-1.22708889240116093195
1.39138801965564336173
-1.53823733299780429633
1.01923012872583861397
-1.12680130400308053012
0.750302466989385046246
-1.20229112587538052335
1.42257004463828285932
-1.6130428117212642883
1.78328592575310746806
-1.04290099963197940012
1.18253858018009210782
-1.30734559019232332605
1.57403418971581691708
-1.74016027149281759827
0.358419287950609660387
0.295665151811557397196
-0.335252769874945366768
0.37063588253418590976
0.479256128918861277428
-0.529837586034019572724
-0.208426580037987794957
0.739927459186475803327
-0.818020584734182971238
1.71706661732116869583
-1.01954266478597285431
0.866025403784438646764
-1.11803398874989486889
1.32287565553229538398
-1.50000000000000013651
1.65831239517769994826
-1.22167144951527002538e-16
1.44550115281345842836e-16
-1.63904424437210773664e-16
1.8120315911246220323e-16
-1.27293769304328867071
1.44337567297406415036
-1.59571184626056314513
0.888888888888889089579
-0.982703641586785332043
0.961359063142029827361
-2.11600281995491651034e-16
2.50368830082341164525e-16
-2.83891568760026502627e-16
3.13853938240796132173e-16
-2.04425293733106329136e-16
2.31796495246770043098e-16
-2.56260667484311697265e-16
2.67655537855869049686e-16
-2.95904330709561149191e-16
1.10277033050526150755e-16
-1.13855008510662210685
1.29099444873580569103
-1.42724806429612544165
-1.98761597999981290692
2.19739214432464063284
0.614189775991740871058
4.08850587466212788066e-16
-4.52001331313936671864e-16
1.01070570273836661989e-15
0.824022054121740374287
0.866025403784438646764
-1.11803398874989486889
1.32287565553229538398
-1.50000000000000013651
1.65831239517769994826
-0.0645906007367770208817
0.0764246294394211387214
-0.0866573843729888499594
0.0958033430929371406346
-1.22708889240116100101
1.39138801965564344003
-1.5382373329978043829
1.01923012872583844269
-1.12680130400308034076
0.750302466989385348948
1.20229112587538028161
-1.4225700446382825733
1.61304281172126396398
-1.78328592575310710951
1.04290099963197935396
-1.18253858018009205548
1.30734559019232326818
-1.57403418971581653945
1.74016027149281718079
-0.358419287950609956342
0.295665151811556866998
-0.33525276987494476558
0.370635882534185245122
0.479256128918860468874
-0.529837586034018678834
-0.20842658003798735815
-0.739927459186476196223
0.818020584734183405601
-1.71706661732116976209
-1.01954266478597270532
0.866025403784438646764
-1.11803398874989486889
1.32287565553229538398
-1.50000000000000013651
1.65831239517769994826
-0.321403134149908574834
0.380289316833825579611
-0.431207553684407785791
0.476717887446071223658
-0.960738863275368884224
1.08937547447207642134
-1.20434990154642150433
1.39606915499729822749
-1.54341252283818476952
-0.207544826690509708149
2.01130404437039258034
-2.3798070389132345051
2.69844753997947055735
-2.9832460021898183977
0.955651780273606493726
-1.08360726453433046238
1.19797290552125396296
-2.69334162685658075645
2.9776012028428928146
1.06579369712367413418
2.76349602521516911735
-3.13350995650063651348
3.46422560085182704542
3.10819591546684069889
-3.43623987550624010879
-3.17584544726227257408
3.14421011366339105125
-3.47605506968739065147
5.40272453471643773522
3.23639099856319642701
0.866025403784438646764
-1.11803398874989486889
1.32287565553229538398
-1.50000000000000013651
1.65831239517769994826
0.790569415042094833
-0.935414346693485336011
1.06066017177982126665
-1.17260393995585726215
-1.14564392373895986915
1.29903810567665780961
-1.43614066163450691275
-1.12500000000000011883
1.24373429638327503643
1.39053721633043663328
-1.36930639376291532165
1.62018517460196508472
-1.83711730708738359008
2.0310096011589899274
-2.97647022494766457954
3.37500000000000016058
-3.73120288914982481361
-0.64951905283832928073
0.718070330817253887198
3.21130814466628248971
1.28086884574494987789
-1.45236875482778141112
1.60565407233314113149
4.19262745781210594259
-4.63512405443478948946
4.14578098794425065973
-0.992156741649221664967
1.09687054842401543768
-4.29218494038875335184
0.695268608165218680183
0.866025403784438646764
-1.11803398874989486889
1.32287565553229538398
-1.50000000000000013651
1.65831239517769994826
1.07350995812106199943
-1.2701941120392260609
1.44026474452898819824
-1.59227258545990952645
-0.79077301099989468793
0.896652313117485115969
-0.991286430004987753368
-1.69371266157385685274
1.87246980037155970161
0.477870028490913862225
-0.545208461853943707475
0.645099351749790908029
-0.731473909568111474483
0.808674833990594070264
-1.42076163700007522941
1.61099227020138126368
-1.78101896680694184102
-0.891249907952002348674
0.9853138463718597038
1.0647586537672612444
-0.192150833426426757626
0.217878565482909577628
-0.240873817189230066061
-0.734008770716753287045
0.811477228432492183803
-1.03274257928103337503
0.303042758983103093126
-0.335026375660352076536
1.51208341634298868068
-0.0872959501217157533516
0.866025403784438646764
-1.11803398874989486889
1.32287565553229538398
-1.50000000000000013651
1.65831239517769994826
1.07350995812106196431
-1.27019411203922601935
1.44026474452898815112
-1.59227258545990947437
-0.790773010999894742093
0.896652313117485177384
-0.991286430004987821265
-1.69371266157385679762
1.87246980037155964067
0.477870028490914002215
0.545208461853943265769
-0.645099351749790385396
0.731473909568110881874
-0.808674833990593415109
1.42076163700007404912
-1.61099227020137992536
1.78101896680694036145
0.891249907952001538509
-0.985313846371858808129
-1.06475865376726043769
-0.192150833426427267866
0.217878565482910156186
-0.24087381718923070568
-0.734008770716755223103
0.811477228432494324196
-1.03274257928103606146
-0.303042758983103116759
0.335026375660352102664
-1.51208341634298877364
-0.0872959501217154818544
0.866025403784438646764
-1.11803398874989486889
1.32287565553229538398
-1.50000000000000013651
1.65831239517769994826
0.790569415042094833
-0.935414346693485336011
1.06066017177982126665
-1.17260393995585726215
-1.14564392373895986915
1.29903810567665780961
-1.43614066163450691275
-1.12500000000000011883
1.24373429638327503643
1.39053721633043663328
1.36930639376291532165
-1.62018517460196508472
1.83711730708738359008
-2.0310096011589899274
2.97647022494766457954
-3.37500000000000016059
3.73120288914982481361
0.649519052838329280731
-0.718070330817253887198
-3.21130814466628248971
1.28086884574494987789
-1.45236875482778141113
1.60565407233314113149
4.1926274578121059426
-4.63512405443478948946
4.14578098794425065974
0.992156741649221664969
-1.09687054842401543768
4.29218494038875335185
0.695268608165218680186
0.866025403784438646764
-1.11803398874989486889
1.32287565553229538398
-1.50000000000000013651
1.65831239517769994826
1.90254196423409831989
-2.25111801022079634517
2.55252789724405042515
-2.82192576735778586522
1.18779622229289654925
-1.34683431960385667384
1.48898136429986616853
-1.1731032546841733014
1.29691444537737779727
-2.74801049839286305447
-0.72730874315543771327
0.860563310290695250587
-0.975787074195296153642
1.07877320012816093843
-2.81633774529789705004
3.19342683515254459912
-3.53046620255103857106
-4.84904024947876846714
5.36081570028413858461
-4.07702959530260476514
0.361360773528185881234
-0.409744602998362452381
0.452989702672900112777
1.95922708467389996621
-2.1660070396550648346
5.0684424386193362035
-0.14867392422934481062
0.16436520759282177313
-1.03089347859844277726
0.0553382359128424496324
0.866025403784438646764
-1.11803398874989486889
1.32287565553229538398
-1.50000000000000013651
1.65831239517769994826
2.08847689632750576532
-2.47111918876675789425
2.80198578577565021534
-3.09771183977565846014
1.82372966553972482006
-2.06791506584104894415
2.28616612390594715774
-0.367662748424818832163
0.406466461971984945907
-2.73744579975045322606
-4.20218624008615353795e-16
4.97209381195861640229e-16
-5.63782445216813451344e-16
6.23284944724422815657e-16
-1.74655169935858980817e-15
1.98040347789431897702e-15
-2.18941842323011669158e-15
-3.41636118391980406192e-15
3.77692939846544847452e-15
-3.80929680511693340688e-15
-0.131280299010018816537
0.148857867095446609401
-0.164568564082729186224
-0.758939792041483945623
0.83903950955731912413
-2.16021295174294261943
9.36205304384585766949e-17
-1.0350139071280466589e-16
6.89981309282910846117e-16
0.0109555369902960358141
0.866025403784438646764
-1.11803398874989486889
1.32287565553229538398
-1.50000000000000013651
1.65831239517769994826
1.90254196423409831866
-2.25111801022079634372
2.5525278972440504235
-2.8219257673577858634
1.18779622229289654528
-1.34683431960385666934
1.48898136429986616355
-1.17310325468417330571
1.29691444537737780203
-2.7480104983928630528
0.727308743155437409933
-0.860563310290694891675
0.975787074195295746673
-1.07877320012816048851
2.81633774529789587407
-3.1934268351525432657
3.53046620255103709691
4.84904024947876643802
-5.36081570028413634134
4.07702959530260304991
0.361360773528185428745
-0.409744602998361939308
0.452989702672899545553
1.95922708467389751205
-2.16600703965506212142
5.06844243861932985131
0.148673924229344438142
-0.164365207592821361341
1.03089347859844019409
0.0553382359128422185104
0.866025403784438646764
-1.11803398874989486889
1.32287565553229538398
-1.50000000000000013651
1.65831239517769994826
2.75961827514684128327
-3.26522437733369222852
3.70241643310743325805
-4.09317537542110900834
4.70493777787380226729
-5.3348979832658287508
5.89795163510549127076
5.59292329486707026471
-6.18320935010410950588
4.65455148160458391729
-0.232475504333914163399
0.275068726251151347562
-0.311898618476507416678
0.344816896705595053531
-1.20456678751888047769
1.3658503531469743354
-1.51000438038764412265
-3.35435964274787027794
3.70838411563508961711
-6.67654782353203912799
0.0369196680503154686174
-0.0418629686349392689045
0.0462812531908367083013
0.261311215413584214284
-0.288890418346197815883
0.986195513440037233497
-0.00485523187060114372239
0.00536766079498645788321
-0.0434249252921867042087
0.000577642143920872210148
0.866025403784438646764
-1.11803398874989486889
1.32287565553229538398
-1.50000000000000013651
1.65831239517769994826
2.75961827514684128327
-3.26522437733369222852
3.70241643310743325805
-4.09317537542110900834
4.70493777787380226729
-5.3348979832658287508
5.89795163510549127076
5.59292329486707026471
-6.18320935010410950588
4.65455148160458391729
0.232475504333914163399
-0.275068726251151347562
0.311898618476507416678
-0.344816896705595053531
1.20456678751888047769
-1.3658503531469743354
1.51000438038764412265
3.35435964274787027794
-3.70838411563508961711
6.67654782353203912799
0.0369196680503154686174
-0.0418629686349392689045
0.0462812531908367083013
0.261311215413584214284
-0.288890418346197815883
0.986195513440037233497
0.00485523187060114372239
-0.00536766079498645788321
0.0434249252921867042087
0.000577642143920872210148
0.866025403784438646764
-1.11803398874989486889
1.32287565553229538398
-1.50000000000000013651
1.65831239517769994826
3.162277660168379332
-3.74165738677394134404
4.24264068711928506659
-4.69041575982342904861
6.87386354243375969191
-7.79422863405994739851
8.6168439698070420744
11.9999999999999997242
-13.2664991614215986824
18.5404962177391586275
5.79923815201579832215e-22
-6.86175111770412838479e-22
7.78049443537055031461e-22
-8.60166024185740141987e-22
3.36155779606945418268e-21
-3.81164826264435170717e-21
4.21393570666711546166e-21
1.10032807524694297122e-20
-1.21645845729601758315e-20
2.7200838023184207042e-20
2.29744581957619106094e-43
-2.6050586953901015562e-43
2.88000074982056885318e-43
1.80483760684590054245e-42
-1.99532304981027542583e-42
7.8079364587839563311e-42
7.53687324379398943666e-65
-8.33232688071115395378e-65
7.45265972640756860894e-64
2.23683450042484037345e-86
0.866025403784438646764
-0.738403079873715532861
0.342901542517624647779
0.16239510713513085931
-0.598464824442412950491
-1.44691903507701031642
0.840038611386764963237
-0.0258860279877631595181
-0.713526238159498399992
1.91879290172229603344
-0.698174656479928010536
-0.490004514798115136872
-2.29902626023661111487
0.384095725753428964396
2.60044846857658272911
-2.5061372831919164799
1.45498955524148457578
-0.0448359156809557413545
-1.23586369702574230795
3.32344679498553250874
-1.20927397758018289404
-0.848712715568471273837
-3.98203029066487828598
0.665273311974980683926
4.50410887003932018065
4.2905513629951275963
-1.56116599205668320083
-1.09568340437038717898
-5.14077899994618465436
0.858864152651783868375
5.8147795477224645108
-6.08265174219293784289
1.01622176998644034087
6.88013994509240123368
7.80134540572975077187
0.866025403784438646764
-0.61183945424644446057
0.0797552354620694392428
0.467201104825890986012
-0.778905674724473468521
-1.40217203611071087486
0.532344491292878427272
0.4249909581180599687
-1.05419359697316726073
1.8019479674417406175
-0.193067019425855345928
-1.0410406486077425228
-2.09225756370268853239
-0.305061161175264144909
2.2933827320978051587
-1.80867404743649987496
0.686675843549052569919
0.548199576476659867396
-1.35981359684494135796
2.32434853898733493745
-0.249038847201693761289
-1.34284749301234600591
-2.69882144171001232172
-0.393501076108309004959
2.95825456617279458806
1.33744778507492505986
-0.143298842235008244871
-0.772684636188533414828
-1.55292233457395434311
-0.226423504839316648242
1.70220212281044047419
0.467683467682964569633
0.0681904867684412435388
-0.512641085628856538942
-2.47037663034572868978
0.866025403784438646764
-0.578540296119104355343
0.0158024285210899724379
0.529369326433190861268
-0.793184174893670993356
-1.39039900585088821237
0.454377208738199757075
0.524942199362307540971
-1.10168791734390834032
1.77181567778926212134
-0.0701647578411473547987
-1.14730321032153536582
-2.03999727570149796457
-0.465369289903090239449
2.21732383811730288182
-0.657082664021437140241
0.214732163596167026938
0.248080167896242783321
-0.520641937028397145416
0.837334722491576049793
-0.0331588600169241660838
-0.542199071421998676049
-0.96407350614732041785
-0.219926863782640473539
1.04787550078599933925
-1.53853023453233480737
0.0609265414514999271588
0.996243965657944017258
1.77140180345760051763
0.404096617788199750664
-1.92538073088350953807
1.934889233181908615
0.441391779887237430528
-2.10307928934632928382
0.798738491075295533034
0.866025403784438646764
-0.578540296119104238664
0.0158024285210897522043
0.529369326433191066529
-0.793184174893671021965
-1.39039900585088817112
0.45437720873819948606
0.524942199362307877979
-1.10168791734390847884
1.7718156777892620162
-0.0701647578411469313021
-1.14730321032153571166
-2.03999727570149778299
-0.465369289903090786441
2.21732383811730261867
0.657082664021436691709
-0.214732163596166758652
-0.248080167896242780605
0.52064193702839687093
-0.837334722491575453375
0.0331588600169239442946
0.542199071421998485465
0.964073506147319702555
0.219926863782640588441
-1.04787550078599853069
-1.53853023453233529382
0.0609265414514995823009
0.996243965657944691674
1.77140180345760102515
0.404096617788200377383
-1.92538073088351003258
-1.93488923318190753732
-0.441391779887237742784
2.10307928934632805007
0.798738491075297442069
0.866025403784438646764
-0.611839454246444191841
0.0797552354620689142571
0.467201104825891516957
-0.778905674724473634402
-1.40217203611071077985
0.532344491292877793044
0.424990958118060805961
-1.05419359697316770962
1.8019479674417403733
-0.193067019425854337556
-1.04104064860774344221
-2.09225756370268810708
-0.305061161175265472814
2.29338273209780453711
1.80867404743649936884
-0.686675843549051606197
-0.548199576476660831127
1.3598135968449416486
-2.32434853898733412953
0.249038847201692407767
1.34284749301234690709
2.69882144171001120076
0.393501076108310634385
-2.95825456617279315889
1.33744778507492345684
-0.1432988422350073441
-0.772684636188533275834
-1.5529223345739523766
-0.226423504839317393145
1.7022021228104382033
-0.46768346768296679984
-0.0681904867684418794027
0.5126410856288589488
-2.47037663034572980531
0.866025403784438646764
-0.738403079873715532861
0.342901542517624647779
0.16239510713513085931
-0.598464824442412950491
-1.44691903507701031642
0.840038611386764963237
-0.0258860279877631595181
-0.713526238159498399992
1.91879290172229603344
-0.698174656479928010536
-0.490004514798115136872
-2.29902626023661111487
0.384095725753428964396
2.60044846857658272911
2.5061372831919164799
-1.45498955524148457578
0.0448359156809557413546
1.23586369702574230795
-3.32344679498553250874
1.20927397758018289404
0.848712715568471273837
3.98203029066487828598
-0.665273311974980683927
-4.50410887003932018065
4.2905513629951275963
-1.56116599205668320083
-1.09568340437038717898
-5.14077899994618465437
0.858864152651783868375
5.81477954772246451081
6.0826517421929378429
-1.01622176998644034088
-6.8801399450924012337
7.80134540572975077191
0.866025403784438646764
-0.61183945424644446057
0.0797552354620694392428
0.467201104825890986012
-0.778905674724473468521
-0.865271654190274262426
0.328506479032149041469
0.262259280513627618156
-0.650536320792626542743
0.255560789067082735119
-0.0273816784495452544791
-0.147645311860373687184
0.531893939443782905787
0.0775526807042114941386
-1.01580677736331537866
-2.11865362746627684374
0.804361774798862921126
0.642152754347258281958
-1.59286523390812766012
0.98513795842834294654
-0.105551132881522400394
-0.569144435766571286511
0.59913480902974305067
0.0873567211389016651328
-1.68611098194072268389
3.06636121026483907667
-0.328540684884138627278
-1.77153098806274977703
-0.379366105715201484526
-0.0553133929243439372137
-1.77842080437418884394
-3.67500777766438975261
-0.535833713512021127879
-0.599080304024515470699
3.98464762043529018115
0.866025403784438646764
-0.471369406227714760544
-0.175088748938378139107
0.682248468108593491481
-0.763051811715827787696
-0.666617007174986998362
0.104437390894632221464
0.392566366037978657923
-0.568558623607584206068
-0.111630712161759350271
-0.0198459041314887825291
0.0926212851152468992855
0.786408181049503757084
0.387743300479698833115
-0.864927185179973181451
-1.15461452561658426749
0.180890867239434246402
0.679944891320460400043
-0.984772423169765539071
0.221545161933073815545
0.0393866881199125192932
-0.183818567596096687962
0.686755049873298530753
0.338608722640196626219
-0.941177105929761782631
0.0717626002117613592066
0.0127580811449561803563
-0.0595422543322442482288
0.0147317631667670870452
0.00726358475129845518229
-0.05744251307894053309
1.0490356666458546406
0.517233367490336166622
0.578284484969760871884
-1.14381100293029563762
0.866025403784438646764
-0.434182930742318109058
-0.235998701962891467132
0.719358079325813137659
-0.729433152533929806868
-0.614027389206684475468
0.0599512129523545803025
0.400434127230682712864
-0.522470192116644732884
-0.194456549912417725432
-0.0492382838951438202746
0.170690948871267678238
0.815561312162368313925
0.477089881340660863849
-0.783522703572741412931
-4.20690140302782956659e-16
4.10745263673549263986e-17
2.74350447761531975198e-16
-3.57961325975294873444e-16
5.03058155132565368752e-17
1.27379202548542156282e-17
-4.4157666005943871569e-17
2.76005631860076598212e-16
1.61458730557417966412e-16
-3.28462901941555224482e-16
-1.23443856186952057163
-0.312571813023630541099
1.08357105761514927775
-0.360926840780564962147
-0.211136233502917190888
1.02518325893369453653
8.8130870008055993689e-16
5.15551016061705075793e-16
5.76403558891529257588e-16
0.96866479249069282065
0.866025403784438646764
-0.471369406227714653443
-0.175088748938378318486
0.682248468108593609783
-0.763051811715827706332
-0.666617007174986846897
0.104437390894632084398
0.39256636603797869515
-0.568558623607584083842
-0.111630712161759597488
-0.0198459041314888507306
0.0926212851152471211145
0.786408181049503862291
0.387743300479699093198
-0.864927185179972965643
1.15461452561658363064
-0.180890867239433950323
-0.679944891320460243979
0.984772423169765007954
-0.221545161933073452924
-0.0393866881199125029546
0.183818567596096420255
-0.686755049873298370597
-0.338608722640196729079
0.94117710592976117347
0.0717626002117600266916
0.0127580811449559590493
-0.0595422543322431533679
0.0147317631667668315018
0.00726358475129833308549
-0.057442513078939473909
-1.04903566664585536063
-0.517233367490336799381
-0.578284484969761579331
-1.14381100293029467957
0.866025403784438646764
-0.611839454246444380011
0.0797552354620692818625
0.467201104825891145179
-0.778905674724473518249
-0.865271654190274148497
0.328506479032148887561
0.262259280513627743839
-0.650536320792626553343
0.255560789067082499902
-0.0273816784495451875173
-0.14764531186037359638
0.531893939443783123699
0.077552680704211631837
-1.01580677736331538728
2.11865362746627613698
-0.804361774798862381858
-0.642152754347258460034
1.59286523390812736444
-0.985137958428342286072
0.105551132881522168653
0.569144435766571078745
-0.599134809029743307236
-0.087356721138901821858
1.68611098194072230938
3.06636121026483615076
-0.328540684884137812729
-1.77153098806274862763
-0.379366105715200543964
-0.0553133929243438756253
-1.77842080437418768351
3.6750077776643829104
0.535833713512020862124
0.599080304024515173581
3.98464762043527800221
0.866025403784438646764
-0.578540296119104355343
0.0158024285210899724379
0.529369326433190861268
-0.793184174893670993356
0.126149223496524386188
-0.0412250956852231971121
-0.0476273721078987866436
0.0999548149298242658412
-1.03958293145357619949
0.041167986916247344514
0.673160786194387142059
0.382108464570537546571
0.0871675403399758566026
0.811501658842447909567
-1.53266219247421614018
0.500868287466029133249
0.578653364114355083955
-1.21441069197639408825
-1.59740789327696252015
0.0632581252160284338588
1.03436899623573619703
1.31994263625008089226
0.301108621399156524573
1.05491325148581533024
1.60470896652534292901
-0.0635472512480840212393
-1.03909665774232764113
2.8546004202457450802
0.651198600287351304263
-0.117405430553891703875
-1.39129015778391271323
-0.317384596778156572835
-3.43606367651125135107
1.09127914250341917182
0.866025403784438646764
-0.434182930742318103376
-0.235998701962891476229
0.71935807932581314273
-0.729433152533929800942
0.307013694603341890842
-0.0299756064761772535131
-0.200217063615341133054
0.261235096058322070921
-0.98491502943324849393
-0.24939003522211193088
0.86454316405002751086
-0.00212609031819482988706
-0.00124372767871700778792
0.882970226053969169382
-0.531763317672423807103
0.051919273404429760218
0.346786126724021423445
-0.45247245909315067459
-0.684557123901860927684
-0.173336501261100118509
0.600893644816912722965
0.283255225161072017523
0.165699622757870176222
0.545479111867076163873
-0.350679115069669021575
-0.0887953521322633279839
0.307820697875890048813
-0.726607764038918750474
-0.425053526640944241459
-0.198769791177275992427
0.432679503430790485738
0.253110354637855604192
1.21758790192159888488
-0.0632962183016905608835
0.866025403784438646764
-0.434182930742318058861
-0.235998701962891547501
0.719358079325813182463
-0.729433152533929754512
0.307013694603341942303
-0.0299756064761772368421
-0.200217063615341188905
0.261235096058322111937
-0.984915029433248466393
-0.249390035222112012839
0.864543164050027538769
-0.00212609031819493598914
-0.00124372767871707008984
0.882970226053969156783
0.531763317672423126111
-0.051919273404429656151
-0.346786126724021017951
0.452472459093150090339
0.684557123901860087709
0.17333650126109996763
-0.600893644816912021846
-0.283255225161071596434
-0.165699622757869961062
-0.545479111867075503525
-0.35067911506966971892
-0.0887953521322635362227
0.307820697875890679475
-0.726607764038920224151
-0.425053526640945183496
-0.198769791177276458375
-0.432679503430790263286
-0.253110354637855521676
-1.21758790192159830046
-0.0632962183016899171459
0.866025403784438646764
-0.578540296119104268955
0.0158024285210898093787
0.529369326433191013242
-0.793184174893671014538
0.126149223496524432387
-0.0412250956852231949103
-0.0476273721078988277709
0.0999548149298243139485
-1.03958293145357616897
0.041167986916247161142
0.673160786194387302109
0.38210846457053742937
0.0871675403399759114687
0.811501658842447916709
1.53266219247421577419
-0.50086828746602880346
-0.578653364114355233536
1.21441069197639393799
1.59740789327696221826
-0.0632581252160281419941
-1.03436899623573627784
-1.31994263625008043274
-0.301108621399156701631
-1.05491325148581520307
1.60470896652534184429
-0.0635472512480836970947
-1.0390966577423272163
2.85460042024574323972
0.651198600287351494033
-0.117405430553891379403
1.39129015778391088854
0.317384596778156453702
3.43606367651124692893
1.09127914250341683055
0.866025403784438646764
-0.578540296119104238664
0.0158024285210897522043
0.529369326433191066529
-0.793184174893671021965
1.26424978235436341712
-0.413152113052976192114
-0.477314827254408920479
1.00173310241408390603
-0.0727120765889130120725
0.00287943340266278898302
0.0470832265146755873104
-1.34259725071824707699
-0.306276648814513832351
-0.688198813034673297201
-0.875579528452779188481
0.286136123869862005748
0.33057319621811259385
-0.693768754947997200037
-2.43474261576853852504
0.0964169852329520219372
1.57656806765773541279
-2.4005711322353174975
-0.547624301501114075166
0.00703775069981749179968
0.523714488054982138347
-0.0207393470398271456444
-0.339120666426819020364
2.08328857613212133803
0.475245009827007281161
3.5381576972106546332
-0.259397135875632471914
-0.0591743245754227695323
-1.33298438716492245716
0.116233809785636672948
0.866025403784438646764
-0.471369406227714601067
-0.175088748938378406208
0.682248468108593667637
-0.763051811715827666542
1.33323401434997333243
-0.208874781789264001331
-0.785132732075957301144
1.13711724721516786628
0.144187605597678098368
0.0256339258455496807716
-0.119634113852067699868
-1.19608288350891539654
-0.589735885351666029548
-0.904995038025541986472
-3.15546993295863327182e-16
4.94360394795856953955e-17
1.8582354656284794616e-16
-2.69130493612973964107e-16
-9.03393643730192255067e-16
-1.60606909149572485955e-16
7.49556091033337066203e-16
-9.89102321572416988076e-16
-4.87682869940132977518e-16
-2.11993784930601041235e-16
-0.214250973988112151712
-0.0380899145719394724732
0.177766496008884141788
-0.871865193860942991361
-0.429878396470718006559
-1.56845851316356437906
1.14731611889022353288e-16
5.65691137696913573769e-17
6.0134506690133877349e-16
0.0291796558158856904472
0.866025403784438646764
-0.578540296119104156128
0.0158024285210895964153
0.529369326433191211727
-0.793184174893671042203
1.26424978235436344883
-0.413152113052976036832
-0.477314827254409159233
1.00173310241408404127
-0.0727120765889128920323
0.0028794334026627720563
0.0470832265146755215968
-1.34259725071824698532
-0.306276648814514085376
-0.688198813034673421694
0.875579528452778832429
-0.286136123869861774671
-0.330573196218112616485
0.693768754947996994184
2.43474261576853756176
-0.0964169852329515761793
-1.57656806765773519139
2.40057113223531668478
0.54762430150111437957
-0.00703775069981717360946
0.523714488054981530553
-0.020739347039827033898
-0.339120666426818713346
2.0832885761321189355
0.475245009827007158155
3.53815769721065065142
0.259397135875631885236
0.0591743245754226886242
1.33298438716491944982
0.116233809785636241709
0.866025403784438646764
-0.611839454246444191841
0.0797552354620689142571
0.467201104825891516957
-0.778905674724473634402
2.26744369030098465146
-0.86085097032502631702
-0.687250238631688840103
1.70472991776579427962
2.9394872984167830531
-0.314946969390687377171
-1.69823203500295837325
2.2504547943500747818
0.328127074145653875377
0.491203777006995075756
-0.30997958002977713956
0.11768593124981028381
0.0939531778705986577856
-0.233051637063186545585
-1.33921058055899248071
0.143487714320170683396
0.773703057245775790533
-3.01252724443225703787
-0.439240882767920378271
-4.64436554811351692656
0.0656401495050094442739
-0.00703291562718742953735
-0.0379223290850176128942
0.389197673292924744323
0.0567468825068244575227
1.20625060082026670409
-0.0115100612908910456958
-0.00167822199499365882891
-0.0864392183956587804989
0.00182592283171600857888
0.866025403784438646764
-0.611839454246444154658
0.0797552354620688416158
0.467201104825891590423
-0.778905674724473657354
2.26744369030098454793
-0.860850970325026143871
-0.687250238631689002504
1.7047299177657943182
2.939487298416782665
-0.314946969390687113886
-1.6982320350029583884
2.25045479435007404757
0.328127074145653975184
0.491203777006994203692
0.309979580029776576064
-0.117685931249810051578
-0.0939531778705985134849
0.233051637063186137849
1.33921058055898999471
-0.143487714320170316032
-0.773703057245774463352
3.01252724443225128214
0.439240882767919815969
4.64436554811350769647
0.0656401495050090768582
-0.00703291562718738522044
-0.0379223290850174059722
0.389197673292922551734
0.0567468825068241736078
1.20625060082025985309
0.0115100612908909151865
0.00167822199499364085802
0.0864392183956577973572
0.00182592283171597381013
0.866025403784438646764
-0.738403079873715532861
0.342901542517624647781
0.162395107135130859308
-0.598464824442412950489
2.89383807015402063285
-1.68007722277352992648
0.051772055975526319044
1.42705247631899679998
5.75637870516688796718
-2.09452396943978398317
-1.47001354439434537661
9.19610504094644449806
-1.53638290301371586405
13.0022423428829136209
0.0
0.0
0.0
0.0
0.0
0.0
0.0
0.0
0.0
0.0
0.0
0.0
0.0
0.0
0.0
0.0
0.0
0.0
0.0
0.0
0.866025403784438646764
0.0696562153806179107844
-0.790815089241402949817
0.578835308782669552032
0.271922894078673604925
-1.16122693143942944234
-0.815394730334754804023
1.15787924685366853112
-0.00735390229383716152497
1.23587299358631896033
1.57596300972342261049
-0.939608252350157573934
-1.18839971864106728303
-2.17537420368138076492
1.07879699952106726957
-2.01130404437039312698
-1.412305101163719025
2.00550568458014005807
-0.0127373324068232751332
2.14059481659374983148
2.72964800369013276564
-1.62744923228147200007
-2.05836869238688722756
-3.76785864625083906256
1.86853121422334622735
2.76349602521517103728
3.52396041976673530192
-2.10102792447472904497
-2.65734255532305068144
-4.86428459593104108838
2.41226342485191437849
-3.14421011366339504085
-5.75549915144610416853
2.85422857585541051463
3.23639099856320288091
0.866025403784438646764
0.311781393874114412267
-0.878237793416588436945
0.217887270402793586369
0.719831400518191443886
-1.07562275363505214731
-1.16871316729071095909
0.885932126876787005888
0.709474571083839525288
1.06037530368041739919
1.87294250092124361466
-0.206112084978209653533
-0.944476559273431932086
-2.29418704726559449771
0.794165934957871922062
-1.20229112587538052335
-1.30634412946239914706
0.990261995362415607083
0.793024299612161820066
1.18524809316643684074
2.09350549765003703063
-0.23038442601508233232
-1.05570078540476449694
-2.56435699105852408368
0.88768915760249363723
0.295665151811557397196
0.522233804339990844415
-0.0574703698622214483478
-0.263349027755363877265
-0.639689701617498538355
0.221437816316452295042
0.739927459186475803327
1.79732569973746523525
-0.622170213390874529169
-1.01954266478597285431
0.866025403784438646764
0.372677996249964841117
-0.88191710368819686911
0.111111111111111322917
0.798446708789262764121
-1.05409255338945981806
-1.24721912892464697013
0.785674201318386310202
0.868595511078412677746
1.0183501544346311677
1.92450089729875239937
-3.39176903430565281591e-16
-0.888888888888888967751
-2.29297516370249854074
0.732464048108213788746
-2.11600281995491651034e-16
-2.50368830082341125836e-16
1.57717538200014755079e-16
1.7436329902266448925e-16
2.04425293733106376521e-16
3.86327492077950113619e-16
-6.80869323869970766361e-32
-1.78437025237246033124e-16
-4.60295625548206181268e-16
1.47036044067368304221e-16
-1.13855008510662210685
-2.15165741455967588572
3.79211306234312796262e-16
0.99380798999990662623
2.56362416837874756769
-0.818919701322321030212
4.08850587466212788066e-16
1.05466977306585211794e-15
-3.36901900912788925359e-16
0.824022054121740374287
0.866025403784438646764
0.311781393874114496214
-0.878237793416588447089
0.217887270402793442445
0.719831400518191563431
-1.07562275363505211763
-1.16871316729071107018
0.885932126876786875686
0.709474571083839753078
1.06037530368041734067
1.87294250092124369186
-0.20611208497820937332
-0.944476559273431853901
-2.2941870472655945038
0.794165934957871834406
1.20229112587538028161
1.30634412946239904462
-0.990261995362415289769
-0.793024299612161937117
-1.18524809316643656973
-2.09350549765003675376
0.230384426015081979145
1.05570078540476422642
2.56435699105852364564
-0.887689157602493385266
0.295665151811556866997
0.522233804339989958268
-0.0574703698622212703292
-0.26334902775536339775
-0.639689701617497428237
0.22143781631645188573
-0.739927459186476196224
-1.79732569973746634317
0.62217021339087484237
-1.01954266478597270532
0.866025403784438646764
0.06965621538061798532
-0.790815089241402994634
0.578835308782669461697
0.271922894078673767245
-1.16122693143942941599
-0.815394730334754922917
1.15787924685366848219
-0.00735390229383693247149
1.23587299358631890424
1.57596300972342272581
-0.939608252350157378899
-1.18839971864106720212
-2.17537420368138083579
1.07879699952106717165
2.01130404437039277729
1.41230510116371901744
-2.00550568458013967016
0.0127373324068228764755
-2.14059481659374941073
-2.72964800369013255274
1.62744923228147141623
2.05836869238688677626
3.76785864625083861573
-1.86853121422334577527
2.76349602521516965858
3.52396041976673396164
-2.10102792447472765602
-2.65734255532304929541
-4.86428459593103904086
2.41226342485191306553
3.14421011366339197494
5.75549915144609913571
-2.85422857585540766672
3.23639099856319769471
0.866025403784438646764
0.311781393874114412267
-0.878237793416588436945
0.217887270402793586369
0.719831400518191443886
-0.503403280935147666756
-0.546970618553749704857
0.414625980947726360014
0.332041903740574310656
-0.110469078409847975172
-0.195121700093614331036
0.0214725974828411882299
0.415619883616698403309
1.00956423345538663082
-0.332145422767728088357
-1.53266219247421609562
-1.66530735734232775353
1.26237072558528382169
1.01093515170375447122
0.171267114397973093055
0.302509362914001988441
-0.0332903094915975032095
0.629283803805698960734
1.52856599517479334594
-0.62338494683505154102
1.60470896652534283569
2.83439987199149698008
-0.311917780172528375172
0.344904592696234614854
0.837792787271322549167
-0.84757068158320488043
-1.39129015778391259187
-3.37952258066776235905
-0.697204201126725503954
1.09127914250341904489
0.866025403784438646764
0.434182930742317788974
-0.87816391664578376392
-0.000679753971976670906386
0.860389168767128969936
-0.307013694603342356926
-0.393239108831687824019
0.200217063615341615165
0.30191221998954236837
-0.317557362222761553624
-0.639743803214573327638
-0.0690852497110097054956
0.412799419091816120788
1.12761995276387837011
-0.140247313630274644383
-0.531763317672423794717
-0.681110116019590523785
0.346786126724021723945
0.522927304447799398115
-0.0860411337176097180404
-0.173336501261100012362
-0.0187184235524972621757
0.283255225161071762568
0.773751679009040938782
-0.135326712802423381665
-0.350679115069669029996
-0.706470129403634094426
-0.0762909543757618823202
-0.191685715645016697104
-0.523616622563772314814
0.186919328296206929746
0.432679503430790477845
1.18192521271936799823
0.386830637448766219125
-0.0632962183016905500283
0.866025403784438646764
0.434182930742317822654
-0.878163916645783759809
-0.00067975397197673297156
0.860389168767128998803
-0.307013694603342297803
-0.393239108831687764705
0.200217063615341559743
0.301912219989542336299
-0.317557362222761604427
-0.639743803214573451677
-0.0690852497110097562343
0.412799419091816101725
1.12761995276387835241
-0.140247313630274581873
0.531763317672423113726
0.681110116019589679967
-0.346786126724021250629
-0.522927304447798773595
0.0860411337176096520095
0.173336501261099885215
0.0187184235524972585635
-0.283255225161071409989
-0.773751679009039999248
0.135326712802423175499
-0.350679115069669727342
-0.70647012940363552324
-0.0762909543757620778551
-0.191685715645017113732
-0.523616622563773468853
0.186919328296207293388
-0.432679503430790255393
-1.1819252127193674266
-0.386830637448766072184
-0.063296218301689906291
0.866025403784438646764
0.311781393874114427029
-0.878237793416588438728
0.217887270402793561061
0.719831400518191464907
-0.503403280935147569909
-0.546970618553749611424
0.414625980947726271543
0.332041903740574267133
-0.110469078409848112255
-0.195121700093614576473
0.0214725974828412099507
0.415619883616698461977
1.00956423345538678849
-0.332145422767728026941
1.53266219247421572963
1.66530735734232739178
-1.26237072558528349375
-1.01093515170375429179
-0.171267114397972830308
-0.302509362914001529478
0.0332903094915974445023
-0.629283803805698983588
-1.52856599517479342441
0.623384946835051354382
1.60470896652534175097
2.83439987199149511217
-0.311917780172528092787
0.344904592696234672749
0.837792787271322702383
-0.847570681583204412928
1.39129015778391076717
3.37952258066775797754
0.69720420112672489421
1.09127914250341670362
0.866025403784438646764
0.372677996249964841117
-0.88191710368819686911
0.111111111111111322917
0.798446708789262764121
0.527046276694729725777
0.623609564462323268239
-0.392837100659193018514
-0.43429775553920618787
-0.509175077217315654769
-0.962250448649376333705
1.69588451715282664416e-16
-0.333333333333333214011
-0.859865686388436568685
0.274674018040580245492
-0.912870929175277022166
-1.08012344973464338982
0.680413817439771940626
0.752225778207033299201
-1.32287565553229536868
-2.49999999999999980989
4.40603722121716278079e-16
-0.192450089729874985564
-0.496443685503285662673
0.634332473020500416423
0.569275042553311232782
1.07582870727983828181
-1.89605653117156457869e-16
1.24225998749988347261
3.20453021047343494929
0.818919701322320959786
-0.293972367896065814793
-0.758330255700554150692
-0.847839000570618245511
0.137337009020290194557
0.866025403784438646764
0.434182930742317808109
-0.878163916645783761585
-0.00067975397197670616873
0.860389168767128986337
0.614027389206684092769
0.786478217663374871173
-0.40043412723068280613
-0.6038244399790841556
-0.416909105649247166295
-0.839895554541542346295
-0.0906994234646892944296
-0.404887983388747543371
-1.10600874804509366358
0.175378655967704144888
-3.03210250549480873811e-16
-3.88367459857970069647e-16
1.97736671328368075339e-16
2.98171975635325736627e-16
-4.75651054676427708351e-16
-9.58235742329484237731e-16
-1.03478853891521618796e-16
-1.36193280608866712071e-16
-3.7203119370855862443e-16
1.89098395214063864078e-16
-0.239600489077299940896
-0.48269366851226743355
-0.0521255734804024209976
-0.557366638903371195654
-1.52252574486445360804
-0.440994787258619061323
1.2328999170902886619e-16
3.36784036501446443677e-16
3.76535999677002359205e-16
0.0364930326380848717075
0.866025403784438646764
0.372677996249964873546
-0.88191710368819686911
0.111111111111111264905
0.798446708789262801532
0.527046276694729771639
0.623609564462323349637
-0.392837100659193028769
-0.434297755539206271011
-0.509175077217315610462
-0.962250448649376283466
1.14046590727020445852e-16
-0.333333333333333257519
-0.859865686388436707643
0.274674018040580197689
0.912870929175276678401
1.08012344973464303006
-0.680413817439771642953
-0.752225778207033094479
1.32287565553229492808
2.49999999999999906424
-2.96301734353819379954e-16
0.192450089729875021944
0.496443685503285771948
-0.63433247302050015685
0.569275042553310614426
1.07582870727983715068
-1.27507964733857334578e-16
1.24225998749988216649
3.2045302104734316796
0.818919701322320186059
0.293972367896065188947
0.75833025570055255983
0.847839000570616466872
0.137337009020289713232
0.866025403784438646764
0.311781393874114496214
-0.878237793416588447089
0.217887270402793442445
0.719831400518191563431
1.57902603457019958988
1.71568378584446063078
-1.300558107824513026
-1.04151647482441405121
1.25813753288241719371
2.22225022514280525636
-0.244552423270968762695
0.351051559954753009347
0.852724118839050708849
-0.375579396963211216058
-0.330371066598835667431
-0.358963227879928753895
0.272108730222868260503
0.217910852091592789896
-1.01398097876846392064
-1.79099613473603552033
0.197094116523484605652
-1.54921913728905416787
-3.76314101525050578894
-1.51107410443754503188
0.0745602578727739486913
0.131695896127409068112
-0.0144927651118721499095
0.316028760515971479701
0.767651755695126642605
0.681358068037699885133
-0.0139342756000604975854
-0.0338471445170434616536
-0.075033987735850921844
0.00235590676278246153386
0.866025403784438646764
0.311781393874114467081
-0.878237793416588443568
0.217887270402793492392
0.719831400518191521944
1.57902603457019954003
1.7156837858444605036
-1.30055810782451303883
-1.04151647482441389231
1.25813753288241703735
2.22225022514280490583
-0.244552423270968843001
0.351051559954752790843
0.85272411883905015281
-0.375579396963211376342
0.330371066598835404053
0.358963227879928452444
-0.272108730222868054846
-0.217910852091592589807
1.0139809787684630892
1.79099613473603399184
-0.197094116523484533256
1.54921913728905283077
3.76314101525050242949
1.5110741044375436087
0.0745602578727737611906
0.131695896127408732524
-0.014492765111872120024
0.316028760515970678635
0.767651755695124674008
0.681358068037698136134
0.0139342756000604257876
0.033847144517043286249
0.0750339877358505338189
0.00235590676278244101207
0.866025403784438646764
0.0696562153806183595003
-0.790815089241403219625
0.578835308782669008199
0.271922894078674582112
2.32245386287885849116
1.63078946066951098603
-2.31575849370733639715
0.0147078045876715646942
3.70761898075895545764
4.72788902917026939096
-2.81882475705046888742
4.75359887456426642354
8.70149681472552337456
5.39398499760533197344
-4.40156894259398598861e-17
-3.09071037178529711455e-17
4.38887972216398683015e-17
-2.78745756467211565248e-19
-1.87380434892848187254e-16
-2.38944159852613256775e-16
1.42461404908096067032e-16
-4.50456594773766302674e-16
-8.24564025704698012445e-16
-8.17824533671382102594e-16
1.32348312383206281313e-33
1.68768187182403827016e-33
-1.00621639234154440171e-33
7.63586701942947177646e-33
1.39775093146292649465e-32
2.4260714682368853832e-32
-3.29534512687391838543e-50
-6.03215287649677594515e-50
-2.39313987002494275864e-49
7.42301113021225357696e-67
0.866025403784438646764
1.11803398874989486889
-0.330718913883073828785
-1.1249999999999999763
0.20728904939721248567
-0.790569415042094833
-1.87082869338697067202
-1.06066017177982112926
1.17260393995585752097
0.572821961869479987574
1.9485571585149868947
2.33372857515607410328
-0.374999999999999989808
-1.65831239517769982835
0.231756202721739483282
-1.36930639376291532165
-3.24037034920393016945
-1.83711730708738335212
2.03100960115899037569
0.992156741649221526514
3.37500000000000016059
4.04213646324564381507
-0.649519052838328993005
-2.87228132326901427642
0.401413518083285295266
1.28086884574494987789
4.35710626448334423338
5.21837573508270902204
-0.838525491562421188519
-3.70809924354783159157
0.518222623493031240001
-0.992156741649221664968
-4.38748219369606175072
0.613169277198393335977
0.695268608165218680184
0.866025403784438646764
1.38479289099488442013
0.13442500646647035618
-1.26351595114803477466
-0.575063005425308164567
-0.696255900682439110856
-1.94248332248722498012
-1.80726335336881519809
0.372252601950886952209
0.444301132882236275093
1.75177543070594663123
2.79629845593130846669
-0.256163889077407500371
-1.30172550368930833003
0.139427001278939282057
-0.545208461853943707475
-1.52107629305856665732
-1.41519127103903923141
0.291495222276527494441
0.347913370674861084004
1.37174103250340748333
2.18966270669814803501
-0.200591075507620690491
-1.01932602499579534133
0.109179370449413858779
-0.192150833426426757626
-0.757605785973325032276
-1.20933988020833511029
0.110785458638533559155
0.56296872079467114311
-0.0602992261669445495449
0.303042758983103093126
1.53994573355916762562
-0.164942620509413808716
-0.0872959501217157533517
0.866025403784438646764
1.38479289099488438702
0.134425006466470289687
-1.26351595114803477581
-0.575063005425308061068
-0.696255900682439122562
-1.94248332248722497618
-1.80726335336881510855
0.372252601950887079804
0.444301132882236290032
1.7517754307059466603
2.79629845593130842724
-0.256163889077407513291
-1.30172550368930837472
0.139427001278939291434
0.54520846185394326577
1.52107629305856539635
1.41519127103903799098
-0.291495222276527353297
-0.347913370674860807989
-1.3717410325034063717
-2.18966270669814619333
0.200591075507620534726
1.01932602499579453337
-0.109179370449413775833
-0.192150833426427267866
-0.757605785973327031127
-1.20933988020833826386
0.110785458638533855198
0.562968720794672638421
-0.0602992261669447116918
-0.303042758983103116759
-1.53994573355916772091
0.164942620509413824352
-0.0872959501217154818544
0.866025403784438646764
1.11803398874989486889
-0.330718913883073828785
-1.1249999999999999763
0.20728904939721248567
-0.790569415042094833
-1.87082869338697067202
-1.06066017177982112926
1.17260393995585752097
0.572821961869479987574
1.9485571585149868947
2.33372857515607410328
-0.374999999999999989808
-1.65831239517769982835
0.231756202721739483282
1.36930639376291532165
3.24037034920393016945
1.83711730708738335212
-2.03100960115899037569
-0.992156741649221526514
-3.37500000000000016059
-4.04213646324564381507
0.649519052838328993005
2.87228132326901427642
-0.401413518083285295266
1.28086884574494987789
4.35710626448334423338
5.21837573508270902204
-0.838525491562421188519
-3.70809924354783159157
0.518222623493031240001
0.992156741649221664968
4.38748219369606175072
-0.613169277198393335977
0.695268608165218680184
0.866025403784438646764
1.38479289099488442013
0.13442500646647035618
-1.26351595114803477466
-0.575063005425308164567
-0.124036427982534745892
-0.346049049639369794339
-0.321959915249389271621
0.0663159665978209354031
-0.195988275744632003547
-0.772735923333485674298
-1.23349159451865397662
0.115695478801811688032
0.587919538387218318325
-0.00200021601593763063924
-0.875579528452779213008
-2.44277805023082033996
-2.27273161086556646796
0.468127821052588542491
-0.206593522970122011949
-0.814549932236992068062
-1.3002378489092944596
0.229163842885263250289
1.16452174380072010968
-0.0308358632966587873832
0.523714488054982167688
2.06488371282777963687
3.29610236372087671322
0.277086023568140775217
1.40804367428038410338
-0.111994443107190201153
-0.259397135875632493712
-1.31815560955680419511
-0.20691729291756097585
0.116233809785636685972
0.866025403784438646764
1.41410821868314349742
0.194153187616743432268
-1.26048000379954719097
-0.666747147139931668304
-2.19216279940452990267e-16
-6.21792768989094365595e-16
-6.02801799388378239694e-16
8.20608355266356253803e-17
-0.239539871041478874576
-0.95869327611466496455
-1.57188569199666975837
0.072561035996326949791
0.373985491254571856223
0.0340429317851999027122
-3.1554699329586335274e-16
-8.95028593500967841294e-16
-8.67692378513162620018e-16
1.18121016946414701813e-16
-1.32241500094410645223e-16
-5.29260688054203636023e-16
-8.67782557378874527291e-16
7.51094708693914866463e-17
3.87120332217724149376e-16
1.34242142395545804959e-17
-0.214250973988112186419
-0.857481333985747102147
-1.4059373040655412197
-0.162251409005596013847
-0.836256981043874611031
0.0217492313214558788554
1.14731611889022381166e-16
5.91336075148057688023e-16
1.23034955796126200606e-16
0.0291796558158856999007
0.866025403784438646764
1.38479289099488442251
0.134425006466470360974
-1.26351595114803477458
-0.575063005425308172028
-0.124036427982534657505
-0.346049049639369548217
-0.321959915249389043735
0.0663159665978208865888
-0.195988275744632050388
-0.77273592333348585993
-1.23349159451865427567
0.115695478801811668399
0.58791953838721821924
-0.00200021601593760138762
0.875579528452778856956
2.44277805023081934993
2.27273161086556555464
-0.46812782105258834113
0.206593522970122045702
0.814549932236992202144
1.30023784890929467651
-0.229163842885263163268
-1.16452174380071966883
0.0308358632966587294657
0.523714488054981559893
2.06488371282777724301
3.29610236372087289928
0.277086023568140542598
1.40804367428038292294
-0.111994443107190045049
0.259397135875631907035
1.31815560955680121537
0.206917292917560561293
0.116233809785636254733
0.866025403784438646764
1.38479289099488438702
0.134425006466470289687
-1.26351595114803477581
-0.575063005425308061068
0.820292328664973480073
2.28853237212659368046
2.1292232686182033507
-0.438568568548707829176
0.205747480682969610803
0.811214185415107016049
1.29491311177466297902
-0.111475442480234383026
-0.566474950994057591707
-0.100917391098514340118
-0.330371066598835736523
-0.921701757172254309717
-0.857540339826527779231
0.176632598776061229123
-0.554506893644983295929
-2.18629096474040030261
-3.48990055560744358662
-0.408101254727618046647
-2.07381225074240925901
-0.140015233746072402607
0.0745602578727739798779
0.293973654762758656182
0.469259964769749658464
0.175492099068559338801
0.891782764058847202345
0.195618665608171389601
-0.013934275600060506328
-0.0708085826982166326756
-0.0419746724081472247104
0.0023559067627824635047
0.866025403784438646764
1.38479289099488434974
0.134425006466470214816
-1.26351595114803477709
-0.575063005425307944529
0.820292328664973435993
2.28853237212659350893
2.12922326861820307719
-0.438568568548707966572
0.20574748068296953591
0.811214185415106705207
1.29491311177466243808
-0.111475442480234425953
-0.566474950994057799572
-0.100917391098514338289
0.330371066598835473146
0.921701757172253555368
0.857540339826527031513
-0.176632598776061153136
0.554506893644982834281
2.18629096474039844051
3.48990055560744049359
0.4081012547276176726
2.07381225074240732064
0.140015233746072238775
0.074560257872773792377
0.293973654762757911272
0.46925996476974845317
0.175492099068558892216
0.891782764058844916798
0.195618665608170880852
0.01393427560006043453
0.070808582698216266542
0.0419746724081470072777
0.00235590676278244298288
0.866025403784438646764
1.11803398874989486889
-0.330718913883073828785
-1.1249999999999999763
0.20728904939721248567
1.581138830084189666
3.74165738677394134404
2.12132034355964225853
-2.34520787991171504195
1.71846588560843992298
5.84567147554496054888
7.0011857254682221479
1.49999999999999996552
6.6332495807107993412
1.15878101360869741421
0.0
0.0
0.0
0.0
0.0
0.0
0.0
0.0
0.0
0.0
0.0
0.0
0.0
0.0
0.0
0.0
0.0
0.0
0.0
0.0
0.866025403784438646764
2.16641176211917118374
2.3103281857990799749
0.633316951655704415098
-1.58147393642681188512
-0.419911898644760451083
-1.69253050601962956712
-3.27919959041331042781
-3.68044026197771529471
0.161605450802186103141
0.893383779064003019415
2.44161818714383659036
-0.0561934614215581237247
-0.394131138611810470543
0.0184460786376141637474
-0.727308743155437910227
-2.93154882978626000442
-5.67974029875490613561
-6.37470952796751226438
0.279908851569458930794
1.54738609599674200243
4.22900675281734067011
-0.0973299302353003034761
-0.682655156920627467553
0.0319495454007586270061
0.361360773528186076949
1.99766685998276436382
5.45962424155342217236
-0.125652399629615942191
-0.881304017985400388276
0.0412466857520119774885
-0.148673924229344931404
-1.04277297671357766725
0.0488037367394682155259
0.0553382359128425095756
0.866025403784438646764
2.34171289724278301707
2.96477225291286522294
1.72291124915640785502
-0.770538261980134144581
-0.35793358794695785556
-1.54232221435482227818
-3.32650434680290663815
-4.50770422502155448314
0.117420669077160167174
0.690874343497954173356
2.06174687501570805601
-0.0348031540009242858779
-0.259185408460500770356
0.00973825510248536679959
-4.20218624008615353795e-16
-1.81070606536693016276e-15
-3.90535877728061620997e-15
-5.29210258735786464325e-15
1.37853371830215768561e-16
8.11095342163273113967e-16
2.42051728043346680206e-15
-4.0859349270109871054e-17
-3.04286994498327444037e-16
1.14328364177370809591e-17
-0.131280299010018816538
-0.772420997985982687011
-2.30510308246644300572
0.0389111090887302411602
0.289778096046864421136
-0.0108877001956957293071
9.36205304384585766951e-17
6.97209092639598438738e-16
-2.61959191461639711467e-17
0.0109555369902960358141
0.866025403784438646764
2.16641176211917118258
2.31032818579907997077
0.633316951655704408844
-1.58147393642681188848
-0.419911898644760451493
-1.692530506019629568
-3.27919959041331042705
-3.68044026197771528869
0.161605450802186103457
0.893383779064003020779
2.4416181871438365926
-0.0561934614215581238893
-0.394131138611810471536
0.0184460786376141638194
0.727308743155437606891
2.93154882978625878042
5.67974029875490375991
6.37470952796750958904
-0.279908851569458814327
-1.54738609599674135792
-4.22900675281733890608
0.097329930235300263073
0.682655156920627183894
-0.0319495454007586137745
0.361360773528185624461
1.99766685998276186154
5.45962424155341533029
-0.125652399629615784975
-0.881304017985399285226
0.0412466857520119259208
0.148673924229344558926
1.04277297671357505433
-0.048803736739468093304
0.0553382359128422784537
0.866025403784438646764
2.34171289724278301707
2.96477225291286522294
1.72291124915640785502
-0.770538261980134144581
0.17896679397347856386
0.771161107177409570972
1.66325217340144993694
2.25385211251077265848
-0.0587103345385801577448
-0.345437171748977523004
-1.03087343750785533012
-0.0130511827503465647059
-0.097194528172687472391
0.00365184566343202175131
-0.309979580029777277559
-1.33569021845234544158
-2.88083727013067958377
-3.90378637161511456164
-0.152533923525279817007
-0.89747209843818675666
-2.67828775490517369408
-0.007535103874155530828
-0.0561152870042593405345
0.00843357630728576548424
0.0656401495050095027183
0.386210498992991899223
1.15255154123322316126
0.0486388863609128252812
0.362222620058580703893
0.0108877001956957100168
-0.0115100612908910610683
-0.0857175167803978612851
-0.0112721880271359321685
0.00182592283171601183039
0.866025403784438646764
2.34171289724278290705
2.9647722529128647931
1.72291124915640707754
-0.770538261980134861861
0.178966793973478564404
0.771161107177409542061
1.66325217340144976879
2.25385211251077219285
-0.0587103345385801746387
-0.345437171748977609303
-1.03087343750785553328
-0.013051182750346566663
-0.097194528172687483416
0.00365184566343202385294
0.309979580029776714063
1.33569021845234295936
2.88083727013067404686
3.9037863716151066468
0.152533923525279547347
0.897472098438185136014
2.6782877549051687164
0.00753510387415551399245
0.0561152870042592131078
-0.0084335763072857529026
0.0656401495050091353029
0.386210498992989722794
1.15255154123321660545
0.0486388863609125559168
0.362222620058578684659
0.0108877001956956495232
0.011510061290890930559
0.0857175167803968862286
0.011272188027135805071
0.00182592283171597706167
0.866025403784438646764
2.16641176211917162804
2.31032818579908155629
0.633316951655706811097
-1.58147393642681059607
0.839823797289520511763
3.38506101203925815298
6.55839918082662084353
7.360880523955434536
0.484816352406557818125
2.68015133719200677917
7.32485456143150525237
0.224773845686232141566
1.57652455444723965083
0.0922303931880706135747
-4.40157826427731156893e-17
-1.77413536290971185697e-16
-3.43730522711407237482e-16
-3.85789159877962374351e-16
-6.775888389306199455e-17
-3.74583205313046669092e-16
-1.02373603385678503903e-15
-5.89028125151751786061e-17
-4.13134054688035313378e-16
-3.86709017079602249569e-17
1.32348872960754506368e-33
7.31648194374772091132e-33
1.99959477644423710435e-32
2.76122169765560169298e-33
1.93667274470322705093e-32
3.17239745493868001601e-33
-3.29536606365521871393e-50
-2.3113122878614412852e-49
-8.65390100729248736364e-50
7.42307401249790530405e-67
0.866025403784438646764
2.97447105737350527065
5.8343164476580526529
8.44363445060831281148
9.69249058134371980487
-0.134219795007179349575
-0.713168075706706298434
-2.0954343155718792884
-4.47558215128436375344
0.0165109774934465013489
0.118337839585822499605
0.459742034902608245496
-0.00183510515530936540005
-0.0165368696190563965111
0.000192547381306957339592
-0.232475504333914163399
-1.23524334146014289854
-3.62939869849381129092
-7.75193567947293560197
0.0285978519012755723115
0.204967150620580132224
0.796296562826421645172
-0.00317849536622739645509
-0.028642698378347864916
0.000333501847287987995813
0.0369196680503154686172
0.264611453624364690138
1.02801444215631303155
-0.00410341987313205051545
-0.036977564603261157556
0.000430549033491928892919
-0.00485523187060114372235
-0.043752444475522667549
0.000509432486534936073466
0.000577642143920872210141
0.866025403784438646764
2.97447105737350527065
5.8343164476580526529
8.44363445060831281148
9.69249058134371980487
-0.134219795007179349575
-0.713168075706706298434
-2.0954343155718792884
-4.47558215128436375344
0.0165109774934465013489
0.118337839585822499605
0.459742034902608245496
-0.00183510515530936540005
-0.0165368696190563965111
0.000192547381306957339592
0.232475504333914163398
1.23524334146014289854
3.62939869849381129092
7.75193567947293560197
-0.0285978519012755723115
-0.204967150620580132224
-0.796296562826421645172
0.00317849536622739645509
0.028642698378347864916
-0.000333501847287987995813
0.0369196680503154686172
0.264611453624364690138
1.02801444215631303155
-0.00410341987313205051545
-0.0369775646032611575559
0.000430549033491928892919
0.00485523187060114372234
0.0437524444755226675489
-0.000509432486534936073466
0.00057764214392087221014
0.866025403784438646764
2.97447105737350527065
5.83431644765805265289
8.44363445060831281146
9.69249058134371980484
0.26843959001435869915
1.42633615141341259687
4.1908686311437585768
8.95116430256872750689
0.0495329324803395029011
0.355013518757467490605
1.37922610470782470459
0.00734042062123746163098
0.0661474784762255863218
0.00096273690653478669614
-7.38429043501444445424e-23
-3.92359428034963096109e-22
-1.1528326036298005345e-21
-2.46230434706614797053e-21
-3.63349841716191667641e-23
-2.60420894520699126223e-22
-1.01173413674899959226e-21
-1.00960886170864821727e-23
-9.09799095927298615125e-23
-2.11865289467323583856e-24
3.72495413824481371138e-45
2.66975728996737449209e-44
1.03719964255010995608e-43
2.48405009761434733077e-45
2.23847731409853198379e-44
9.12231481566546649685e-46
-1.55598243126745161998e-67
-1.40215826438972843572e-66
-1.30608468570150502923e-67
5.88010601457163096368e-90
0.866025403784438646764
3.35410196624968460668
7.93725393319377195968
14.9999999999999999282
24.8746859276654966809
0.0
0.0
0.0
0.0
0.0
0.0
0.0
0.0
0.0
0.0
0.0
0.0
0.0
0.0
0.0
0.0
0.0
0.0
0.0
0.0
0.0
0.0
0.0
0.0
0.0
0.0
0.0
0.0
0.0
0.0
