918.750000000000202613
135.479300975206784836
-9.84374999999998717825
-6.90787240377823940714
26.250000000000030467
135.479300975206872582
-24.6572645934578821874
2.82032323657262738793
26.2500000000000366084
-9.8437499999999920753
2.82032323657262911799
26.2500000000000195642
-6.90787240377823633809
26.2500000000000148627
26.2500000000000123007
135.479300975206887501
-24.6572645934578778005
2.82032323657262513041
26.2500000000000295686
-24.6572645934578711586
7.58789062499999942286
26.250000000000015347
2.82032323657262514571
26.2500000000000050752
26.2500000000000033719
-9.84375000000000108868
2.82032323657262851088
26.2500000000000128034
2.82032323657262748711
26.2500000000000041351
26.2499999999999974997
-6.9078724037782230017
26.2499999999999971102
26.249999999999993468
26.2499999999999958366
135.479300975206784836
215.586734693877556922
39.5758928571428496644
-1.60714285714285473747
-6.90787240377823940722
-31.4573695432054988001
-2.97910990297635282296
-1.32927482693234663321
-11.1625364431486926713
10.7654472901264436337
2.73849121975919672062
-11.6359830044121530953
-11.1625364431486928357
5.91801094262240358703
26.2500000000000123006
-31.4573695432054893543
-2.97910990297634924642
-1.32927482693234782048
-11.1625364431486967328
1.95100299088887663864
2.23911830357142764534
-12.493523554543246035
-4.63519547399060159868
1.51631173231650257222
26.2500000000000033719
10.7654472901264385123
2.73849121975919407964
-11.6359830044121561867
-4.63519547399059877677
1.51631173231650327866
26.2499999999999974997
-11.1625364431486831338
5.91801094262239297429
26.249999999999993468
26.2499999999999958366
-9.84374999999998717825
39.5758928571428496644
163.652343749999987768
39.5758928571428496644
-9.84374999999998717818
10.765447290126445439
-8.52821196472183052894
-8.52821196472183052894
10.765447290126445439
7.5878906250000022454
6.19518177935344128195
7.58789062500000224542
-11.6359830044121526308
-11.6359830044121526308
26.2500000000000123006
10.7654472901264471951
-8.52821196472182923686
-8.52821196472182923685
10.7654472901264471951
11.6559165429562227114
3.66577148437499914336
11.6559165429562227114
-13.0440503923121868281
-13.0440503923121868281
26.2500000000000033719
7.58789062500000097449
6.19518177935343711559
7.58789062500000097449
-13.0440503923121842663
-13.0440503923121842663
26.2499999999999974997
-11.6359830044121517718
-11.6359830044121517718
26.249999999999993468
26.2499999999999958366
-6.90787240377823940714
-1.60714285714285473747
39.5758928571428496644
215.586734693877556922
135.479300975206784836
-11.1625364431486926713
-1.32927482693234663321
-2.97910990297635282296
-31.4573695432054988
-11.6359830044121530953
2.73849121975919672062
10.7654472901264436337
5.91801094262240358703
-11.1625364431486928357
26.2500000000000123005
-11.1625364431486967328
-1.32927482693234782048
-2.97910990297634924643
-31.4573695432054893543
-12.493523554543246035
2.23911830357142764534
1.95100299088887663864
1.51631173231650257222
-4.63519547399060159867
26.2500000000000033719
-11.6359830044121561867
2.73849121975919407964
10.7654472901264385123
1.51631173231650327866
-4.63519547399059877676
26.2499999999999974997
5.91801094262239297427
-11.1625364431486831338
26.249999999999993468
26.2499999999999958366
26.250000000000030467
-6.90787240377823940722
-9.84374999999998717818
135.479300975206784836
918.750000000000202615
26.2500000000000366087
2.82032323657262738792
-24.6572645934578821874
135.479300975206872582
26.2500000000000195642
2.820323236572629118
-9.84374999999999207536
26.2500000000000148628
-6.9078724037782363381
26.2500000000000123005
26.2500000000000295688
2.82032323657262513039
-24.6572645934578778005
135.479300975206887502
26.2500000000000153471
7.58789062499999942287
-24.6572645934578711587
26.2500000000000050752
2.82032323657262514572
26.2500000000000033719
26.2500000000000128035
2.82032323657262851089
-9.8437500000000010887
26.2500000000000041351
2.82032323657262748712
26.2499999999999974997
26.2499999999999971102
-6.9078724037782230017
26.249999999999993468
26.2499999999999958366
135.479300975206872582
-31.4573695432054988001
10.765447290126445439
-11.1625364431486926713
26.2500000000000366087
215.586734693877601119
-2.97910990297636018033
2.73849121975919822633
5.91801094262240005038
39.575892857142860006
-1.32927482693234830769
-11.6359830044121551693
-1.60714285714285024201
-11.1625364431486913228
-6.90787240377823241707
-31.4573695432054636455
1.95100299088887628167
-4.63519547399060515612
26.2500000000000235743
-2.97910990297634787745
2.23911830357142921633
1.51631173231650353518
-1.32927482693234886731
-12.4935235545432448219
-11.1625364431486919435
10.7654472901264355426
-4.63519547399059903304
26.250000000000009462
2.73849121975919396043
1.51631173231650218144
-11.6359830044121522347
-11.1625364431486834762
26.2499999999999971991
5.91801094262239292222
26.2499999999999958366
-24.6572645934578821874
-2.97910990297635282296
-8.52821196472183052894
-1.32927482693234663321
2.82032323657262738792
-2.97910990297636018033
40.8128892100949025699
2.78704641864004181097
2.73849121975919822631
-8.52821196472183563105
2.78704641864004352374
6.19518177935344180932
-1.32927482693234730489
2.73849121975919651956
2.82032323657262614863
1.95100299088887636914
-8.00394925979505340475
3.99209137294545705228
-4.63519547399060535368
-8.00394925979505357941
-3.41639263224098928954
3.61711782546928009591
3.99209137294545699935
3.61711782546927914007
-4.6351954739906030191
11.6559165429562241498
3.61711782546927969606
-13.0440503923121867266
3.61711782546928002119
-0.373364101039293842867
-13.0440503923121835563
-12.4935235545432386505
1.51631173231650069843
1.51631173231650080587
26.2499999999999958366
2.82032323657262738793
-1.32927482693234663321
-8.52821196472183052894
-2.97910990297635282296
-24.6572645934578821874
2.73849121975919822633
2.78704641864004181097
40.8128892100949025699
-2.97910990297636018027
6.1951817793534418093
2.78704641864004352374
-8.52821196472183563107
2.73849121975919651956
-1.32927482693234730489
2.82032323657262614863
-4.63519547399060535369
3.99209137294545705229
-8.00394925979505340475
1.95100299088887636913
3.61711782546928009591
-3.41639263224098928954
-8.00394925979505357942
3.61711782546927914006
3.99209137294545699935
-4.6351954739906030191
-13.0440503923121867266
3.61711782546927969606
11.6559165429562241498
-0.373364101039293842866
3.61711782546928002119
-13.0440503923121835563
1.51631173231650069844
-12.4935235545432386505
1.51631173231650080587
26.2499999999999958366
26.2500000000000366084
-11.1625364431486926713
10.765447290126445439
-31.4573695432054988
135.479300975206872582
5.91801094262240005038
2.73849121975919822631
-2.97910990297636018027
215.586734693877601119
-11.6359830044121551693
-1.32927482693234830769
39.575892857142860006
-11.1625364431486913228
-1.607142857142850242
-6.907872403778232417
26.2500000000000235742
-4.63519547399060515612
1.95100299088887628169
-31.4573695432054636455
1.51631173231650353517
2.23911830357142921633
-2.97910990297634787746
-12.4935235545432448219
-1.32927482693234886731
-11.1625364431486919435
26.250000000000009462
-4.63519547399059903304
10.7654472901264355426
1.51631173231650218143
2.73849121975919396043
-11.6359830044121522347
26.2499999999999971991
-11.1625364431486834762
5.91801094262239292222
26.2499999999999958366
-9.8437499999999920753
10.7654472901264436337
7.5878906250000022454
-11.6359830044121530953
26.2500000000000195642
39.575892857142860006
-8.52821196472183563105
6.1951817793534418093
-11.6359830044121551693
163.652343750000021222
-8.52821196472183511382
7.587890624999999609
39.5758928571428603451
10.7654472901264484077
-9.84374999999999696164
10.7654472901264397789
11.6559165429562237737
-13.0440503923121887874
26.2500000000000089192
-8.52821196472182717191
3.66577148437499964916
-13.0440503923121883713
-8.52821196472182917563
11.6559165429562269744
10.7654472901264375962
7.58789062499999925963
-13.0440503923121842663
26.2500000000000050261
6.19518177935343738986
-13.0440503923121857369
7.58789062500000083264
-11.6359830044121521258
26.2499999999999966809
-11.6359830044121505484
26.2499999999999958366
2.82032323657262911799
2.73849121975919672062
6.19518177935344128195
2.73849121975919672062
2.820323236572629118
-1.32927482693234830769
2.78704641864004352374
2.78704641864004352374
-1.32927482693234830769
-8.52821196472183511382
40.8128892100949016365
-8.52821196472183511385
-2.97910990297635404697
-2.97910990297635404695
-24.657264593457872793
-4.63519547399060125237
3.61711782546927872259
3.61711782546927872259
-4.63519547399060125237
3.99209137294545660628
-3.41639263224098906868
3.99209137294545660628
-8.00394925979505373437
-8.00394925979505373438
1.95100299088887679848
-13.0440503923121844846
-0.373364101039293402939
-13.0440503923121844846
3.61711782546927943744
3.61711782546927943744
11.6559165429562231136
1.51631173231650029051
1.5163117323165002905
-12.493523554543237889
26.2499999999999958366
26.2500000000000195642
-11.6359830044121530953
7.58789062500000224542
10.7654472901264436337
-9.84374999999999207536
-11.6359830044121551693
6.19518177935344180932
-8.52821196472183563107
39.575892857142860006
7.587890624999999609
-8.52821196472183511385
163.652343750000021223
10.7654472901264484077
39.5758928571428603451
-9.8437499999999969617
26.2500000000000089193
-13.0440503923121887874
11.6559165429562237737
10.7654472901264397789
-13.0440503923121883714
3.66577148437499964917
-8.5282119647218271719
11.6559165429562269744
-8.52821196472182917562
10.7654472901264375962
26.2500000000000050261
-13.0440503923121842663
7.58789062499999925963
-13.0440503923121857369
6.19518177935343738985
7.58789062500000083264
26.2499999999999966809
-11.6359830044121521259
-11.6359830044121505484
26.2499999999999958366
-6.90787240377823633809
-11.1625364431486928357
-11.6359830044121526308
5.91801094262240358703
26.2500000000000148628
-1.60714285714285024201
-1.32927482693234730489
2.73849121975919651956
-11.1625364431486913228
39.5758928571428603451
-2.97910990297635404697
10.7654472901264484077
215.586734693877584876
-31.4573695432055232126
135.479300975206785458
-11.1625364431486933285
-12.4935235545432436336
1.51631173231650250034
26.2500000000000057885
-1.3292748269323505336
2.2391183035714277753
-4.63519547399060062886
-2.97910990297634662448
1.95100299088887680465
-31.4573695432054787063
-11.6359830044121552233
1.51631173231650094491
26.2500000000000013717
2.73849121975919398709
-4.63519547399059825073
10.7654472901264380219
5.91801094262239144369
26.2499999999999949794
-11.1625364431486843742
26.2499999999999958366
26.2500000000000148627
5.91801094262240358703
-11.6359830044121526308
-11.1625364431486928357
-6.9078724037782363381
-11.1625364431486913228
2.73849121975919651956
-1.32927482693234730489
-1.607142857142850242
10.7654472901264484077
-2.97910990297635404695
39.5758928571428603451
-31.4573695432055232126
215.586734693877584875
135.479300975206785459
26.2500000000000057885
1.51631173231650250035
-12.4935235545432436336
-11.1625364431486933285
-4.63519547399060062885
2.2391183035714277753
-1.3292748269323505336
1.95100299088887680464
-2.97910990297634662447
-31.4573695432054787063
26.2500000000000013717
1.51631173231650094491
-11.6359830044121552233
-4.63519547399059825073
2.73849121975919398709
10.7654472901264380219
26.2499999999999949793
5.91801094262239144369
-11.1625364431486843742
26.2499999999999958366
26.2500000000000123007
26.2500000000000123006
26.2500000000000123006
26.2500000000000123005
26.2500000000000123005
-6.90787240377823241707
2.82032323657262614863
2.82032323657262614863
-6.907872403778232417
-9.84374999999999696164
-24.657264593457872793
-9.8437499999999969617
135.479300975206785458
135.479300975206785459
918.7499999999999893
26.250000000000003372
26.2500000000000019525
26.2500000000000019524
26.2500000000000033718
2.82032323657262553173
7.5878906249999983625
2.82032323657262553174
-24.6572645934578740042
-24.6572645934578740041
135.479300975206846323
26.2499999999999974998
26.2499999999999967582
26.2499999999999974997
2.82032323657262933935
2.82032323657262933936
-9.84374999999999453785
26.249999999999993468
26.249999999999993468
-6.90787240377822588223
26.2499999999999958366
135.479300975206887501
-31.4573695432054893543
10.7654472901264471951
-11.1625364431486967328
26.2500000000000295688
-31.4573695432054636455
1.95100299088887636914
-4.63519547399060535369
26.2500000000000235742
10.7654472901264397789
-4.63519547399060125237
26.2500000000000089193
-11.1625364431486933285
26.2500000000000057885
26.250000000000003372
215.586734693877599627
-2.97910990297636277647
2.73849121975919644619
5.91801094262240147026
-2.97910990297634939296
2.23911830357142918506
1.51631173231650655771
2.73849121975919356776
1.51631173231650443441
5.91801094262239807842
39.5758928571428666403
-1.32927482693234977124
-11.6359830044121577566
-1.32927482693234971575
-12.4935235545432433932
-11.6359830044121520705
-1.60714285714285944666
-11.1625364431486875112
-11.1625364431486858033
-6.90787240377822659791
-24.6572645934578778005
-2.97910990297634924642
-8.52821196472182923686
-1.32927482693234782048
2.82032323657262513039
1.95100299088887628167
-8.00394925979505340475
3.99209137294545705229
-4.63519547399060515612
11.6559165429562237737
3.61711782546927872259
-13.0440503923121887874
-12.4935235545432436336
1.51631173231650250035
26.2500000000000019525
-2.97910990297636277647
40.8128892100949012797
2.78704641864004074475
2.7384912197591964462
-8.00394925979505442099
-3.41639263224098884001
3.6171178254692808379
3.61711782546927986365
-0.373364101039293185221
1.51631173231650454595
-8.52821196472183363054
2.78704641864004381476
6.19518177935343998437
3.99209137294545659314
3.61711782546927923209
-13.0440503923121839522
-1.3292748269323517059
2.73849121975919446842
-4.63519547399059818986
2.82032323657262866342
2.82032323657262513041
-1.32927482693234782048
-8.52821196472182923685
-2.97910990297634924643
-24.6572645934578778005
-4.63519547399060515612
3.99209137294545705228
-8.00394925979505340475
1.95100299088887628169
-13.0440503923121887874
3.61711782546927872259
11.6559165429562237737
1.51631173231650250034
-12.4935235545432436336
26.2500000000000019524
2.73849121975919644619
2.78704641864004074475
40.8128892100949012797
-2.97910990297636277649
3.6171178254692808379
-3.41639263224098884001
-8.00394925979505442099
-0.37336410103929318522
3.61711782546927986365
1.51631173231650454595
6.19518177935343998436
2.78704641864004381476
-8.52821196472183363054
3.61711782546927923209
3.99209137294545659314
-13.0440503923121839522
2.73849121975919446842
-1.3292748269323517059
-4.63519547399059818986
2.82032323657262866342
26.2500000000000295686
-11.1625364431486967328
10.7654472901264471951
-31.4573695432054893543
135.479300975206887502
26.2500000000000235743
-4.63519547399060535368
1.95100299088887636913
-31.4573695432054636455
26.2500000000000089192
-4.63519547399060125237
10.7654472901264397789
26.2500000000000057885
-11.1625364431486933285
26.2500000000000033718
5.91801094262240147026
2.7384912197591964462
-2.97910990297636277649
215.586734693877599627
1.5163117323165065577
2.23911830357142918506
-2.97910990297634939296
1.5163117323165044344
2.73849121975919356776
5.91801094262239807842
-11.6359830044121577566
-1.32927482693234977124
39.5758928571428666403
-12.4935235545432433932
-1.32927482693234971576
-11.6359830044121520705
-11.1625364431486875112
-1.60714285714285944666
-11.1625364431486858033
-6.90787240377822659791
-24.6572645934578711586
1.95100299088887663864
11.6559165429562227114
-12.493523554543246035
26.2500000000000153471
-2.97910990297634787745
-8.00394925979505357941
3.61711782546928009591
1.51631173231650353517
-8.52821196472182717191
3.99209137294545660628
-13.0440503923121883714
-1.3292748269323505336
-4.63519547399060062885
2.82032323657262553173
-2.97910990297634939296
-8.00394925979505442099
3.6171178254692808379
1.5163117323165065577
40.8128892100949059011
-3.41639263224098995476
-0.373364101039295261158
2.78704641864004404891
3.61711782546928087925
2.73849121975919422329
-8.52821196472182743229
3.99209137294545684234
-13.0440503923121883211
2.78704641864004476128
3.6171178254692797603
6.19518177935343664675
-1.32927482693235151224
-4.63519547399059946363
2.73849121975919371647
2.82032323657262866342
7.58789062499999942286
2.23911830357142764534
3.66577148437499914336
2.23911830357142764534
7.58789062499999942287
2.23911830357142921633
-3.41639263224098928954
-3.41639263224098928954
2.23911830357142921633
3.66577148437499964916
-3.41639263224098906868
3.66577148437499964917
2.2391183035714277753
2.2391183035714277753
7.5878906249999983625
2.23911830357142918506
-3.41639263224098884001
-3.41639263224098884001
2.23911830357142918506
-3.41639263224098995476
7.90512084960937408841
-3.41639263224098995476
-3.41639263224098962475
-3.41639263224098962475
2.23911830357142898046
3.66577148437500004229
-3.41639263224098919594
3.66577148437500004229
-3.41639263224098954801
-3.41639263224098954802
3.66577148437499947112
2.23911830357142831525
2.23911830357142831525
2.23911830357142805405
7.58789062499999996179
26.250000000000015347
-12.493523554543246035
11.6559165429562227114
1.95100299088887663864
-24.6572645934578711587
1.51631173231650353518
3.61711782546928009591
-8.00394925979505357942
-2.97910990297634787746
-13.0440503923121883713
3.99209137294545660628
-8.5282119647218271719
-4.63519547399060062886
-1.3292748269323505336
2.82032323657262553174
1.51631173231650655771
3.6171178254692808379
-8.00394925979505442099
-2.97910990297634939296
-0.373364101039295261158
-3.41639263224098995476
40.8128892100949059012
3.61711782546928087925
2.78704641864004404892
2.73849121975919422329
-13.0440503923121883211
3.99209137294545684234
-8.52821196472182743229
3.6171178254692797603
2.78704641864004476129
6.19518177935343664675
-4.63519547399059946362
-1.32927482693235151225
2.73849121975919371647
2.82032323657262866342
2.82032323657262514571
-4.63519547399060159868
-13.0440503923121868281
1.51631173231650257222
26.2500000000000050752
-1.32927482693234886731
3.99209137294545699935
3.61711782546927914006
-12.4935235545432448219
-8.52821196472182917563
-8.00394925979505373437
11.6559165429562269744
-2.97910990297634662448
1.95100299088887680464
-24.6572645934578740042
2.73849121975919356776
3.61711782546927986365
-0.37336410103929318522
1.5163117323165044344
2.78704641864004404891
-3.41639263224098962475
3.61711782546928087925
40.8128892100949071273
-8.00394925979505636326
-2.97910990297635829563
6.19518177935343792909
3.61711782546927953304
-13.0440503923121866737
2.78704641864004509974
3.992091372945456807
-8.5282119647218308766
2.73849121975919437995
-4.63519547399059905871
-1.32927482693235134495
2.82032323657262866342
26.2500000000000050752
1.51631173231650257222
-13.0440503923121868281
-4.63519547399060159867
2.82032323657262514572
-12.4935235545432448219
3.61711782546927914007
3.99209137294545699935
-1.32927482693234886731
11.6559165429562269744
-8.00394925979505373438
-8.52821196472182917562
1.95100299088887680465
-2.97910990297634662447
-24.6572645934578740041
1.51631173231650443441
-0.373364101039293185221
3.61711782546927986365
2.73849121975919356776
3.61711782546928087925
-3.41639263224098962475
2.78704641864004404892
-8.00394925979505636326
40.8128892100949071273
-2.97910990297635829563
-13.0440503923121866737
3.61711782546927953305
6.19518177935343792908
3.992091372945456807
2.78704641864004509975
-8.5282119647218308766
-4.6351954739905990587
2.73849121975919437995
-1.32927482693235134495
2.82032323657262866342
26.2500000000000033719
26.2500000000000033719
26.2500000000000033719
26.2500000000000033719
26.2500000000000033719
-11.1625364431486919435
-4.6351954739906030191
-4.6351954739906030191
-11.1625364431486919435
10.7654472901264375962
1.95100299088887679848
10.7654472901264375962
-31.4573695432054787063
-31.4573695432054787063
135.479300975206846323
5.91801094262239807842
1.51631173231650454595
1.51631173231650454595
5.91801094262239807842
2.73849121975919422329
2.23911830357142898046
2.73849121975919422329
-2.97910990297635829563
-2.97910990297635829563
215.586734693877549972
-11.6359830044121520705
-12.4935235545432398109
-11.6359830044121520705
-1.32927482693235091108
-1.32927482693235091108
39.5758928571428544498
-11.1625364431486858033
-11.1625364431486858033
-1.60714285714285763616
-6.90787240377822659791
-9.84375000000000108868
10.7654472901264385123
7.58789062500000097449
-11.6359830044121561867
26.2500000000000128035
10.7654472901264355426
11.6559165429562241498
-13.0440503923121867266
26.250000000000009462
7.58789062499999925963
-13.0440503923121844846
26.2500000000000050261
-11.6359830044121552233
26.2500000000000013717
26.2499999999999974998
39.5758928571428666403
-8.52821196472183363054
6.19518177935343998436
-11.6359830044121577566
-8.52821196472182743229
3.66577148437500004229
-13.0440503923121883211
6.19518177935343792909
-13.0440503923121866737
-11.6359830044121520705
163.652343750000017055
-8.5282119647218331832
7.58789062499999595135
-8.5282119647218306565
11.6559165429562262338
7.58789062499999951743
39.575892857142855682
10.7654472901264411568
10.7654472901264397059
-9.84375000000000010192
2.82032323657262851088
2.73849121975919407964
6.19518177935343711559
2.73849121975919407964
2.82032323657262851089
-4.63519547399059903304
3.61711782546927969606
3.61711782546927969606
-4.63519547399059903304
-13.0440503923121842663
-0.373364101039293402939
-13.0440503923121842663
1.51631173231650094491
1.51631173231650094491
26.2499999999999967582
-1.32927482693234977124
2.78704641864004381476
2.78704641864004381476
-1.32927482693234977124
3.99209137294545684234
-3.41639263224098919594
3.99209137294545684234
3.61711782546927953304
3.61711782546927953305
-12.4935235545432398109
-8.5282119647218331832
40.8128892100948991316
-8.5282119647218331832
-8.00394925979505222886
-8.00394925979505222887
11.6559165429562223234
-2.97910990297635685017
-2.97910990297635685019
1.95100299088888183798
-24.6572645934578705188
26.2500000000000128034
-11.6359830044121561867
7.58789062500000097449
10.7654472901264385123
-9.8437500000000010887
26.250000000000009462
-13.0440503923121867266
11.6559165429562241498
10.7654472901264355426
26.2500000000000050261
-13.0440503923121844846
7.58789062499999925963
26.2500000000000013717
-11.6359830044121552233
26.2499999999999974997
-11.6359830044121577566
6.19518177935343998437
-8.52821196472183363054
39.5758928571428666403
-13.0440503923121883211
3.66577148437500004229
-8.52821196472182743229
-13.0440503923121866737
6.19518177935343792908
-11.6359830044121520705
7.58789062499999595135
-8.5282119647218331832
163.652343750000017055
11.6559165429562262338
-8.52821196472183065649
7.58789062499999951743
10.7654472901264411568
39.5758928571428556821
10.7654472901264397059
-9.84375000000000010192
2.82032323657262748711
-4.63519547399059877677
-13.0440503923121842663
1.51631173231650327866
26.2500000000000041351
2.73849121975919396043
3.61711782546928002119
-0.373364101039293842866
1.51631173231650218143
6.19518177935343738986
3.61711782546927943744
-13.0440503923121857369
2.73849121975919398709
-4.63519547399059825073
2.82032323657262933935
-1.32927482693234971575
3.99209137294545659314
3.61711782546927923209
-12.4935235545432433932
2.78704641864004476128
-3.41639263224098954801
3.6171178254692797603
2.78704641864004509974
3.992091372945456807
-1.32927482693235091108
-8.5282119647218306565
-8.00394925979505222886
11.6559165429562262338
40.8128892100949032773
-8.00394925979505509219
-8.52821196472182915532
-2.97910990297635574324
1.95100299088888447788
-2.97910990297635496124
-24.6572645934578705188
26.2500000000000041351
1.51631173231650327866
-13.0440503923121842663
-4.63519547399059877676
2.82032323657262748712
1.51631173231650218144
-0.373364101039293842867
3.61711782546928002119
2.73849121975919396043
-13.0440503923121857369
3.61711782546927943744
6.19518177935343738985
-4.63519547399059825073
2.73849121975919398709
2.82032323657262933936
-12.4935235545432433932
3.61711782546927923209
3.99209137294545659314
-1.32927482693234971576
3.6171178254692797603
-3.41639263224098954802
2.78704641864004476129
3.992091372945456807
2.78704641864004509975
-1.32927482693235091108
11.6559165429562262338
-8.00394925979505222887
-8.52821196472183065649
-8.00394925979505509219
40.8128892100949032774
-8.52821196472182915532
1.95100299088888447787
-2.97910990297635574322
-2.97910990297635496124
-24.6572645934578705188
26.2499999999999974997
26.2499999999999974997
26.2499999999999974997
26.2499999999999974997
26.2499999999999974997
-11.6359830044121522347
-13.0440503923121835563
-13.0440503923121835563
-11.6359830044121522347
7.58789062500000083264
11.6559165429562231136
7.58789062500000083264
10.7654472901264380219
10.7654472901264380219
-9.84374999999999453785
-11.6359830044121520705
-13.0440503923121839522
-13.0440503923121839522
-11.6359830044121520705
6.19518177935343664675
3.66577148437499947112
6.19518177935343664675
-8.5282119647218308766
-8.5282119647218308766
39.5758928571428544498
7.58789062499999951743
11.6559165429562223234
7.58789062499999951743
-8.52821196472182915532
-8.52821196472182915532
163.652343749999987016
10.7654472901264397059
10.7654472901264397059
39.5758928571428473945
-9.84375000000000010192
-6.9078724037782230017
-11.1625364431486831338
-11.6359830044121517718
5.91801094262239297427
26.2499999999999971102
-11.1625364431486834762
-12.4935235545432386505
1.51631173231650069844
26.2499999999999971991
-11.6359830044121521258
1.51631173231650029051
26.2499999999999966809
5.91801094262239144369
26.2499999999999949793
26.249999999999993468
-1.60714285714285944666
-1.3292748269323517059
2.73849121975919446842
-11.1625364431486875112
-1.32927482693235151224
2.23911830357142831525
-4.63519547399059946362
2.73849121975919437995
-4.6351954739905990587
-11.1625364431486858033
39.575892857142855682
-2.97910990297635685017
10.7654472901264411568
-2.97910990297635574324
1.95100299088888447787
10.7654472901264397059
215.586734693877525374
-31.4573695432054704307
-31.4573695432054649647
135.479300975206801276
26.2499999999999971102
5.91801094262239297429
-11.6359830044121517718
-11.1625364431486831338
-6.9078724037782230017
26.2499999999999971991
1.51631173231650069843
-12.4935235545432386505
-11.1625364431486834762
26.2499999999999966809
1.5163117323165002905
-11.6359830044121521259
26.2499999999999949794
5.91801094262239144369
26.249999999999993468
-11.1625364431486875112
2.73849121975919446842
-1.3292748269323517059
-1.60714285714285944666
-4.63519547399059946363
2.23911830357142831525
-1.32927482693235151225
-4.63519547399059905871
2.73849121975919437995
-11.1625364431486858033
10.7654472901264411568
-2.97910990297635685019
39.5758928571428556821
1.95100299088888447788
-2.97910990297635574322
10.7654472901264397059
-31.4573695432054704307
215.586734693877525375
-31.4573695432054649647
135.479300975206801276
26.249999999999993468
26.249999999999993468
26.249999999999993468
26.249999999999993468
26.249999999999993468
5.91801094262239292222
1.51631173231650080587
1.51631173231650080587
5.91801094262239292222
-11.6359830044121505484
-12.493523554543237889
-11.6359830044121505484
-11.1625364431486843742
-11.1625364431486843742
-6.90787240377822588223
-11.1625364431486858033
-4.63519547399059818986
-4.63519547399059818986
-11.1625364431486858033
2.73849121975919371647
2.23911830357142805405
2.73849121975919371647
-1.32927482693235134495
-1.32927482693235134495
-1.60714285714285763616
10.7654472901264397059
1.95100299088888183798
10.7654472901264397059
-2.97910990297635496124
-2.97910990297635496124
39.5758928571428473945
-31.4573695432054649647
-31.4573695432054649647
215.586734693877514847
135.479300975206801276
26.2499999999999958366
26.2499999999999958366
26.2499999999999958366
26.2499999999999958366
26.2499999999999958366
26.2499999999999958366
26.2499999999999958366
26.2499999999999958366
26.2499999999999958366
26.2499999999999958366
26.2499999999999958366
26.2499999999999958366
26.2499999999999958366
26.2499999999999958366
26.2499999999999958366
-6.90787240377822659791
2.82032323657262866342
2.82032323657262866342
-6.90787240377822659791
2.82032323657262866342
7.58789062499999996179
2.82032323657262866342
2.82032323657262866342
2.82032323657262866342
-6.90787240377822659791
-9.84375000000000010192
-24.6572645934578705188
-9.84375000000000010192
-24.6572645934578705188
-24.6572645934578705188
-9.84375000000000010192
135.479300975206801276
135.479300975206801276
135.479300975206801276
918.749999999999892425
