-0.0155602015413392670432
0.0234398002841830870563
-0.00186046659951732409163
0.0234398002841830870562
-0.0155602015413392670431
0.0234398002841830853885
0.0495764837687881552959
0.0495764837687881552959
0.0234398002841830853885
-0.00186046659951732222831
0.0495764837687881577478
-0.00186046659951732222832
0.0234398002841830837801
0.0234398002841830837802
-0.015560201541339264894
0.0234398002841830868381
0.0495764837687881562805
0.0495764837687881562806
0.0234398002841830868381
0.0495764837687881569551
0.35190873550605763619
0.0495764837687881569551
0.0495764837687881547368
0.0495764837687881547368
0.0234398002841830885644
-0.00186046659951732549011
0.0495764837687881522198
-0.00186046659951732549011
0.0495764837687881520188
0.0495764837687881520187
-0.001860466599517325022
0.0234398002841830902174
0.0234398002841830902174
0.0234398002841830900848
-0.0155602015413392693925
-0.00867121505102734311655
-0.0056410021626953497595
-0.00387310102722254699208
-0.00564100216269534975952
-0.00867121505102734311654
-0.00564100216269534889197
-0.0640029653333462803727
-0.0640029653333462803727
-0.00564100216269534889196
-0.00387310102722254812011
-0.0640029653333462819554
-0.00387310102722254812012
-0.00564100216269534737292
-0.00564100216269534737289
-0.00867121505102734513265
0.01437254078601893339
-0.0438334474129806592338
-0.0438334474129806592338
0.01437254078601893339
-0.0438334474129806590986
-6.95972859303865680192e-18
-0.0438334474129806590986
-0.0438334474129806590986
-0.0438334474129806590986
0.0143725407860189332353
0.00387310102722254648021
0.151669860159307598489
0.00387310102722254648021
0.151669860159307598021
0.151669860159307598021
0.00387310102722254667856
-0.00309053646062823092124
-0.00309053646062823092123
-0.00309053646062823087339
0.026013645153082029699
-0.0000769603940470791468292
0.00596748105982868838459
0.0135250325732921985949
0.00596748105982868838458
-0.0000769603940470791468257
0.00596748105982868813722
0.0441754424144874763314
0.0441754424144874763314
0.00596748105982868813722
0.0135250325732921989679
0.0441754424144874769556
0.0135250325732921989679
0.00596748105982868725357
0.00596748105982868725357
-0.0000769603940470779166705
0.00585411064282639406186
-0.0189323324633517731235
-0.0189323324633517731235
0.00585411064282639406186
-0.0189323324633517733811
-0.134387368181058571106
-0.0189323324633517733811
-0.018932332463351772534
-0.018932332463351772534
0.00585411064282639340265
-0.0272868909527017638646
-0.0189323324633517770212
-0.0272868909527017638646
-0.0189323324633517769444
-0.0189323324633517769444
-0.0272868909527017640434
0.0619853868140400086278
0.0619853868140400086277
0.0619853868140400086784
-0.0255548893014392930842
0.000575530382153694868169
-0.00644580307139448818768
-0.0105029105855560576428
-0.00644580307139448818767
0.000575530382153694868167
-0.00644580307139448814802
-0.0157426479371617254762
-0.0157426479371617254762
-0.00644580307139448814802
-0.0105029105855560576939
-0.0157426479371617256177
-0.0105029105855560576939
-0.00644580307139448786159
-0.00644580307139448786159
0.000575530382153694431006
0.00172397374148416576187
0.0335415450321456246539
0.0335415450321456246539
0.00172397374148416576187
0.0335415450321456247177
0.0711111111111111145606
0.0335415450321456247177
0.0335415450321456242694
0.0335415450321456242694
0.00172397374148416619371
-0.0113433623244487905912
-0.0713765395016989936741
-0.0113433623244487905912
-0.0713765395016989934637
-0.0713765395016989934636
-0.0113433623244487906031
0.0289167721208501101498
0.0289167721208501101498
0.0289167721208501100974
-0.000438010562485143742296
0.00138846246476071679553
0.00192736775196787826397
0.00260481792983384631076
0.00192736775196787826398
0.00138846246476071679553
0.00192736775196787826008
0.00230137548933235832518
0.00230137548933235832518
0.00192736775196787826008
0.00260481792983384630979
0.00230137548933235833941
0.00260481792983384630979
0.00192736775196787822049
0.00192736775196787822048
0.00138846246476071686365
-0.00566164328960960987138
-0.0100007327977932370272
-0.0100007327977932370272
-0.00566164328960960987138
-0.0100007327977932370252
-0.0122518895574456344133
-0.0100007327977932370252
-0.010000732797793236948
-0.010000732797793236948
-0.00566164328960960996069
0.0150897926536395184376
0.0269055920635835490442
0.0150897926536395184376
0.0269055920635835489629
0.0269055920635835489629
0.0150897926536395184587
-0.0376157040901066297134
-0.0376157040901066297134
-0.0376157040901066296998
0.0456540001680965390763
-0.0122629499274165775201
-0.00797758176385972638428
-0.00547739200113929561946
-0.0079775817638597263843
-0.0122629499274165775201
0.0132499861380463983016
-0.0691208572643821628179
-0.0691208572643821628179
0.0132499861380463983016
0.00273869600056964504015
0.138241714528764327101
0.00273869600056964504018
-0.00527240437418666992291
-0.00527240437418666992298
0.0245258998548331546179
-0.000901725796557685222225
-0.0833828601591362926453
-0.0833828601591362926453
-0.000901725796557685222219
-0.0619898558170050995379
2.60063943836731830098e-18
-0.0619898558170050995379
0.145372715976141387683
0.145372715976141387683
0.00180345159311537656323
-0.00273869600056964511586
-0.0142620028947541222375
-0.00273869600056964511586
0.00713100144737706073389
0.00713100144737706073388
0.0054773920011392919782
-0.00707585596730204201523
-0.00707585596730204201522
0.0141517119346040837331
1.08552601946502262774e-19
-0.00720624652040232022419
0.0120924987855145570291
0.0204178611003696266911
0.012092498785514557029
-0.00720624652040232022418
0.0177682342176347295822
0.0272616337501550362231
0.0272616337501550362231
0.0177682342176347295822
-0.0102089305501848117227
-0.0545232675003100738912
-0.0102089305501848117226
-0.0298607330031492865987
-0.0298607330031492865988
0.0144124930408046386427
0.0177041022251161141632
-0.00843751469921630740114
-0.00843751469921630740114
0.0177041022251161141632
-0.0366736932756244000536
1.02570268158254827595e-18
-0.0366736932756244000536
0.0451112079748407064056
0.0451112079748407064056
-0.0354082044502322275736
-0.0332956408529825108133
-0.0902224159496814207243
-0.0332956408529825108133
0.0451112079748407089548
0.0451112079748407089548
0.0665912817059650244451
0.00182777981818810599724
0.00182777981818810599724
-0.00365555963637621159799
-1.00753119132966854901e-19
0.000385056360282800091633
-0.0110488371095283388631
-0.0155362675427294666334
-0.0110488371095283388631
0.000385056360282800091634
-0.00818148367323734499257
-0.0061823574202487471203
-0.00618235742024874712028
-0.00818148367323734499258
0.00776813377136473270832
0.0123647148404974948304
0.00776813377136473270832
0.0192303207827656834449
0.0192303207827656834449
-0.000770112720565598452142
0.00542032872049399191142
0.0402832253182893854502
0.0402832253182893854502
0.00542032872049399191142
0.0138613531522234174514
-8.52894465098874019292e-19
0.0138613531522234174514
-0.0541445784705128010418
-0.0541445784705128010418
-0.0108406574409879867081
-0.0077681337713647323121
-0.0400874211449443316365
-0.0077681337713647323121
0.0200437105724721652801
0.0200437105724721652801
0.0155362675427294651784
-0.0164691658300223317903
-0.0164691658300223317903
0.03293833166004466395
-1.11556225074718213309e-19
0.00293866046084985509824
0.00305876679639785015559
0.00380142872686036493431
0.0030587667963978501556
0.00293866046084985509823
0.00089150228878093368134
0.000621350299479837922518
0.000621350299479837922513
0.000891502288780933681344
-0.0019007143634301823629
-0.00124270059895967593724
-0.0019007143634301823629
-0.00395026908517878371757
-0.00395026908517878371756
-0.00587732092169971065364
-0.00982805947323205086647
-0.0130483562890765974387
-0.0130483562890765974387
-0.00982805947323205086647
1.33581574669966220978e-19
1.63638109223519625814e-19
1.33581290700817497275e-19
0.0130483562890765967904
0.0130483562890765967904
0.0196561189464641026478
0.0176877631346876812696
0.0260967125781531947852
0.0176877631346876812696
-0.0130483562890765970162
-0.0130483562890765970162
-0.035375526269375363109
-0.0211255260124713922782
-0.0211255260124713922782
0.0422510520249427843738
5.26533470331315379895e-20
-0.00399663893718724668553
0.0123245339359570224239
0.024128544513853860879
0.0123245339359570224239
-0.00399663893718724668554
0.0152831041041258400995
-0.015523388513062002581
-0.015523388513062002581
0.0152831041041258400995
-0.0396681193322132333818
-0.0600414500080729873891
-0.0396681193322132333818
0.0541719929930147325889
0.054171992993014732589
-0.0216482658728797006373
0.0154009220975197862036
0.050060134951559830989
0.0500601349515598309891
0.0154009220975197862036
-0.0381802755198657045724
-0.129314305325032532893
-0.0381802755198657045724
0.00633778597514527509359
0.00633778597514527509358
0.0511741501603812639881
0.00274487572876903415515
0.00554207345654884903113
0.00274487572876903415516
0.00633778597514527430474
0.00633778597514527430474
0.00999087949352643762869
-0.00404352234692465785863
-0.00404352234692465785863
-0.00715918317295207232619
0.00482917453065898015994
0.0000964157590697428761315
-0.0152231124200909925473
-0.0196253848735179751388
-0.0152231124200909925473
0.0000964157590697428761313
-0.0000757664623128736805492
0.0200458682047902363136
0.0200458682047902363136
-0.0000757664623128736805553
0.0118749878365099262431
0.0301416155962027547887
0.011874987836509926243
-0.0224574110776987520093
-0.0224574110776987520093
-0.000594701881413618689024
0.000120297478097021098705
0.02953061556399792429
0.02953061556399792429
0.00012029747809702109871
-0.0123941209421970392812
-0.0879771838765144111499
-0.0123941209421970392812
0.0178931212320405128883
0.0178931212320405128883
0.00374310410500124731191
0.0151527654750214939028
0.0194348681725854055034
0.0151527654750214939028
-0.0426813631164345907939
-0.0426813631164345907938
0.0466531381850493940933
0.000454014501277976503305
0.000454014501277976503304
0.00474425517454411128217
-0.00119233466607807960908
0.00492602243354180351475
0.00419944236377445052246
0.00481589515745431725681
0.00419944236377445052247
0.00492602243354180351474
-0.00374262737529199591937
-0.00409077893085234168383
-0.00409077893085234168383
-0.00374262737529199591938
-0.00475127342193326378933
-0.00510543972101975438931
-0.00475127342193326378931
0.00021066239717985175834
0.000210662397179851758296
0.0152531255818105283784
-0.0121768725585922787811
-0.0132227260423590555246
-0.0132227260423590555246
-0.0121768725585922787811
0.0192464192429981483502
0.0235787724469093392752
0.0192464192429981483502
0.0111291329216588476258
0.0111291329216588476258
-0.037437084509983442971
0.0115165387348116220989
0.0131584545019936732921
0.0115165387348116220989
-0.043662549747381433733
-0.043662549747381433733
0.0342293865638920114274
0.00363628653129511173364
0.00363628653129511173364
0.0100023927596787298365
-0.00493085587843433445214
0.000717840166223508889415
-0.0148443269613297943818
-0.0216956633828784109182
-0.0148443269613297943818
0.000717840166223508889413
0.0041926213248491034892
0.0551650670555225738886
0.0551650670555225738886
0.00419262132484910348921
-0.0105254859101670082509
-0.0759825386117832019143
-0.0105254859101670082508
0.0139547782798073331791
0.0139547782798073331791
-0.000589566144579186865895
-0.00967999721478592468145
-0.0105471902368872274298
-0.0105471902368872274298
-0.00967999721478592468146
0.0331686783188813630181
0.0406349206349206360485
0.0331686783188813630181
-0.0542630587926558178777
-0.0542630587926558178777
0.042625430496225334383
-0.00195809860983576230597
-0.00180401652573350904902
-0.00195809860983576230597
-0.00180401652573350904902
-0.00180401652573350904902
0.00921207886287563886729
0.0016749631641553735411
0.0016749631641553735411
-0.00279441101953985976791
-0.000109782425595864841351
0.00622434630307643584083
0.00503227046310222249671
0.00562562636530000029717
0.00503227046310222249672
0.00622434630307643584081
-0.011636787387791195956
-0.0112977365705419299188
-0.0112977365705419299188
-0.011636787387791195956
0.00450298128897684674771
0.00188309373709263617874
0.00450298128897684674767
0.0168936240412239984278
0.0168936240412239984279
-0.0278025113184700668558
-0.00875588692721733351308
-0.00954029252952398777064
-0.00954029252952398777064
-0.00875588692721733351308
0.0300021983933797091775
0.0367556686723369009145
0.0300021983933797091775
-0.0490827834524276847187
-0.0490827834524276847187
0.0385561525863687331002
-0.00177116683400229142999
-0.00163179434494324811761
-0.00177116683400229142999
-0.00163179434494324811761
-0.00163179434494324811761
0.00833263885290608916395
0.00151506118722813630689
0.00151506118722813630689
-0.00252763987141314731998
-0.0000993019402572525062828
0.00464643016308280481763
0.00483633495395686082447
0.00601058656983642708517
0.00483633495395686082447
0.00464643016308280481764
-0.0141299375716034971807
-0.0196488217118402349876
-0.0196488217118402349875
-0.0141299375716034971807
0.0249615158246681221575
0.0392976434236804699751
0.0249615158246681221575
-0.0396483133241294521904
-0.0396483133241294521905
0.032657353338213896058
3.89601116379382689519e-25
6.01484729527074289211e-24
5.82966305497037881536e-24
4.13684349295921145504e-25
-2.78300251080265735562e-24
-4.03467260234036667787e-24
-1.47452335179894376275e-24
-4.28725472291608248489e-24
6.27677517614904695927e-25
-1.09579298304890880595e-24
3.72101720398513536361e-27
-2.1952238899552946605e-24
-2.85527763777256325375e-25
1.32108537488255695908e-24
-6.17664069506699989319e-25
2.19749933898400154387e-24
-1.72211616130995474562e-25
3.65516388017848679607e-26
2.07534379826301406331e-25
-9.60723675328048769331e-27
-0.0212400523249585883598
0.0106939071482731311475
-4.12066750436490491677e-23
-0.0106939071482731311474
0.0212400523249585883598
-0.00156183489413342453261
-0.119720836644626227527
0.119720836644626227528
0.00156183489413342453259
-0.00474356061947231187116
-3.82174811534714803168e-24
0.00474356061947231187116
-0.0122557420424065579635
0.0122557420424065579635
-1.75738924151589157595e-24
-0.00156183489413342776255
-0.119720836644626229791
0.119720836644626229791
0.00156183489413342776259
-0.132072093460330496964
5.50721224917029862743e-23
0.132072093460330496964
-0.0123512568157042738188
0.0123512568157042738188
1.05927320367698213531e-24
-0.00474356061947230847257
7.45496057454420986863e-24
0.00474356061947230847257
-0.0123512568157042707667
0.0123512568157042707667
3.7409347968039052743e-25
-0.0122557420424065610864
0.0122557420424065610864
1.0585505849557991975e-24
4.57879264097466241042e-25
-0.0124815851052032511055
0.0274985970461435156764
-3.61646100755521839493e-23
-0.0274985970461435156763
0.0124815851052032511054
0.0242217096665598331086
0.0472185347526029933114
-0.0472185347526029933114
-0.0242217096665598331086
0.0176823864038621873014
-1.70562411330416307347e-23
-0.0176823864038621873014
-0.00327688737958367990657
0.00327688737958367990658
-1.10883368213319540663e-24
0.0306644045562943235083
-0.0472185347526029927083
0.0472185347526029927082
-0.0306644045562943235083
-0.0309163694506274334241
3.83209429285561171908e-23
0.0309163694506274334241
0.016302165301975556663
-0.016302165301975556663
7.36935996594985578229e-25
-0.0576697416279316605768
1.40794189448686583107e-23
0.0576697416279316605768
-0.078134904203230425633
0.078134904203230425633
2.60370521074204872576e-25
0.00316580751015080413212
-0.00316580751015080413213
7.36776544380159396591e-25
7.06866831868900712738e-25
0.000666937179787356308273
-0.0158262126816467325607
1.64761908796305757783e-23
0.0158262126816467325606
-0.000666937179787356308264
-0.0174816799599511345417
-0.010708157162421283957
0.010708157162421283957
0.0174816799599511345417
-0.013454802371995353857
7.36738149005722487607e-24
0.013454802371995353857
-0.00165546727830440311692
0.00165546727830440311692
5.65259889671641372848e-25
0.00938828473762039852025
0.0392632429288780412783
-0.0392632429288780412783
-0.00938828473762039852025
0.0545179179364501044956
-8.55540452250938515426e-24
-0.0545179179364501044956
0.0152546750075720653969
-0.0152546750075720653969
-1.64620568127762542282e-25
-0.0134548023719953534569
2.22214676052685783505e-23
0.0134548023719953534568
-0.0347167250837272567322
0.0347167250837272567322
-5.81661474741339872762e-26
-0.028525431975875938475
0.028525431975875938475
-1.64577935874138890377e-25
1.15413555671123618254e-24
0.00508990922438572064693
0.00279539800611026720814
4.02363664471055256018e-24
-0.00279539800611026720815
-0.00508990922438572064692
0.00404666875298801534964
0.00107621028799721711091
-0.00107621028799721711091
-0.00404666875298801534964
0.00329213384813701187103
-6.68743463403576756104e-25
-0.00329213384813701187103
0.00125127074687774832253
-0.00125127074687774832253
-3.46172114976196930017e-26
-0.0170226983474465284415
-0.00753347201598051980811
0.00753347201598051980811
0.0170226983474465284415
-0.0150669440319610387798
-2.51187743392488375804e-24
0.0150669440319610387798
-0.00753347201598051938992
0.00753347201598051938992
-4.83665946084978681907e-26
0.0306361044215228145497
1.36401215388077134371e-23
-0.0306361044215228145497
0.0226004160479415581698
-0.0226004160479415581698
-1.70859167648511175945e-26
-0.0365904843902183979795
0.0365904843902183979795
-4.82841763700263286587e-26
7.5622191919199509953e-25
-0.015286757344435329711
0.0336787657027281713886
-3.32259190804986543822e-23
-0.0336787657027281713885
0.0152867573444353297109
0.0362409626272411622926
-0.0385537721819173561471
0.0385537721819173561472
-0.0362409626272411622927
-0.0552495315673903467775
4.359733771431467836e-23
0.0552495315673903467775
0.00256219692451299560999
-0.00256219692451299560999
8.01690523393056516711e-25
0.0309805242778124194015
0.0385537721819173533957
-0.0385537721819173533957
-0.0309805242778124194015
-0.0378646649267035524654
3.59575172388249117237e-23
0.0378646649267035524653
-0.0764184371086208951816
0.0764184371086208951816
6.9079787527914390321e-25
0.00627522333619759214778
-4.41782279226422920552e-25
-0.00627522333619759214778
0.00068910725521380176196
-0.000689107255213801761963
2.44043370350022922908e-25
-0.00269824142491574893114
0.00269824142491574893115
6.90474887833924858325e-25
-7.58015444435469416395e-25
-0.000598525433662151372407
-0.0193830728153993617884
9.37525809403067392967e-24
0.0193830728153993617883
0.000598525433662151372402
-0.00626508641605198034489
0.00874317371115371893446
-0.00874317371115371893448
0.00626508641605198034491
0.0272801229955622218152
-8.88290515092688223271e-24
-0.0272801229955622218152
0.0131179863993473771228
-0.0131179863993473771228
-3.67780269231474109182e-25
0.00313744257189767217893
0.0262295211334611551417
-0.0262295211334611551417
-0.00313744257189767217892
-0.0100783657278725344199
3.24178004526621000121e-23
0.0100783657278725344198
-0.036307886861333682296
0.036307886861333682296
6.232832635602583676e-25
0.0272801229955622208997
9.2186201689732713885e-24
-0.0272801229955622208997
-0.0537942342836411178372
0.0537942342836411178372
2.20147124054136282696e-25
0.00371545741139772585876
-0.00371545741139772585876
6.23123846955503296495e-25
1.08781324922974957116e-26
0.00894353367390296892623
0.00342364937148182339389
1.26576510519172005443e-23
-0.00342364937148182339392
-0.00894353367390296892621
-0.00345438478117736694193
-0.000878722020508971108737
0.000878722020508971108735
0.00345438478117736694193
-0.00828541103203792315067
-1.93561992519331564481e-25
0.00828541103203792315067
-0.00687803415265918949284
0.00687803415265918949284
-3.73716811662468027971e-26
-0.0218759852548840332436
-0.00702977616407176838381
0.0070297761640717683838
0.0218759852548840332436
0.0210893284922153044997
4.92936168054641358691e-24
-0.0210893284922153044997
0.0281191046562870709363
-0.0281191046562870709363
9.44922300130138002767e-26
0.0196699032122738525898
8.42916267608514268534e-24
-0.0196699032122738525898
-0.049208433148502375436
0.049208433148502375436
3.3396609911602890508e-26
0.00551320971697055200779
-0.00551320971697055200779
9.47523648443994513414e-26
5.26764442205408410678e-25
0.000452898831289290592918
-0.022381644615385876936
-5.15787015192675357167e-24
0.022381644615385876936
-0.000452898831289290592926
0.00902363154986144254071
0.0454308632613563264264
-0.0454308632613563264264
-0.0090236315498614425407
-0.00386946298245949652856
2.88552814027651546996e-24
0.00386946298245949652856
-0.0255945265784405887086
0.0255945265784405887086
4.77353578265130699616e-25
-0.0181191316614185154612
-0.00504787369570625836574
0.00504787369570625836573
0.0181191316614185154612
0.0504787369570625808551
-4.5664804332553230263e-24
-0.0504787369570625808551
-0.0504787369570625808551
0.0504787369570625808551
-8.80718168416416144347e-26
-0.00386946298245949234731
-1.71923042091733293638e-24
0.00386946298245949234731
1.34410751012295572408e-24
-9.51243896465587771011e-25
-3.10901927895625315695e-26
0.00154823663283936399902
-0.00154823663283936399902
-8.77485862148998376122e-26
1.5537619709618072962e-25
0.0117872492444861646066
0.00395328977247184752997
2.61997777660693796785e-23
-0.00395328977247184753002
-0.0117872492444861646066
-0.0179454076124206281996
-0.00456597355575335660136
0.00456597355575335660134
0.0179454076124206281997
0.000388895662211748736768
1.42809426637205664996e-23
-0.000388895662211748736778
0.0196108452260619206222
-0.0196108452260619206222
1.11455003243052542301e-24
-0.0163893712494474745788
-0.00456597355575335648729
0.00456597355575335648728
0.0163893712494474745788
0.0456597355575335623382
-5.02294161336371495025e-24
-0.0456597355575335623382
-0.0456597355575335623382
0.0456597355575335623382
-9.67188573630838010058e-26
-0.00350006095990573484886
-7.4976233895551459289e-25
0.00350006095990573484886
1.56922729284740575827e-24
-1.13497606138771753177e-24
-3.4148796704779796885e-26
0.00140043272667583798665
-0.00140043272667583798665
-9.63995982623397461521e-26
2.10827655178820498088e-25
0.00968034608039153519617
0.00441991233300086341168
2.87012443686533957222e-23
-0.00441991233300086341175
-0.00968034608039153519613
-0.026202986914920864682
-0.0102098272541309299832
0.0102098272541309299832
0.026202986914920864682
0.0354695502107057244806
-3.07604849706475808224e-23
-0.0354695502107057244805
-0.0306228992479217280937
0.0306228992479217280937
-1.04421514359691682678e-24
-1.87192094119070482885e-24
5.20465706679050942873e-24
-5.14884522219336127058e-24
1.64509468945455068726e-24
2.71364047085951433281e-24
-3.63208341715156074072e-24
7.37451587301537794068e-25
-2.88360710241955363452e-24
3.20431246562139646484e-24
-6.95077073843575653376e-26
4.95852711373130277582e-25
6.58004545112584897831e-25
-1.05365390092290181183e-24
-1.01681864227767340661e-24
1.3377966706223178025e-24
-2.45690795603563723975e-26
-1.11546380742718945744e-24
9.09693627253041874974e-25
-6.95057522540472147417e-26
7.91601131610155716102e-26
-0.0154157738605316720949
0.0410801964135558082532
-0.0640109799660627880219
0.0410801964135558082532
-0.0154157738605316720948
0.0377724144074415688329
-0.0437481643013465460061
-0.0437481643013465460061
0.0377724144074415688329
0.00731585858269181722475
0.00602454156333368720139
0.00731585858269181722476
-0.00570668515505434232539
-0.0057066851550543423254
0.00431934501030564859778
0.0377724144074415672246
-0.043748164301346544489
-0.043748164301346544489
0.0377724144074415672246
0.0549076137869493275682
-0.115662230867974298496
0.0549076137869493275681
0.00513490792226909802396
0.00513490792226909802396
-0.00222327045413911999253
0.00731585858269181838225
0.00602454156333368416711
0.00731585858269181838225
0.00513490792226909802396
0.00513490792226909802397
-0.000785419908916655163257
-0.00570668515505434196329
-0.00570668515505434196328
-0.00222327045413911999254
0.00431934501030564838986
-0.000377378930818141548207
-0.00830773217847228705108
0.0247087069530080741187
-0.00830773217847228705108
-0.000377378930818141548206
-0.025242979798621550104
0.0247020028248244249998
0.0247020028248244249999
-0.025242979798621550104
-0.0105097803950927543652
0.0134146140993921422396
-0.0105097803950927543652
-0.000219540394499072180566
-0.000219540394499072180566
0.000395314081466885249123
0.00253784990154706303238
-0.00951765122678821363804
-0.00951765122678821363803
0.00253784990154706303238
0.0373556291565212681363
-0.0786891854467538654954
0.0373556291565212681363
0.00349346298022442207663
0.00349346298022442207663
-0.00151257104200022002992
0.0346841378685644746009
-0.0659545948539496200824
0.0346841378685644746009
0.00349346298022442207665
0.00349346298022442207665
-0.000534349479536349882037
0.00328406385062855059425
0.00328406385062855059425
-0.00151257104200022002993
-0.00106645654611203934757
0.0113335998030896515843
-0.00424736185416060712176
-0.00852823599959447168294
-0.00424736185416060712174
0.0113335998030896515843
0.0046321420551376875557
-0.00433955905839929408278
-0.00433955905839929408279
0.00463214205513768755571
0.00216818364826088979553
-0.00320513380794030168751
0.00216818364826088979553
0.00021222972213682374295
0.00021222972213682374295
-0.000212452522000826253804
-0.0278363912325546250433
0.0262899227039934984301
0.0262899227039934984301
-0.0278363912325546250433
-0.0100116853106942556272
0.0210894952069153309673
-0.0100116853106942556272
-0.000936283307022317112918
-0.000936283307022317112919
0.000405384292127000280515
0.0255369469031489645716
-0.0644640973327258867132
0.0255369469031489645716
-0.000936283307022317112909
-0.000936283307022317112908
0.000143211048932829370046
0.0075229074314522851783
0.0075229074314522851783
0.000405384292127000280513
-0.00441029157257344407599
-0.000435759654588695548911
-0.00959294281919258146466
0.0285311572212935794141
-0.00959294281919258146468
-0.000435759654588695548897
-0.00107936072878374840673
-0.00605085537610968990597
-0.00605085537610968990592
-0.00107936072878374840676
0.033526612451237471445
-0.0647018476477961539976
0.033526612451237471445
0.00328640858287803762564
0.00328640858287803762565
-0.00102044953162210357955
-0.0251382649873389989367
0.0235842343413019489497
0.0235842343413019489497
-0.0251382649873389989367
0.0431345650985307732593
-0.0908624447999914511778
0.0431345650985307732593
0.00403390358407312464015
0.00403390358407312464015
-0.0017465665965345195151
-0.00561246886164719492714
0.00403390358407312464014
-0.00561246886164719492715
0.00403390358407312464014
0.00403390358407312464014
-0.000617013631703296045882
0.000252198301790515205894
0.000252198301790515205895
-0.0017465665965345195151
0.000245480966367166625193
0.0165164852318154972509
-0.00695235740880748232694
-0.010571034404614655923
-0.0069523574088074823269
0.0165164852318154972508
-0.0144069867039023301678
0.0134732139365129607952
0.0134732139365129607952
-0.0144069867039023301678
-0.0110730965456674573522
0.0193678604500650305442
-0.0110730965456674573522
-0.00164779882763935197346
-0.00164779882763935197346
0.00129921189131853904426
-0.0227384162300540994988
0.021332742621249054682
0.021332742621249054682
-0.0227384162300540994988
0.0390166821619052665935
-0.0821881737098047492447
0.0390166821619052665935
0.00364880308059284277055
0.00364880308059284277054
-0.00157982892874719414492
-0.00507666909862822857
0.00364880308059284277054
-0.00507666909862822857
0.00364880308059284277055
0.00364880308059284277054
-0.00055810982915300951051
0.000228121947219260558984
0.000228121947219260558985
-0.00157982892874719414492
0.000222045888712839544007
0.0155080435577244626217
-0.00600666944623421354003
-0.0111947900021552313528
-0.00600666944623421354
0.0155080435577244626216
-0.0326018748478923812283
0.030755270717813984078
0.0307552707178139840781
-0.0326018748478923812284
0.0234647339390191620011
-0.0615105414356279681561
0.0234647339390191620011
0.00734070115272888801549
0.00734070115272888801551
-0.00421507870853660438697
-6.88716647593484407339e-25
1.64875806420381710379e-24
1.15012120229017320913e-24
-9.56836274300185107777e-25
-5.17135871224522170406e-24
1.50677436744067982624e-24
1.24081828976305359662e-24
1.41319913127842087357e-25
1.80465048088311209782e-24
-6.78427841700757502331e-25
1.46027100812068211459e-24
-2.57987623070336636223e-24
-7.518759126984912929e-25
1.24502419934348259522e-24
-7.64550657476439526664e-25
6.83409602569229552558e-25
1.0102816926269021022e-25
4.0172625462025585795e-25
7.10175596874719206901e-26
-1.67410463893301571135e-25
0.000691814392180069747532
0.00727272878611549668102
1.471667999235229648e-23
-0.00727272878611549668105
-0.000691814392180069747517
-0.0276774307884404375448
0.0693967899274512258337
-0.0693967899274512258337
0.0276774307884404375449
-0.00591070233865006815553
5.04602768935074062974e-24
0.00591070233865006815553
0.00236497052122997925698
-0.00236497052122997925699
8.56147223552325307466e-25
-0.0276774307884404375448
0.0693967899274512258337
-0.0693967899274512258337
0.0276774307884404375448
-2.78859378075556570313e-23
-3.4170188131844428923e-25
2.82248410076598054412e-23
1.16409934132501289504e-23
-1.16110538858563489564e-23
-6.53178814322985409166e-27
-0.00591070233865006815553
-4.45656539898371165216e-25
0.00591070233865006815553
1.48533526326748385738e-24
-1.46088910015118482155e-24
-2.377306928889569735e-27
0.00236497052122997925699
-0.00236497052122997925699
-6.50744787766006779142e-27
-5.39111545755706167055e-25
0.0180053206327229608784
-0.02415499950192931856
3.30453131670532356826e-23
0.0241549995019293185599
-0.0180053206327229608784
0.00278168645716022297445
-0.00697463981346880766315
0.00697463981346880766315
-0.00278168645716022297445
0.000594047936508438015275
2.5439093705268238934e-25
-0.000594047936508438015276
-0.000237688480580941845563
0.000237688480580941845563
1.18995068058613500012e-26
-0.02503517811444200677
0.0627717583212192689682
-0.0627717583212192689682
0.02503517811444200677
-2.08438114568212804487e-23
-2.02207501314018042864e-24
2.27516389925431772158e-23
1.16624291705624738346e-23
-1.14838071216824502432e-23
-3.86261600077556156188e-26
-0.00534643142857594213738
2.24326051661985459929e-26
0.00534643142857594213738
1.67063158547710445672e-24
-1.49848558471459662077e-24
-1.35178799098636623904e-26
0.00213919632522847660997
-0.00213919632522847660997
-3.82152320539105126526e-26
-4.8930863178700242202e-25
0.0201305604457240323708
-0.0270061104413937593254
3.03392321820052134583e-23
0.0270061104413937593253
-0.0201305604457240323707
-0.0248801600412032606483
0.0623830749659708286829
-0.062383074965970828683
0.0248801600412032606484
-0.00531332627170538587986
5.4993106341574767252e-24
0.00531332627170538587986
0.002125950400190498677
-0.002125950400190498677
8.86516064850337208735e-25
-8.08739450149236207141e-25
1.74707102527827887416e-24
-2.30782698048319450119e-24
1.36719278263990638446e-24
1.48439539990488050429e-24
-1.51622413612172572327e-24
-5.45626909697065977342e-26
-4.61317796321698965565e-25
5.96278675216319611786e-25
-2.87560694833383420914e-26
-1.30510261176109505998e-24
1.14704604890813085908e-24
3.47940692854180267513e-25
2.04348304484916922275e-24
-1.91040181038204412611e-24
-1.00664020737455563563e-26
-8.05474984911488489705e-25
5.34743186149982796856e-25
-2.86428298849857580791e-26
8.47738819230707087674e-26
0.0179786629990197863523
-0.041950213664379500264
0.0479431013307194278234
-0.041950213664379500264
0.0179786629990197863523
5.13070250798270596237e-25
1.94074399214998008142e-24
-4.52096684761374670308e-24
1.91843658994135962071e-24
-2.63970926135342118354e-25
-6.88888136434143125121e-25
1.4234911034375931488e-24
6.56209414970251885767e-25
-7.24409649847648815113e-25
2.50297311176432119581e-26
6.23996909304071977952e-25
6.45579876126806205167e-25
-7.10954974971547266243e-25
-4.86220823646304560773e-25
-1.01938997252701759229e-24
1.05299054634892466441e-24
8.6094792535753052405e-27
5.79262176411378802085e-25
-6.72043666228425165641e-25
2.04350426791509277884e-26
4.44353859695441341661e-26
3.89467283733760911525e-26
-9.41952258024690758933e-26
9.27981501223482345029e-26
-1.8767095889645276625e-25
7.38503121428044018162e-27
-1.59647317440601162997e-25
1.79670092022729934123e-25
2.06674114521573909208e-26
-1.25684687623836455791e-26
