-0.500000000000000249622
1.41016417794242720934
-2.66666666666666706921
6.75650248872424035695
7.49999999999999928654
2.70650702360934131839e-16
8.78080038299552720892e-16
4.7892003549511476414e-17
6.7565024887242392062
5.61385153733867785687e-17
7.39603475729843878216e-16
-2.66666666666666602119
2.37915193051238515651e-16
1.41016417794242655944
-0.499999999999999970486
7.49999999999999933204
6.7565024887242409466
-2.66666666666666687741
1.41016417794242705159
-0.500000000000000266435
6.75650248872424006333
1.69566270408946063365e-15
-6.38594427664731151595e-17
-1.4011496250632492038e-16
-2.66666666666666658635
-2.19339122565809432638e-16
-5.13115465327673294354e-16
1.41016417794242713721
-1.18996434762697255814e-16
-0.500000000000000167391
-0.128279379973567014015
2.48668415695269425775
2.13595994441921424629
2.48668415695269273536
-0.128279379973567223695
2.4866841569526938402
10.5189511216489785998
10.5189511216489732193
2.48668415695269202976
2.13595994441921415552
10.5189511216489720343
2.13595994441921297603
2.48668415695269130967
2.48668415695269105831
-0.128279379973567038537
-0.50000000000000035491
1.41016417794242697533
-2.66666666666666731831
6.75650248872424619382
7.49999999999999900562
-7.09106185890070041192e-16
-1.45221846030769905776e-15
5.5761478251907749123e-15
6.75650248872424250016
-7.90702078472460339222e-16
-1.55873656370899152199e-15
-2.66666666666666760622
-5.91186921551188705554e-18
1.41016417794242775114
-0.500000000000000454032
0.117182400268669189655
-0.438108714070940670606
1.98270655938724944615
10.8318213380837898332
0.470186185836870315591
0.0414853193848425078003
-0.405521899485313893828
4.74585378779452693531
2.41013805983789265357
0.171966136966425424904
-1.76426222586456585248
-2.01253284601971766935
0.470287862738469211576
1.56901055103678886358
-0.690212515894984756829
0.470186185836870344437
10.8318213380837902737
1.98270655938724971134
-0.438108714070940723455
0.117182400268669177322
2.41013805983789322806
4.74585378779452820546
-0.405521899485314396625
0.0414853193848422832568
-2.01253284601971808431
-1.76426222586456714397
0.171966136966425013889
1.56901055103678931001
0.470287862738469043471
-0.690212515894984969228
-0.451814204131344572982
-0.287499973697911213747
-1.4862010645572532658
0.605204166153796996004
0.22417916625345333637
-0.287499973697911307245
-6.52157297775218087464
1.89302198738206174793
1.55588078648607836414
-1.48620106455725304929
1.89302198738206127986
2.17227979404158674049
0.605204166153796342889
1.55588078648607779492
0.224179166253453361926
0.248731330768111494748
-0.71456597548704304584
1.4538217916192876439
-3.49072002841419941128
1.56390689737121887983
-0.0308682951307523923079
0.108590205335857225985
0.279621385668019424123
-3.49072002841419934034
-0.0587119457631362034209
0.108590205335857310347
1.45382179161928687225
-0.0308682951307519776724
-0.714565975487042176167
0.248731330768111342404
-0.0485524871576525892413
1.21949854601124261726
10.9697364789276870108
1.21949854601124261726
-0.0485524871576525892448
-0.388517976451696620103
3.79779040227056114722
3.79779040227056114722
-0.3885179764516966201
-0.61049587042163096116
-3.08745889526299086414
-0.610495870421630961162
1.2555745453249407788
1.2555745453249407788
-0.832871902816223353874
-0.048552487157652585557
1.2194985460112427945
10.969736478927687331
1.2194985460112427945
-0.0485524871576525855537
-0.388517976451696481266
3.79779040227056155396
3.79779040227056155396
-0.388517976451696481266
-0.61049587042163125849
-3.08745889526299240504
-0.610495870421631258487
1.25557454532494093952
1.25557454532494093952
-0.832871902816223577893
-0.481844180452996098807
1.59287656706876555104
0.0994210136591783077128
-0.464264161823859191762
0.148154688526647253098
1.5928765670687655088
3.29976668620754794735
-3.01171183653154282125
0.779597351734605736742
0.0994210136591784047755
-3.01171183653154241736
1.08143024897785848293
-0.464264161823859163589
0.779597351734605396913
0.148154688526647310375
0.148154688526647253098
-0.464264161823859191762
0.0994210136591783077097
1.59287656706876555105
-0.481844180452996098812
0.779597351734605736744
-3.01171183653154282125
3.29976668620754794731
1.5928765670687655088
1.08143024897785848294
-3.01171183653154241736
0.0994210136591784047697
0.779597351734605396915
-0.464264161823859163589
0.148154688526647310375
0.470186185836870315585
10.8318213380837898332
1.98270655938724944615
-0.438108714070940670609
0.117182400268669189659
2.41013805983789265357
4.7458537877945269353
-0.405521899485313893827
0.0414853193848425077972
-2.01253284601971766936
-1.76426222586456585248
0.171966136966425424908
1.56901055103678886358
0.470287862738469211582
-0.69021251589498475683
0.117182400268669177325
-0.438108714070940723455
1.98270655938724971134
10.8318213380837902737
0.47018618583687034443
0.0414853193848422832578
-0.405521899485314396637
4.74585378779452820547
2.41013805983789322807
0.171966136966425013892
-1.76426222586456714397
-2.01253284601971808431
0.470287862738469043475
1.56901055103678931001
-0.690212515894984969228
1.56390689737121887982
-3.49072002841419941127
1.4538217916192876439
-0.714565975487043045837
0.248731330768111494747
-3.49072002841419934033
0.279621385668019424097
0.108590205335857225984
-0.0308682951307523923034
1.45382179161928687225
0.10859020533585731035
-0.0587119457631362034154
-0.714565975487042176165
-0.0308682951307519776689
0.248731330768111342404
0.224179166253453336368
0.605204166153796996006
-1.4862010645572532658
-0.287499973697911213752
-0.451814204131344572977
1.55588078648607836414
1.89302198738206174793
-6.52157297775218087462
-0.287499973697911307247
2.17227979404158674048
1.89302198738206127987
-1.48620106455725304929
1.55588078648607779492
0.605204166153796342891
0.224179166253453361926
7.49999999999999928658
6.75650248872424035691
-2.66666666666666706918
1.41016417794242720933
-0.500000000000000249626
6.75650248872423920619
4.79010999895770844941e-17
8.78070038481172070498e-16
2.70654132602232916169e-16
-2.66666666666666602119
7.39601728508039808554e-16
5.60987912508572592177e-17
1.41016417794242655945
2.37917182308800037285e-16
-0.49999999999999997049
-0.500000000000000266438
1.41016417794242705158
-2.66666666666666687739
6.75650248872424094656
7.49999999999999933208
-1.40116843114051526872e-16
-6.38448998875566094467e-17
1.69564035412723067665e-15
6.75650248872424006333
-5.13124523070734111029e-16
-2.19336251171159362702e-16
-2.66666666666666658635
-1.18998730895753150412e-16
1.41016417794242713721
-0.500000000000000167392
7.49999999999999900565
6.75650248872424619386
-2.66666666666666731832
1.41016417794242697534
-0.500000000000000354916
6.7565024887242425002
5.5761993318777565495e-15
-1.45224233814843949541e-15
-7.09108754984834003905e-16
-2.66666666666666760622
-1.55875366692742910448e-15
-7.90716002810761970161e-16
1.41016417794242775115
-5.91696132528306795792e-18
-0.500000000000000454035
-0.1282793799735672237
2.48668415695269273537
2.13595994441921424627
2.48668415695269425779
-0.12827937997356701402
2.48668415695269202978
10.5189511216489732193
10.5189511216489785999
2.48668415695269384025
2.13595994441921297604
10.5189511216489720343
2.13595994441921415553
2.48668415695269105831
2.48668415695269130968
-0.128279379973567038538
-0.690212515894984949033
1.56901055103678933879
-2.01253284601971826547
2.4101380598378932282
0.470186185836870222885
0.47028786273846926988
-1.76426222586456610047
4.74585378779452714682
10.8318213380837894657
0.1719661369664255016
-0.40552189948531376263
1.98270655938724957889
0.0414853193848423412354
-0.438108714070940783229
0.117182400268669305126
1.5639068973712194818
-3.49072002841419889021
1.45382179161928722538
-0.714565975487042637745
0.248731330768111539652
-3.49072002841419810229
0.27962138566801963873
0.108590205335856829777
-0.0308682951307516614266
1.45382179161928662152
0.108590205335857304908
-0.0587119457631357773359
-0.714565975487042060284
-0.0308682951307518138694
0.248731330768111293491
0.224179166253453479612
0.605204166153797162225
-1.48620106455725370997
-0.287499973697910741457
-0.451814204131344694564
1.55588078648607937106
1.89302198738206265305
-6.52157297775218080817
-0.287499973697910861222
2.17227979404158760741
1.89302198738206155243
-1.48620106455725291815
1.5558807864860778427
0.605204166153796272984
0.224179166253453387158
0.117182400268669134051
-0.438108714070940258929
1.98270655938724995445
10.8318213380837932828
0.470186185836870820034
0.0414853193848425969624
-0.405521899485314324496
4.74585378779453030832
2.41013805983789550362
0.171966136966425300862
-1.7642622258645679697
-2.01253284601971896932
0.470287862738469302126
1.56901055103678982497
-0.690212515894985228122
0.0850481262782505853169
-0.273928292569889892748
0.820143409483599687264
0.708741794086928412581
-0.066777879060556689904
-0.140639214241911389534
1.5000000000000003983
12.3666208449047331347
0.708741794086928366973
-0.198574611918130520301
1.50000000000000049794
0.820143409483599684628
-0.140639214241911428139
-0.273928292569889910969
0.0850481262782506022271
-0.224816923526053412109
-0.596624740550262070663
-1.22994615984484111465
0.108723694716554198054
-0.00998226865435850959581
-0.110255760506294911867
-2.2137600480775453788
0.163632415142775908153
0.0988508759091750077113
0.91723046298778328791
1.43574505075235790593
-0.110324896984236123778
-0.943848536750311742519
-0.430787027674456358403
0.457231939649132240727
0.132217779838392343089
-0.0383768484758999230956
1.00548660129674478089
-0.0383768484759000726766
0.132217779838392357077
-0.32563801331823612346
1.32510410927102274604
1.32510410927102266031
-0.325638013318236100856
-0.986076051924640497335
-1.00538998176416175788
-0.986076051924640281589
0.286420802533832664442
0.286420802533832658151
0.115302675688895414496
-0.00998226865435854118917
0.108723694716554212847
-1.22994615984484155193
-0.596624740550262439502
-0.224816923526053409613
0.0988508759091751336822
0.163632415142775857174
-2.21376004807754583123
-0.110255760506295001158
-0.110324896984235897239
1.43574505075235833129
0.917230462987783451906
-0.43078702767445646272
-0.943848536750311880756
0.457231939649132313201
-0.0667778790605566899056
0.708741794086928412584
0.820143409483599687262
-0.273928292569889892747
0.0850481262782505853169
0.708741794086928366978
12.3666208449047331347
1.5000000000000003983
-0.140639214241911389531
0.820143409483599684625
1.50000000000000049794
-0.1985746119181305203
-0.273928292569889910968
-0.140639214241911428138
0.0850481262782506022271
-0.00998226865435850959486
0.108723694716554198052
-1.22994615984484111465
-0.596624740550262070664
-0.224816923526053412109
0.0988508759091750077103
0.163632415142775908152
-2.2137600480775453788
-0.110255760506294911868
-0.110324896984236123778
1.43574505075235790593
0.91723046298778328791
-0.430787027674456358402
-0.943848536750311742517
0.457231939649132240726
-0.224816923526053409614
-0.596624740550262439497
-1.22994615984484155193
0.108723694716554212848
-0.00998226865435854118926
-0.110255760506295001156
-2.21376004807754583124
0.163632415142775857171
0.0988508759091751336837
0.917230462987783451906
1.43574505075235833129
-0.110324896984235897238
-0.943848536750311880754
-0.430787027674456462719
0.457231939649132313201
0.132217779838392357077
-0.038376848475900072677
1.00548660129674478089
-0.0383768484758999230929
0.132217779838392343089
-0.325638013318236100856
1.3251041092710226603
1.32510410927102274604
-0.325638013318236123459
-0.986076051924640281589
-1.00538998176416175788
-0.986076051924640497335
0.286420802533832658152
0.286420802533832664443
0.115302675688895414495
0.470186185836870222893
2.4101380598378932282
-2.01253284601971826548
1.5690105510367893388
-0.690212515894984949038
10.8318213380837894657
4.74585378779452714684
-1.76426222586456610049
0.470287862738469269881
1.9827065593872495789
-0.405521899485313762626
0.171966136966425501593
-0.43810871407094078323
0.0414853193848423412294
0.117182400268669305127
0.248731330768111539647
-0.714565975487042637738
1.45382179161928722538
-3.49072002841419889021
1.5639068973712194818
-0.0308682951307516614248
0.108590205335856829785
0.279621385668019638716
-3.4907200284141981023
-0.0587119457631357773394
0.108590205335857304908
1.45382179161928662152
-0.0308682951307518138686
-0.71456597548704206028
0.248731330768111293491
0.470186185836870820043
10.8318213380837932827
1.98270655938724995445
-0.438108714070940258931
0.117182400268669134051
2.4101380598378955036
4.7458537877945303083
-0.405521899485314324497
0.0414853193848425969575
-2.01253284601971896932
-1.7642622258645679697
0.171966136966425300856
1.56901055103678982497
0.470287862738469302123
-0.690212515894985228121
-0.451814204131344694563
-0.287499973697910741458
-1.48620106455725370997
0.605204166153797162226
0.224179166253453479607
-0.287499973697910861221
-6.52157297775218080817
1.89302198738206265305
1.55588078648607937106
-1.48620106455725291815
1.89302198738206155243
2.1722797940415876074
0.605204166153796272987
1.5558807864860778427
0.224179166253453387158
-0.832871902816223463373
1.25557454532494096015
-0.610495870421631073156
-0.388517976451696593807
-0.0485524871576527186245
1.25557454532494096212
-3.08745889526299122848
3.79779040227056133931
1.21949854601124288818
-0.610495870421631065702
3.79779040227056150906
10.9697364789276865917
-0.388517976451696687934
1.21949854601124268864
-0.0485524871576525697508
-0.481844180452996171219
1.59287656706876544785
0.0994210136591783053325
-0.464264161823859314405
0.148154688526647344867
1.59287656706876517428
3.29976668620754777093
-3.01171183653154295425
0.779597351734605879759
0.0994210136591783257458
-3.01171183653154215014
1.08143024897785890094
-0.46426416182385918948
0.779597351734605502519
0.148154688526647314901
0.148154688526647346757
-0.464264161823859403047
0.0994210136591782641349
1.5928765670687657795
-0.481844180452996221231
0.779597351734605924468
-3.01171183653154298207
3.29976668620754878037
1.59287656706876526219
1.08143024897785885007
-3.01171183653154245945
0.0994210136591784266147
0.779597351734605447503
-0.46426416182385914028
0.148154688526647307931
-0.0485524871576525621873
1.21949854601124290926
10.9697364789276902136
1.21949854601124296903
-0.0485524871576525182087
-0.388517976451697191278
3.7977904022705628429
3.79779040227056345255
-0.388517976451697001019
-0.610495870421631674655
-3.08745889526299342452
-0.610495870421631684681
1.25557454532494147349
1.255574545324941418
-0.832871902816223882166
0.085048126278250573539
-0.140639214241911393191
-0.198574611918130590713
-0.140639214241911393192
0.085048126278250573539
-0.273928292569889868619
1.5000000000000004973
1.5000000000000004973
-0.27392829256988986862
0.820143409483599653073
12.3666208449047331137
0.820143409483599653078
0.708741794086928362415
0.708741794086928362415
-0.0667778790605566337179
0.132217779838392341454
-0.0383768484758999636656
1.00548660129674457055
-0.0383768484758999636661
0.132217779838392341455
-0.325638013318235964335
1.32510410927102242169
1.32510410927102242169
-0.325638013318235964335
-0.98607605192464031466
-1.00538998176416158722
-0.986076051924640314661
0.286420802533832626231
0.286420802533832626231
0.115302675688895435364
-0.00998226865435851733979
0.10872369471655419122
-1.22994615984484153228
-0.596624740550262080855
-0.224816923526053352185
0.0988508759091752098052
0.163632415142775735765
-2.21376004807754573828
-0.110255760506294881751
-0.110324896984235987273
1.43574505075235799803
0.9172304629877832747
-0.430787027674456456916
-0.943848536750311769556
0.457231939649132277339
-0.224816923526053352185
-0.596624740550262080855
-1.22994615984484153228
0.10872369471655419122
-0.00998226865435851734017
-0.110255760506294881752
-2.21376004807754573828
0.16363241514277573577
0.0988508759091752098049
0.9172304629877832747
1.43574505075235799803
-0.110324896984235987273
-0.943848536750311769555
-0.430787027674456456915
0.457231939649132277339
-0.0485524871576527186243
-0.388517976451696593812
-0.610495870421631073159
1.25557454532494096015
-0.832871902816223463373
1.21949854601124288817
3.79779040227056133931
-3.08745889526299122849
1.25557454532494096212
10.9697364789276865917
3.79779040227056150905
-0.610495870421631065706
1.21949854601124268864
-0.388517976451696687938
-0.0485524871576525697509
0.148154688526647344866
-0.464264161823859314402
0.0994210136591783053282
1.59287656706876544785
-0.48184418045299617122
0.779597351734605879763
-3.01171183653154295427
3.29976668620754777095
1.59287656706876517428
1.08143024897785890094
-3.01171183653154215013
0.0994210136591783257484
0.77959735173460550252
-0.464264161823859189478
0.148154688526647314902
-0.0485524871576525182081
1.21949854601124296903
10.9697364789276902137
1.21949854601124290926
-0.0485524871576525621869
-0.388517976451697001024
3.79779040227056345258
3.79779040227056284293
-0.388517976451697191281
-0.610495870421631684685
-3.08745889526299342454
-0.61049587042163167466
1.25557454532494141801
1.25557454532494147349
-0.832871902816223882169
-0.481844180452996221231
1.5928765670687657795
0.0994210136591782641347
-0.46426416182385940305
0.148154688526647346758
1.59287656706876526219
3.29976668620754878038
-3.01171183653154298209
0.779597351734605924467
0.0994210136591784266179
-3.01171183653154245944
1.08143024897785885006
-0.464264161823859140278
0.779597351734605447504
0.148154688526647307931
-0.690212515894984809425
0.4702878627384691713
0.171966136966425461709
0.0414853193848423915355
0.117182400268669254092
1.56901055103678908689
-1.76426222586456589143
-0.405521899485313875032
-0.438108714070940707029
-2.0125328460197179721
4.74585378779452712895
1.98270655938724962614
2.4101380598378928162
10.8318213380837893434
0.470186185836870513148
-0.451814204131344579717
-0.287499973697911056789
-1.48620106455725319265
0.605204166153797039995
0.224179166253453346364
-0.287499973697911036461
-6.52157297775218012487
1.89302198738206188689
1.55588078648607845064
-1.48620106455725302539
1.89302198738206067456
2.17227979404158689935
0.605204166153796204692
1.55588078648607777571
0.224179166253453354577
0.248731330768111495499
-0.714565975487042934773
1.45382179161928803595
-3.49072002841420062052
1.56390689737121894756
-0.0308682951307524823388
0.108590205335857952157
0.279621385668019316854
-3.49072002841419937565
-0.0587119457631360696225
0.108590205335857609814
1.45382179161928704372
-0.030868295130751880619
-0.714565975487042378633
0.248731330768111395131
0.470186185836870136945
10.8318213380837923197
1.98270655938725007223
-0.438108714070940409902
0.117182400268669151044
2.41013805983789462235
4.74585378779452990516
-0.405521899485314845786
0.041485319384842628476
-2.01253284601971847698
-1.76426222586456779263
0.171966136966425196014
1.56901055103678959181
0.470287862738469259815
-0.690212515894985126345
0.117182400268669254092
0.0414853193848423915313
0.171966136966425461701
0.470287862738469171295
-0.690212515894984809425
-0.43810871407094070703
-0.405521899485313875026
-1.76426222586456589143
1.56901055103678908688
1.98270655938724962615
4.74585378779452712895
-2.0125328460197179721
10.8318213380837893434
2.41013805983789281619
0.470186185836870513158
0.224179166253453346364
0.605204166153797039989
-1.48620106455725319265
-0.287499973697911056793
-0.451814204131344579714
1.55588078648607845064
1.89302198738206188688
-6.52157297775218012486
-0.287499973697911036464
2.17227979404158689935
1.89302198738206067456
-1.48620106455725302538
1.55588078648607777571
0.605204166153796204696
0.224179166253453354577
0.117182400268669151044
-0.438108714070940409904
1.98270655938725007225
10.8318213380837923197
0.470186185836870136954
0.0414853193848426284712
-0.405521899485314845783
4.74585378779452990517
2.41013805983789462234
0.171966136966425196008
-1.76426222586456779264
-2.01253284601971847697
0.470287862738469259813
1.56901055103678959181
-0.690212515894985126345
1.56390689737121894757
-3.49072002841420062052
1.45382179161928803595
-0.714565975487042934772
0.248731330768111495498
-3.49072002841419937566
0.27962138566801931685
0.108590205335857952154
-0.0308682951307524823421
1.45382179161928704372
0.108590205335857609819
-0.0587119457631360696306
-0.714565975487042378633
-0.0308682951307518806219
0.248731330768111395131
-0.499999999999999970557
1.19268030918667993422e-16
9.76518591512827204075e-17
1.19268052559354664583e-16
-0.499999999999999970557
1.41016417794242669493
9.03158949007896387353e-16
9.03158703626472092528e-16
1.41016417794242669493
-2.66666666666666626985
-2.04847247899522365886e-17
-2.66666666666666626985
6.75650248872423941059
6.75650248872423941057
7.49999999999999968592
-0.128279379973567030997
2.4866841569526922443
2.13595994441921394002
2.4866841569526922443
-0.128279379973567030999
2.48668415695269169572
10.5189511216489724832
10.5189511216489724832
2.48668415695269169572
2.13595994441921283957
10.5189511216489693711
2.13595994441921283956
2.48668415695269083771
2.4866841569526908377
-0.128279379973566958449
-0.500000000000000216937
1.41016417794242681895
-2.66666666666666723756
6.75650248872424080061
7.49999999999999753177
-6.43873176281873715912e-16
-9.13763280749327980758e-16
1.50420304937110264271e-15
6.75650248872423881683
-6.67898367753488537656e-16
2.63617267470919758352e-16
-2.66666666666666593186
-1.65209442311429442802e-16
1.41016417794242668697
-0.500000000000000014701
7.49999999999999753177
6.75650248872424080057
-2.66666666666666723755
1.41016417794242681895
-0.500000000000000216936
6.75650248872423881681
1.50418495159789752315e-15
-9.13758050390512818516e-16
-6.43874308580874430783e-16
-2.66666666666666593186
2.63622497829734920592e-16
-6.67899456368895060517e-16
1.41016417794242668697
-1.65210574610430157669e-16
-0.500000000000000014699
0.248731330768111490325
-0.714565975487042767989
1.45382179161928730485
-3.49072002841419853893
1.56390689737121957305
-0.0308682951307517389073
0.108590205335856569775
0.279621385668020093753
-3.49072002841419794266
-0.0587119457631358247669
0.108590205335856646996
1.45382179161928675881
-0.0308682951307517188591
-0.714565975487042433547
0.248731330768111345281
0.470186185836870338828
2.41013805983789344255
-2.01253284601971840294
1.56901055103678924482
-0.690212515894985036688
10.8318213380837894273
4.7458537877945268646
-1.76426222586456699924
0.470287862738469314376
1.98270655938724999941
-0.405521899485314260326
0.171966136966425307366
-0.438108714070941189891
0.0414853193848421713656
0.117182400268669374261
0.224179166253453437405
1.55588078648607984776
2.17227979404158809699
1.55588078648607868217
0.224179166253453319786
0.605204166153797268593
1.89302198738206327801
1.89302198738206241274
0.605204166153796624619
-1.48620106455725373837
-6.52157297775218054204
-1.48620106455725305628
-0.287499973697910191683
-0.287499973697910245625
-0.45181420413134479422
-0.690212515894985345412
1.56901055103678947813
-2.01253284601971893195
2.41013805983789535663
0.470186185836870222565
0.470287862738469506011
-1.76426222586456816408
4.74585378779453118045
10.8318213380837906549
0.17196613696642553502
-0.405521899485313900386
1.98270655938725035619
0.0414853193848421747662
-0.438108714070941050733
0.11718240026866934117
-0.00998226865435851368399
0.108723694716554147813
-1.22994615984484105077
-0.596624740550261952353
-0.2248169235260533797
0.0988508759091749752821
0.163632415142775868745
-2.21376004807754521382
-0.110255760506294874062
-0.11032489698423623947
1.43574505075235743626
0.91723046298778322377
-0.430787027674456412364
-0.943848536750311973584
0.457231939649132295915
-0.0667778790605566244878
0.708741794086928386848
0.820143409483599657697
-0.273928292569890034043
0.0850481262782505782039
0.708741794086928176744
12.3666208449047329669
1.49999999999999994855
-0.140639214241911541293
0.820143409483599885364
1.50000000000000046586
-0.198574611918130593514
-0.273928292569890205898
-0.140639214241911715582
0.0850481262782506565796
0.132217779838392252312
-0.325638013318236038247
-0.986076051924640806415
0.286420802533832786693
0.115302675688895439547
-0.0383768484758998816606
1.32510410927102281253
-1.00538998176416126162
0.28642080253383273754
1.00548660129674451306
1.32510410927102282308
-0.986076051924640202008
-0.0383768484759000986902
-0.32563801331823584655
0.132217779838392359989
0.45723193964913232957
-0.943848536750312186505
0.917230462987783609672
-0.110255760506295281306
-0.224816923526053336446
-0.430787027674456400055
1.43574505075235801096
-2.21376004807754622912
-0.596624740550262719835
-0.110324896984236064793
0.163632415142775708895
-1.22994615984484129471
0.0988508759091751735744
0.108723694716554100959
-0.009982268654358517351
-0.224816923526053379701
-0.596624740550261952352
-1.22994615984484105077
0.108723694716554147812
-0.00998226865435851368347
-0.110255760506294874061
-2.21376004807754521382
0.163632415142775868744
0.0988508759091749752825
0.91723046298778322377
1.43574505075235743626
-0.110324896984236239467
-0.943848536750311973583
-0.430787027674456412362
0.457231939649132295914
0.0850481262782505782024
-0.273928292569890034039
0.820143409483599657693
0.708741794086928386854
-0.0667778790605566244915
-0.140639214241911541291
1.49999999999999994855
12.3666208449047329669
0.708741794086928176751
-0.198574611918130593512
1.50000000000000046586
0.820143409483599885365
-0.140639214241911715583
-0.2739282925698902059
0.0850481262782506565799
-0.224816923526053336447
-0.110255760506295281304
0.917230462987783609674
-0.943848536750312186505
0.45723193964913232957
-0.596624740550262719835
-2.21376004807754622912
1.43574505075235801096
-0.430787027674456400054
-1.22994615984484129471
0.163632415142775708892
-0.110324896984236064792
0.108723694716554100959
0.0988508759091751735746
-0.00998226865435851735117
0.115302675688895439546
0.286420802533832786695
-0.986076051924640806413
-0.325638013318236038246
0.132217779838392252313
0.28642080253383273754
-1.00538998176416126162
1.32510410927102281253
-0.0383768484758998816605
-0.986076051924640202009
1.32510410927102282308
1.00548660129674451306
-0.32563801331823584655
-0.03837684847590009869
0.132217779838392359988
1.56390689737121957306
-3.49072002841419853894
1.45382179161928730486
-0.714565975487042767984
0.24873133076811149032
-3.49072002841419794267
0.279621385668020093753
0.108590205335856569774
-0.0308682951307517389037
1.45382179161928675882
0.108590205335856646995
-0.0587119457631358247764
-0.71456597548704243354
-0.0308682951307517188569
0.248731330768111345278
-0.690212515894985036695
1.56901055103678924483
-2.01253284601971840294
2.41013805983789344254
0.470186185836870338834
0.470287862738469314378
-1.76426222586456699925
4.74585378779452686463
10.8318213380837894273
0.171966136966425307359
-0.405521899485314260326
1.98270655938724999942
0.0414853193848421713614
-0.43810871407094118989
0.117182400268669374261
0.470186185836870222573
2.41013805983789535663
-2.01253284601971893195
1.56901055103678947813
-0.690212515894985345414
10.8318213380837906549
4.74585378779453118047
-1.76426222586456816408
0.47028786273846950601
1.9827065593872503562
-0.405521899485313900385
0.171966136966425535013
-0.438108714070941050734
0.0414853193848421747632
0.11718240026866934117
0.224179166253453319785
1.55588078648607868217
2.17227979404158809698
1.55588078648607984776
0.2241791662534534374
0.605204166153796624623
1.89302198738206241274
1.893021987382063278
0.605204166153797268597
-1.48620106455725305627
-6.52157297775218054204
-1.48620106455725373837
-0.287499973697910245624
-0.287499973697910191683
-0.45181420413134479422
0.45723193964913238278
-0.943848536750312182868
0.91723046298778341147
-0.110255760506295006604
-0.224816923526053306519
-0.430787027674456447526
1.43574505075235763156
-2.21376004807754534538
-0.596624740550261981849
-0.110324896984236288668
0.163632415142775748584
-1.22994615984484091195
0.0988508759091750779107
0.108723694716554086843
-0.00998226865435852980462
-0.22481692352605331921
-0.110255760506295049411
0.917230462987783360683
-0.943848536750312106493
0.457231939649132377413
-0.596624740550262071281
-2.21376004807754567688
1.43574505075235793494
-0.430787027674456256994
-1.22994615984484093071
0.16363241514277583685
-0.110324896984236250495
0.108723694716554062547
0.0988508759091751057732
-0.0099822686543584960389
0.115302675688895570772
0.28642080253383278918
-0.986076051924640815115
-0.325638013318235809964
0.132217779838392256303
0.286420802533832787414
-1.0053899817641618434
1.325104109271022853
-0.0383768484758999470038
-0.98607605192464053873
1.32510410927102260725
1.00548660129674427907
-0.325638013318235829349
-0.0383768484759000482463
0.132217779838392329083
0.0850481262782505402974
-0.273928292569890033164
0.820143409483599918113
0.708741794086928683594
-0.0667778790605565651987
-0.140639214241911640556
1.50000000000000067727
12.3666208449047351981
0.708741794086928889344
-0.198574611918130737683
1.50000000000000084695
0.82014340948360035008
-0.140639214241911762478
-0.273928292569890216752
0.0850481262782506586156
0.00971514449536348222163
0.124723111467658815293
0.0140467982103803163464
0.124723111467658815293
0.00971514449536348222145
0.124723111467658812951
-0.9568019156410614891
-0.956801915641061489101
0.124723111467658812951
0.014046798210380316341
-0.956801915641061439097
0.0140467982103803163406
0.124723111467658790809
0.124723111467658790809
0.00971514449536350101334
0.00971514449536348141807
0.124723111467658819927
0.0140467982103803478439
0.124723111467658819927
0.0097151444953634814183
0.124723111467658820848
-0.956801915641061342773
-0.956801915641061342773
0.124723111467658820848
0.0140467982103803351895
-0.956801915641061419208
0.0140467982103803351899
0.12472311146765881366
0.12472311146765881366
0.00971514449536351193205
0.00971514449536347190432
0.124723111467658894527
0.0140467982103803179995
0.124723111467658828743
0.00971514449536346636153
0.12472311146765884419
-0.956801915641061657172
-0.956801915641061626496
0.124723111467658826635
0.0140467982103802911825
-0.956801915641061600174
0.0140467982103802910242
0.124723111467658840137
0.124723111467658820419
0.00971514449536350245626
0.00971514449536346636153
0.124723111467658828742
0.0140467982103803179998
0.124723111467658894527
0.00971514449536347190425
0.124723111467658826635
-0.956801915641061626496
-0.956801915641061657168
0.12472311146765884419
0.014046798210380291024
-0.956801915641061600174
0.0140467982103802911828
0.124723111467658820419
0.124723111467658840137
0.00971514449536350245627
-0.224816923526053306517
-0.11025576050629500661
0.917230462987783411479
-0.943848536750312182872
0.457231939649132382779
-0.596624740550261981855
-2.21376004807754534538
1.43574505075235763156
-0.430787027674456447529
-1.22994615984484091195
0.163632415142775748582
-0.110324896984236288666
0.108723694716554086842
0.0988508759091750779091
-0.00998226865435852980446
0.457231939649132377412
-0.943848536750312106498
0.917230462987783360691
-0.110255760506295049417
-0.224816923526053319208
-0.430787027674456256996
1.43574505075235793495
-2.21376004807754567688
-0.596624740550262071285
-0.110324896984236250497
0.163632415142775836854
-1.22994615984484093071
0.0988508759091751057716
0.108723694716554062547
-0.00998226865435849603868
-0.0667778790605565651978
0.708741794086928683595
0.82014340948359991812
-0.273928292569890033165
0.085048126278250540298
0.708741794086928889347
12.3666208449047351982
1.50000000000000067728
-0.140639214241911640559
0.820143409483600350078
1.50000000000000084695
-0.198574611918130737684
-0.273928292569890216754
-0.140639214241911762478
0.0850481262782506586154
0.132217779838392256304
-0.325638013318235809965
-0.986076051924640815112
0.286420802533832789182
0.11530267568889557077
-0.0383768484758999470048
1.32510410927102285301
-1.0053899817641618434
0.286420802533832787417
1.00548660129674427907
1.32510410927102260724
-0.986076051924640538736
-0.0383768484759000482456
-0.325638013318235829352
0.132217779838392329083
0.457231939649132338845
-0.430787027674456408818
-0.110324896984236291289
0.0988508759091750287029
-0.00998226865435849556345
-0.943848536750312104996
1.43574505075235753294
0.163632415142775893612
0.10872369471655405481
0.917230462987783366808
-2.21376004807754540688
-1.22994615984484099057
-0.110255760506294917999
-0.59662474055026184967
-0.22481692352605341194
0.132217779838392261419
-0.325638013318235933225
-0.986076051924640630879
0.286420802533832743877
0.115302675688895495757
-0.0383768484759000366231
1.32510410927102258497
-1.00538998176416120048
0.286420802533832704012
1.00548660129674428942
1.32510410927102264832
-0.986076051924640359749
-0.0383768484759000260996
-0.325638013318235823783
0.132217779838392328113
0.457231939649132344683
-0.943848536750312187638
0.917230462987783784597
-0.110255760506295279902
-0.224816923526053304819
-0.430787027674456415716
1.43574505075235823444
-2.2137600480775464575
-0.596624740550262613287
-0.110324896984236183086
0.163632415142775660079
-1.22994615984484122779
0.0988508759091751787869
0.10872369471655415092
-0.00998226865435853387885
-0.0667778790605565620342
0.708741794086928627264
0.820143409483599931326
-0.273928292569890058577
0.0850481262782505797853
0.708741794086928492578
12.3666208449047352358
1.50000000000000083559
-0.140639214241911675456
0.820143409483600182912
1.5000000000000009671
-0.198574611918130700041
-0.273928292569890200331
-0.140639214241911748008
0.0850481262782506522619
-0.00998226865435849556355
0.0988508759091750287024
-0.110324896984236291288
-0.430787027674456408817
0.457231939649132338845
0.108723694716554054809
0.163632415142775893612
1.43574505075235753294
-0.943848536750312104995
-1.22994615984484099057
-2.21376004807754540688
0.917230462987783366804
-0.596624740550261849666
-0.110255760506294917996
-0.22481692352605341194
0.115302675688895495756
0.286420802533832743878
-0.98607605192464063088
-0.325638013318235933224
0.132217779838392261418
0.286420802533832704013
-1.00538998176416120048
1.32510410927102258498
-0.0383768484759000366216
-0.986076051924640359748
1.32510410927102264832
1.00548660129674428942
-0.325638013318235823783
-0.0383768484759000261004
0.132217779838392328113
0.0850481262782505797851
-0.273928292569890058577
0.820143409483599931328
0.708741794086928627266
-0.0667778790605565620341
-0.140639214241911675456
1.5000000000000008356
12.3666208449047352358
0.708741794086928492579
-0.19857461191813070004
1.5000000000000009671
0.820143409483600182911
-0.140639214241911748008
-0.273928292569890200331
0.0850481262782506522617
-0.224816923526053304819
-0.1102557605062952799
0.917230462987783784592
-0.943848536750312187638
0.457231939649132344683
-0.596624740550262613285
-2.2137600480775464575
1.43574505075235823443
-0.430787027674456415716
-1.22994615984484122779
0.16363241514277566008
-0.110324896984236183085
0.10872369471655415092
0.0988508759091751787865
-0.00998226865435853387865
0.248731330768111344329
-0.0308682951307516578144
-0.0587119457631358531442
-0.0308682951307516578144
0.248731330768111344329
-0.714565975487042496411
0.108590205335856561733
0.108590205335856561733
-0.714565975487042496411
1.45382179161928688285
0.279621385668020127535
1.45382179161928688285
-3.49072002841419804786
-3.49072002841419804786
1.56390689737121936903
0.224179166253453293129
1.55588078648607856807
2.17227979404158760012
1.55588078648607856807
0.224179166253453293129
0.605204166153796630589
1.89302198738206214933
1.89302198738206214933
0.60520416615379663059
-1.48620106455725294356
-6.52157297775217878834
-1.48620106455725294356
-0.287499973697910327032
-0.287499973697910327032
-0.451814204131344641937
-0.690212515894985096892
1.56901055103678905833
-2.0125328460197184848
2.41013805983789337085
0.470186185836870099451
0.470287862738469343915
-1.76426222586456730327
4.74585378779452653869
10.8318213380837874007
0.171966136966425405488
-0.405521899485314437967
1.98270655938724951968
0.0414853193848421114934
-0.43810871407094105131
0.11718240026866935899
0.470186185836870099451
2.41013805983789337085
-2.0125328460197184848
1.56901055103678905833
-0.690212515894985096892
10.8318213380837874007
4.74585378779452653869
-1.76426222586456730327
0.470287862738469343915
1.98270655938724951968
-0.405521899485314437967
0.171966136966425405488
-0.43810871407094105131
0.0414853193848421114934
0.11718240026866935899
0.148154688526647325721
-0.464264161823859432811
0.0994210136591783847259
1.59287656706876506203
-0.481844180452996225572
0.779597351734605867281
-3.01171183653154234228
3.29976668620754765497
1.59287656706876486378
1.08143024897785896002
-3.01171183653154204996
0.0994210136591783486465
0.779597351734605619646
-0.464264161823859331579
0.14815468852664736065
-0.0485524871576527677927
-0.388517976451696701497
-0.610495870421631303341
1.25557454532494068657
-0.83287190281622350319
1.21949854601124318506
3.79779040227056196761
-3.08745889526299195141
1.2555745453249406762
10.969736478927686614
3.79779040227056176814
-0.610495870421631114821
1.21949854601124227457
-0.388517976451697125861
-0.0485524871576524928074
0.148154688526647422977
0.779597351734606190361
1.08143024897785929099
0.77959735173460583739
0.148154688526647329349
-0.464264161823859523508
-3.01171183653154339101
-3.01171183653154276237
-0.464264161823859328996
0.099421013659177813411
3.29976668620754804128
0.0994210136591781937209
1.59287656706876548713
1.59287656706876534373
-0.481844180452996277898
-0.83287190281622372588
1.25557454532494088592
-0.610495870421631530059
-0.388517976451696720563
-0.0485524871576527429492
1.25557454532494104718
-3.08745889526299248983
3.7977904022705637771
1.21949854601124332883
-0.610495870421631097066
3.79779040227056280016
10.9697364789276872253
-0.388517976451697270883
1.21949854601124226612
-0.048552487157652432758
0.132217779838392320997
-0.0383768484758999982488
1.00548660129674427836
-0.038376848475899998248
0.132217779838392320997
-0.325638013318235830052
1.32510410927102257206
1.32510410927102257206
-0.325638013318235830052
-0.986076051924640244642
-1.00538998176416138371
-0.986076051924640244644
0.286420802533832607892
0.286420802533832607892
0.11530267568889548368
0.0850481262782505891842
-0.140639214241911604216
-0.198574611918130869856
-0.140639214241911604217
0.0850481262782505891843
-0.273928292569890004927
1.5000000000000004234
1.5000000000000004234
-0.273928292569890004926
0.820143409483599824283
12.3666208449047325446
0.820143409483599824283
0.708741794086927916372
0.708741794086927916372
-0.0667778790605565339337
-0.00998226865435847742636
0.0988508759091750758582
-0.110324896984236200049
-0.430787027674456330429
0.457231939649132285207
0.10872369471655404171
0.163632415142775948738
1.43574505075235775836
-0.943848536750311895504
-1.22994615984484116709
-2.21376004807754536743
0.91723046298778315158
-0.596624740550262137069
-0.11025576050629478033
-0.224816923526053373165
0.457231939649132285207
-0.430787027674456330428
-0.110324896984236200052
0.0988508759091750758582
-0.00998226865435847742699
-0.943848536750311895504
1.43574505075235775836
0.163632415142775948725
0.10872369471655404171
0.917230462987783151582
-2.21376004807754536743
-1.22994615984484116709
-0.11025576050629478033
-0.596624740550262137069
-0.224816923526053373165
-0.481844180452996225573
1.59287656706876506203
0.0994210136591783847272
-0.46426416182385943281
0.148154688526647325719
1.59287656706876486378
3.29976668620754765497
-3.01171183653154234228
0.779597351734605867281
0.0994210136591783486437
-3.01171183653154204995
1.08143024897785896003
-0.464264161823859331572
0.779597351734605619653
0.148154688526647360648
-0.832871902816223503194
1.25557454532494068657
-0.610495870421631303344
-0.388517976451696701492
-0.0485524871576527677947
1.25557454532494067621
-3.08745889526299195142
3.79779040227056196761
1.21949854601124318506
-0.610495870421631114822
3.79779040227056176814
10.969736478927686614
-0.388517976451697125859
1.21949854601124227457
-0.0485524871576524928074
-0.0485524871576527429499
-0.388517976451696720564
-0.610495870421631530064
1.25557454532494088593
-0.832871902816223725882
1.21949854601124332883
3.79779040227056377708
-3.08745889526299248983
1.25557454532494104719
10.9697364789276872253
3.79779040227056280016
-0.610495870421631097066
1.21949854601124226613
-0.388517976451697270881
-0.0485524871576524327582
0.148154688526647329348
0.779597351734605837395
1.08143024897785929099
0.779597351734606190362
0.148154688526647422977
-0.464264161823859328995
-3.01171183653154276237
-3.01171183653154339099
-0.464264161823859523507
0.0994210136591781937177
3.29976668620754804128
0.099421013659177813413
1.59287656706876534373
1.59287656706876548713
-0.481844180452996277899
0.11530267568889550431
0.286420802533832689926
-0.986076051924640437556
-0.325638013318235777672
0.132217779838392271502
0.286420802533832540762
-1.00538998176416131247
1.3251041092710227483
-0.038376848475899957238
-0.986076051924640307356
1.32510410927102254173
1.00548660129674417449
-0.325638013318235750137
-0.0383768484758999978705
0.13221777983839230361
-0.00998226865435851105175
0.0988508759091750990926
-0.110324896984236190058
-0.430787027674456340783
0.457231939649132361752
0.108723694716554085824
0.163632415142775832527
1.43574505075235774357
-0.943848536750312089844
-1.22994615984484112011
-2.21376004807754509615
0.917230462987783431162
-0.596624740550262112319
-0.110255760506294631586
-0.224816923526053390576
0.457231939649132360357
-0.430787027674456357621
-0.110324896984236177311
0.0988508759091751032284
-0.00998226865435848377908
-0.943848536750312067074
1.43574505075235778407
0.163632415142775890179
0.108723694716554023158
0.917230462987783323175
-2.21376004807754591633
-1.22994615984484110727
-0.110255760506294714532
-0.596624740550262138317
-0.224816923526053400334
0.0850481262782506032385
-0.140639214241911678402
-0.198574611918130897805
-0.140639214241911612367
0.0850481262782505590524
-0.273928292569890081118
1.50000000000000094486
1.50000000000000074498
-0.273928292569889977268
0.820143409483600286462
12.3666208449047342041
0.820143409483600079953
0.708741794086928044552
0.708741794086927991448
-0.0667778790605565095698
0.132217779838392271502
-0.325638013318235777673
-0.986076051924640437556
0.286420802533832689925
0.115302675688895504309
-0.0383768484758999572387
1.3251041092710227483
-1.00538998176416131247
0.286420802533832540762
1.00548660129674417449
1.32510410927102254173
-0.986076051924640307357
-0.0383768484758999978727
-0.325638013318235750139
0.132217779838392303611
0.457231939649132361752
-0.430787027674456340784
-0.110324896984236190057
0.0988508759091750990924
-0.00998226865435851105191
-0.943848536750312089844
1.43574505075235774357
0.163632415142775832524
0.108723694716554085824
0.917230462987783431162
-2.21376004807754509615
-1.22994615984484112011
-0.110255760506294631584
-0.596624740550262112318
-0.224816923526053390576
0.0850481262782505590521
-0.140639214241911612368
-0.198574611918130897806
-0.140639214241911678404
0.0850481262782506032386
-0.273928292569889977268
1.50000000000000074498
1.50000000000000094485
-0.273928292569890081118
0.820143409483600079953
12.3666208449047342041
0.820143409483600286463
0.708741794086927991448
0.708741794086928044552
-0.0667778790605565095695
-0.00998226865435848377902
0.0988508759091751032269
-0.110324896984236177313
-0.430787027674456357621
0.457231939649132360357
0.108723694716554023158
0.163632415142775890177
1.43574505075235778407
-0.943848536750312067074
-1.22994615984484110727
-2.21376004807754591633
0.917230462987783323175
-0.596624740550262138317
-0.110255760506294714531
-0.224816923526053400334
0.1481546885266473179
0.779597351734605722082
1.08143024897785890914
0.779597351734605722082
0.1481546885266473179
-0.464264161823859326509
-3.01171183653154212165
-3.01171183653154212165
-0.464264161823859326509
0.0994210136591783578004
3.29976668620754760623
0.0994210136591783578004
1.59287656706876486803
1.59287656706876486803
-0.481844180452996085443
0.148154688526647317217
0.779597351734605772927
1.08143024897785900046
0.779597351734605772927
0.148154688526647317218
-0.464264161823859304699
-3.01171183653154228357
-3.01171183653154228358
-0.464264161823859304701
0.0994210136591781753123
3.29976668620754725175
0.0994210136591781753121
1.59287656706876508355
1.59287656706876508355
-0.481844180452996179098
-0.83287190281622347891
1.25557454532494056922
-0.610495870421631262651
-0.388517976451696627597
-0.0485524871576527156775
1.25557454532494064982
-3.08745889526299181189
3.79779040227056152504
1.21949854601124279167
-0.610495870421630786763
3.79779040227056198324
10.9697364789276848998
-0.388517976451697066766
1.21949854601124207474
-0.0485524871576524854617
-0.0485524871576527156775
-0.388517976451696627597
-0.610495870421631262651
1.25557454532494056922
-0.83287190281622347891
1.21949854601124279167
3.79779040227056152504
-3.08745889526299181189
1.25557454532494064982
10.9697364789276848998
3.79779040227056198324
-0.610495870421630786763
1.21949854601124207474
-0.388517976451697066766
-0.0485524871576524854617
0.224179166253453198378
0.605204166153796414028
-1.48620106455725297848
-0.287499973697910364629
-0.451814204131344450068
1.55588078648607780188
1.8930219873820606016
-6.52157297775217775357
-0.287499973697910301732
2.17227979404158655043
1.89302198738206039032
-1.48620106455725282086
1.55588078648607772612
0.605204166153796305439
0.224179166253453317317
0.117182400268669210714
0.0414853193848422833616
0.171966136966425384459
0.47028786273846887002
-0.690212515894984730337
-0.438108714070940853781
-0.405521899485315400452
-1.76426222586456663074
1.56901055103678873848
1.98270655938724885656
4.74585378779452573414
-2.01253284601971808169
10.8318213380837872689
2.41013805983789431526
0.470186185836870675681
0.248731330768111242028
-0.0308682951307515692626
-0.0587119457631359272721
-0.0308682951307515779582
0.248731330768111218215
-0.714565975487042158135
0.108590205335857468014
0.108590205335857498547
-0.714565975487042090109
1.45382179161928719009
0.279621385668023202344
1.45382179161928711055
-3.4907200284141969161
-3.49072002841419676957
1.56390689737121890842
-0.690212515894984776083
0.47028786273846890535
0.171966136966425383322
0.0414853193848422756396
0.117182400268669200779
1.5690105510367888425
-1.7642622258645667536
-0.40552189948531535063
-0.438108714070940824049
-2.01253284601971821718
4.74585378779452614276
1.98270655938724887346
2.41013805983789466866
10.8318213380837874745
0.470186185836870654033
-0.451814204131344450068
-0.287499973697910364627
-1.48620106455725297848
0.605204166153796414026
0.224179166253453198377
-0.287499973697910301729
-6.52157297775217775356
1.89302198738206060159
1.55588078648607780188
-1.48620106455725282086
1.89302198738206039032
2.17227979404158655043
0.605204166153796305442
1.55588078648607772612
0.224179166253453317316
-0.690212515894984730339
0.470287862738468870021
0.17196613696642538446
0.0414853193848422833637
0.117182400268669210714
1.56901055103678873848
-1.76426222586456663074
-0.405521899485315400458
-0.438108714070940853781
-2.01253284601971808169
4.74585378779452573414
1.98270655938724885656
2.41013805983789431526
10.8318213380837872689
0.47018618583687067568
0.117182400268669200779
0.0414853193848422756405
0.171966136966425383321
0.470287862738468905353
-0.690212515894984776084
-0.438108714070940824049
-0.40552189948531535064
-1.76426222586456675361
1.5690105510367888425
1.98270655938724887346
4.74585378779452614276
-2.01253284601971821719
10.8318213380837874745
2.41013805983789466866
0.470186185836870654032
0.248731330768111218215
-0.0308682951307515779563
-0.05871194576313592727
-0.0308682951307515692627
0.248731330768111242027
-0.714565975487042090108
0.108590205335857498548
0.108590205335857468031
-0.714565975487042158133
1.45382179161928711055
0.279621385668023202336
1.45382179161928719009
-3.49072002841419676957
-3.4907200284141969161
1.56390689737121890842
0.224179166253453240263
1.55588078648607784342
2.17227979404158672297
1.55588078648607784342
0.224179166253453240263
0.605204166153796159275
1.89302198738206033751
1.89302198738206033751
0.605204166153796159275
-1.48620106455725266533
-6.52157297775217757746
-1.48620106455725266533
-0.287499973697910425898
-0.287499973697910425898
-0.451814204131344487813
0.2487313307681112134
-0.0308682951307516049494
-0.0587119457631359503513
-0.0308682951307516049492
0.2487313307681112134
-0.714565975487042057612
0.108590205335857637276
0.108590205335857637276
-0.714565975487042057612
1.45382179161928699521
0.27962138566802250315
1.45382179161928699521
-3.4907200284141966791
-3.4907200284141966791
1.56390689737121889052
-0.690212515894984700417
0.47028786273846884541
0.171966136966425390947
0.0414853193848423166824
0.117182400268669143909
1.56901055103678867545
-1.76426222586456657511
-0.405521899485315521281
-0.438108714070940669135
-2.01253284601971798414
4.74585378779452589184
1.98270655938724832858
2.4101380598378945581
10.8318213380837869173
0.470186185836870693081
0.117182400268669143909
0.0414853193848423166824
0.171966136966425390947
0.47028786273846884541
-0.690212515894984700417
-0.438108714070940669135
-0.405521899485315521281
-1.76426222586456657511
1.56901055103678867545
1.98270655938724832858
4.74585378779452589184
-2.01253284601971798414
10.8318213380837869173
2.4101380598378945581
0.470186185836870693081
-0.128279379973567108097
2.48668415695269112879
2.13595994441921266741
2.48668415695269112879
-0.128279379973567108097
2.4866841569526909814
10.5189511216489694493
10.5189511216489694493
2.4866841569526909814
2.13595994441921284817
10.5189511216489697094
2.13595994441921284817
2.48668415695269073174
2.48668415695269073174
-0.12827937997356676626
-0.500000000000000117294
4.21195721456592460519e-17
-3.88780531358549334722e-17
4.21198681984204843159e-17
-0.500000000000000117294
1.4101641779424270219
7.98951770922694916318e-16
7.98951840611748423196e-16
1.4101641779424270219
-2.66666666666666673971
1.03230752268328602207e-15
-2.66666666666666673971
6.75650248872424127555
6.75650248872424127555
7.49999999999999867217
-0.500000000000000117296
4.21227375416958845157e-17
-3.88693561291014762597e-17
4.21258701005207314354e-17
-0.500000000000000117295
1.41016417794242702191
7.9894656217181596795e-16
7.98950084607826192232e-16
1.41016417794242702191
-2.66666666666666673972
1.03231813405037311277e-15
-2.66666666666666673972
6.75650248872424127557
6.7565024887242412756
7.49999999999999867217
-0.500000000000000117295
4.21258701005207314354e-17
-3.88693561291014762597e-17
4.21227375416958845157e-17
-0.500000000000000117296
1.41016417794242702191
7.98950084607826192232e-16
7.9894656217181596795e-16
1.41016417794242702191
-2.66666666666666673972
1.03231813405037311277e-15
-2.66666666666666673972
6.7565024887242412756
6.75650248872424127557
7.49999999999999867217
