0.00374479370724093700354
-0.00385867669862217736343
0.0013391670682343482592
0.00000851835456476462858325
-0.0000753559976326919251813
-0.00385867669862217739476
0.00523902520287137845328
-0.0019095289491710758003
-0.000313929674781898130899
0.00133916706823434793056
-0.00190952894917107617459
-0.000436484205927026260257
0.00000851835456476493643038
-0.000313929674781897835484
-0.0000753559976326921246134
-0.00385867669862217740653
0.00523902520287137842903
-0.00190952894917107583196
-0.00031392967478189811933
0.00523902520287137816156
-0.00382520111126521149346
-0.00373159837326592639427
-0.00190952894917107619601
-0.00373159837326592620675
-0.000313929674781897956807
0.00133916706823434800905
-0.00190952894917107636886
-0.000436484205927026199508
-0.00190952894917107637712
-0.00373159837326592636487
-0.000436484205927026162965
0.00000851835456476497696162
-0.000313929674781897840957
-0.000313929674781897850876
-0.0000753559976326921300912
-0.00385867669862217736343
0.00993695280370681757559
-0.00334147115957857730312
0.000832375562991111389368
0.0000085183545647646285863
0.00517935785481443980319
-0.00421666823744140035301
0.00252698349065789767834
0.000614928023133536560483
-0.00193135300954637586507
0.00110238586542134403538
0.000926945376591973625307
0.000614928023133536106276
0.000419818631606461974554
-0.000313929674781897799737
0.00517935785481443972106
-0.00421666823744140023009
0.00252698349065789799954
0.00061492802313353662091
-0.00340534260563063993837
0.00364683301357520969243
0.00684351291559787538065
0.00084695462669435938816
0.00238823179867812201358
0.000143628045468921776981
-0.00193135300954637571696
0.00110238586542134446765
0.000926945376591973660392
0.000846954626694359554198
0.00238823179867812208541
-0.000201173807817879604774
0.000614928023133536019754
0.000419818631606462081516
0.000143628045468921701875
-0.000313929674781897754602
0.0013391670682343482592
-0.00334147115957857730312
0.0106805087298689369193
-0.00334147115957857730311
0.00133916706823434825919
-0.00193135300954637624869
0.00258030396811607592228
0.00258030396811607592227
-0.00193135300954637624868
-0.000777762470898175882005
-0.00270136900943639318798
-0.000777762470898175882009
0.000926945376591974028232
0.000926945376591974028233
-0.000436484205927026519876
-0.0019313530095463761856
0.00258030396811607611855
0.00258030396811607611853
-0.00193135300954637618559
-0.00400567585375401780165
-0.00165005860639120836306
-0.00400567585375401780167
0.00105740388764887056055
0.00105740388764887056055
-0.00020117380781787939291
-0.00077776247089817564924
-0.00270136900943639203507
-0.000777762470898175649244
0.00105740388764887089506
0.00105740388764887089506
0.000093131021332618143432
0.000926945376591973699779
0.000926945376591973699778
-0.000201173807817879644621
-0.000436484205927026217356
0.00000851835456476462858325
0.000832375562991111389368
-0.00334147115957857730311
0.00993695280370681757556
-0.00385867669862217736341
0.000614928023133536560489
0.00252698349065789767833
-0.00421666823744140035299
0.00517935785481443980318
0.000926945376591973625302
0.00110238586542134403537
-0.00193135300954637586506
0.000419818631606461974553
0.000614928023133536106278
-0.000313929674781897799737
0.000614928023133536620914
0.00252698349065789799952
-0.00421666823744140023006
0.00517935785481443972105
0.00684351291559787538063
0.00364683301357520969241
-0.00340534260563063993835
0.00238823179867812201357
0.000846954626694359388159
0.000143628045468921776981
0.000926945376591973660388
0.00110238586542134446765
-0.00193135300954637571696
0.0023882317986781220854
0.000846954626694359554195
-0.000201173807817879604774
0.000419818631606462081516
0.000614928023133536019754
0.000143628045468921701874
-0.000313929674781897754602
-0.0000753559976326919251813
0.0000085183545647646285863
0.00133916706823434825919
-0.00385867669862217736341
0.00374479370724093700352
-0.000313929674781898130902
-0.0019095289491710758003
0.00523902520287137845327
-0.00385867669862217739475
-0.000436484205927026260254
-0.00190952894917107617459
0.00133916706823434793055
-0.000313929674781897835484
0.00000851835456476493642915
-0.0000753559976326921246124
-0.00031392967478189811933
-0.00190952894917107583195
0.00523902520287137842902
-0.00385867669862217740652
-0.00373159837326592639425
-0.00382520111126521149345
0.00523902520287137816155
-0.00373159837326592620674
-0.00190952894917107619601
-0.000313929674781897956807
-0.000436484205927026199506
-0.00190952894917107636885
0.00133916706823434800905
-0.00373159837326592636486
-0.00190952894917107637712
-0.000436484205927026162964
-0.000313929674781897840956
0.00000851835456476497696188
-0.000313929674781897850875
-0.0000753559976326921300913
-0.00385867669862217739476
0.00517935785481443980319
-0.00193135300954637624869
0.000614928023133536560489
-0.000313929674781898130902
0.0099369528037068162103
-0.00421666823744139993491
0.00110238586542134335706
0.00041981863160646260339
-0.00334147115957857636483
0.0025269834906578981786
0.000926945376591973514257
0.000832375562991110751737
0.000614928023133536237483
0.00000851835456476494972977
0.00517935785481443892833
-0.00340534260563064022496
0.000846954626694359196588
0.000143628045468921980874
-0.00421666823744140028258
0.003646833013575209226
0.00238823179867812215297
0.00252698349065789875102
0.00684351291559787498197
0.00061492802313353640538
-0.0019313530095463755189
0.000846954626694359492205
-0.000201173807817879595088
0.00110238586542134447602
0.00238823179867812201234
0.000926945376591973602131
0.000614928023133535931121
0.00014362804546892171231
0.000419818631606462098716
-0.000313929674781897732324
0.00523902520287137845328
-0.00421666823744140035301
0.00258030396811607592228
0.00252698349065789767833
-0.0019095289491710758003
-0.00421666823744139993491
0.0514290580222000310609
-0.00694566261094902413912
0.00110238586542134335707
0.00258030396811607623395
-0.00694566261094902475504
-0.00270136900943639209974
0.0025269834906578975504
0.0011023858654213436023
-0.00190952894917107581301
-0.00340534260563063968515
0.0248502360026846031987
-0.00433712431388992432632
0.000846954626694358893885
0.0248502360026846036967
0.0148030041208940381628
-0.00952964956617015024948
-0.00433712431388992482402
-0.00952964956617014999864
0.000846954626694359031666
-0.0040056758537540175925
-0.00952964956617015072431
0.00105740388764887077649
-0.00952964956617015094436
-0.00499305471292553246556
0.00105740388764887085976
0.00684351291559787515923
0.0023882317986781221398
0.00238823179867812215904
-0.00373159837326592643018
-0.0019095289491710758003
0.00252698349065789767834
0.00258030396811607592227
-0.00421666823744140035299
0.00523902520287137845327
0.00110238586542134335706
-0.00694566261094902413912
0.0514290580222000310609
-0.00421666823744139993493
-0.00270136900943639209973
-0.00694566261094902475504
0.00258030396811607623395
0.00110238586542134360229
0.0025269834906578975504
-0.00190952894917107581301
0.000846954626694358893887
-0.00433712431388992432634
0.0248502360026846031987
-0.00340534260563063968515
-0.00952964956617015024948
0.0148030041208940381628
0.0248502360026846036967
-0.00952964956617014999864
-0.00433712431388992482402
0.000846954626694359031662
0.00105740388764887077649
-0.00952964956617015072431
-0.00400567585375401759249
-0.00499305471292553246557
-0.00952964956617015094436
0.00105740388764887085976
0.0023882317986781221398
0.00684351291559787515922
0.00238823179867812215904
-0.00373159837326592643018
-0.000313929674781898130899
0.000614928023133536560483
-0.00193135300954637624868
0.00517935785481443980318
-0.00385867669862217739475
0.00041981863160646260339
0.00110238586542134335707
-0.00421666823744139993493
0.00993695280370681621031
0.000926945376591973514254
0.00252698349065789817859
-0.00334147115957857636484
0.000614928023133536237487
0.000832375562991110751741
0.00000851835456476494972709
0.000143628045468921980874
0.000846954626694359196595
-0.00340534260563064022496
0.00517935785481443892834
0.00238823179867812215298
0.003646833013575209226
-0.00421666823744140028259
0.00684351291559787498197
0.00252698349065789875102
0.000614928023133536405384
-0.000201173807817879595089
0.000846954626694359492208
-0.0019313530095463755189
0.00238823179867812201234
0.00110238586542134447602
0.000926945376591973602131
0.00014362804546892171231
0.00061492802313353593112
0.000419818631606462098716
-0.000313929674781897732324
0.00133916706823434793056
-0.00193135300954637586507
-0.000777762470898175882005
0.000926945376591973625302
-0.000436484205927026260254
-0.00334147115957857636483
0.00258030396811607623395
-0.00270136900943639209973
0.000926945376591973514254
0.0106805087298689346431
0.00258030396811607648416
-0.000777762470898175170444
-0.00334147115957857690526
-0.0019313530095463764649
0.00133916706823434815225
-0.00193135300954637562552
-0.00400567585375401723783
0.0010574038876488704993
-0.000201173807817879594758
0.00258030396811607550929
-0.00165005860639120707877
0.00105740388764887096276
0.00258030396811607503278
-0.00400567585375401730723
-0.00193135300954637604815
-0.000777762470898175577435
0.00105740388764887057225
0.0000931310213326181356961
-0.00270136900943639175215
0.00105740388764887048017
-0.000777762470898175557055
0.000926945376591973710247
-0.000201173807817879430774
0.000926945376591973707306
-0.000436484205927026291128
-0.00190952894917107617459
0.00110238586542134403538
-0.00270136900943639318798
0.00110238586542134403537
-0.00190952894917107617459
0.0025269834906578981786
-0.00694566261094902475504
-0.00694566261094902475504
0.00252698349065789817859
0.00258030396811607648416
0.0514290580222000326172
0.00258030396811607648417
-0.00421666823744140082317
-0.00421666823744140082319
0.00523902520287137881457
0.000846954626694359104123
-0.00952964956617015053167
-0.00952964956617015053168
0.000846954626694359104123
-0.00433712431388992397452
0.0148030041208940391164
-0.00433712431388992397452
0.0248502360026846037878
0.0248502360026846037878
-0.00340534260563064004374
0.00105740388764887077472
-0.00499305471292553225117
0.00105740388764887077472
-0.00952964956617015115127
-0.00952964956617015115127
-0.00400567585375401758748
0.00238823179867812221723
0.00238823179867812221723
0.00684351291559787534594
-0.00373159837326592653502
-0.000436484205927026260257
0.000926945376591973625307
-0.000777762470898175882009
-0.00193135300954637586506
0.00133916706823434793055
0.000926945376591973514257
-0.00270136900943639209974
0.00258030396811607623395
-0.00334147115957857636484
-0.000777762470898175170444
0.00258030396811607648417
0.0106805087298689346431
-0.0019313530095463764649
-0.00334147115957857690527
0.00133916706823434815226
-0.000201173807817879594759
0.0010574038876488704993
-0.00400567585375401723783
-0.00193135300954637562552
0.00105740388764887096276
-0.00165005860639120707878
0.00258030396811607550928
-0.00400567585375401730722
0.00258030396811607503278
-0.00193135300954637604815
0.000093131021332618135695
0.00105740388764887057224
-0.000777762470898175577435
0.00105740388764887048017
-0.00270136900943639175215
-0.000777762470898175557053
-0.000201173807817879430773
0.000926945376591973710247
0.000926945376591973707305
-0.000436484205927026291128
0.00000851835456476493643038
0.000614928023133536106276
0.000926945376591974028232
0.000419818631606461974553
-0.000313929674781897835484
0.000832375562991110751737
0.0025269834906578975504
0.00110238586542134360229
0.000614928023133536237487
-0.00334147115957857690526
-0.00421666823744140082317
-0.0019313530095463764649
0.00993695280370681676604
0.00517935785481444042019
-0.00385867669862217731649
0.00061492802313353616915
0.00684351291559787500838
0.00238823179867812227596
0.000143628045468921863575
0.00252698349065789798722
0.00364683301357520857073
0.000846954626694358844934
-0.00421666823744140028086
-0.00340534260563064023976
0.00517935785481443971227
0.000926945376591973554483
0.00238823179867812210903
-0.000201173807817879530674
0.00110238586542134489185
0.000846954626694359780994
-0.0019313530095463756748
0.000419818631606461946868
0.000143628045468921597634
0.000614928023133535829796
-0.000313929674781897616018
-0.000313929674781897835484
0.000419818631606461974554
0.000926945376591974028233
0.000614928023133536106278
0.00000851835456476493642915
0.000614928023133536237483
0.0011023858654213436023
0.0025269834906578975504
0.000832375562991110751741
-0.0019313530095463764649
-0.00421666823744140082319
-0.00334147115957857690527
0.00517935785481444042019
0.00993695280370681676607
-0.0038586766986221773165
0.000143628045468921863577
0.00238823179867812227597
0.00684351291559787500839
0.000614928023133536169151
0.000846954626694358844939
0.00364683301357520857074
0.00252698349065789798723
-0.00340534260563064023978
-0.00421666823744140028088
0.00517935785481443971228
-0.000201173807817879530672
0.00238823179867812210905
0.000926945376591973554485
0.000846954626694359781
0.00110238586542134489186
-0.0019313530095463756748
0.000143628045468921597635
0.000419818631606461946869
0.000614928023133535829797
-0.000313929674781897616017
-0.0000753559976326921246134
-0.000313929674781897799737
-0.000436484205927026519876
-0.000313929674781897799737
-0.0000753559976326921246124
0.00000851835456476494972977
-0.00190952894917107581301
-0.00190952894917107581301
0.00000851835456476494972709
0.00133916706823434815225
0.00523902520287137881457
0.00133916706823434815226
-0.00385867669862217731649
-0.0038586766986221773165
0.00374479370724093715451
-0.000313929674781897885428
-0.00373159837326592628885
-0.00373159837326592628885
-0.000313929674781897885427
-0.00190952894917107572846
-0.00382520111126521086603
-0.00190952894917107572846
0.00523902520287137836752
0.00523902520287137836752
-0.00385867669862217751458
-0.000436484205927026145678
-0.00373159837326592639112
-0.000436484205927026145678
-0.00190952894917107669936
-0.00190952894917107669936
0.00133916706823434794519
-0.000313929674781897755689
-0.000313929674781897755689
0.00000851835456476515895765
-0.0000753559976326922460325
-0.00385867669862217740653
0.00517935785481443972106
-0.0019313530095463761856
0.000614928023133536620914
-0.00031392967478189811933
0.00517935785481443892833
-0.00340534260563063968515
0.000846954626694358893887
0.000143628045468921980874
-0.00193135300954637562552
0.000846954626694359104123
-0.000201173807817879594759
0.00061492802313353616915
0.000143628045468921863577
-0.000313929674781897885428
0.00993695280370681650796
-0.00421666823744139878428
0.00110238586542134345436
0.000419818631606462428125
-0.00421666823744139966223
0.00364683301357520978505
0.00238823179867812155651
0.00110238586542134413273
0.00238823179867812153504
0.000419818631606462209826
-0.00334147115957857680304
0.00252698349065789855197
0.000926945376591973712357
0.00252698349065789872517
0.00684351291559787536909
0.000926945376591973626801
0.000832375562991110920963
0.00061492802313353622036
0.000614928023133536200135
0.00000851835456476489365962
0.00523902520287137842903
-0.00421666823744140023009
0.00258030396811607611855
0.00252698349065789799952
-0.00190952894917107583195
-0.00340534260563064022496
0.0248502360026846031987
-0.00433712431388992432634
0.000846954626694359196595
-0.00400567585375401723783
-0.00952964956617015053167
0.0010574038876488704993
0.00684351291559787500838
0.00238823179867812227597
-0.00373159837326592628885
-0.00421666823744139878428
0.0514290580222000334795
-0.00694566261094902298975
0.00110238586542134345435
0.024850236002684604369
0.0148030041208940364022
-0.00952964956617015057195
-0.00952964956617015025677
-0.00499305471292553334027
0.00238823179867812165613
0.00258030396811607498646
-0.00694566261094902656574
-0.00270136900943639197432
-0.00433712431388992637547
-0.00952964956617015035218
0.00105740388764887113621
0.00252698349065789919658
0.00110238586542134438821
0.000846954626694359582652
-0.00190952894917107655712
-0.00190952894917107583196
0.00252698349065789799954
0.00258030396811607611853
-0.00421666823744140023006
0.00523902520287137842902
0.000846954626694359196588
-0.00433712431388992432632
0.0248502360026846031987
-0.00340534260563064022496
0.0010574038876488704993
-0.00952964956617015053168
-0.00400567585375401723783
0.00238823179867812227596
0.00684351291559787500839
-0.00373159837326592628885
0.00110238586542134345436
-0.00694566261094902298975
0.0514290580222000334795
-0.00421666823744139878427
-0.00952964956617015057194
0.0148030041208940364023
0.024850236002684604369
-0.00499305471292553334028
-0.00952964956617015025678
0.00238823179867812165613
-0.00270136900943639197432
-0.00694566261094902656574
0.00258030396811607498646
-0.00952964956617015035218
-0.00433712431388992637547
0.00105740388764887113621
0.00110238586542134438821
0.00252698349065789919658
0.000846954626694359582653
-0.00190952894917107655712
-0.00031392967478189811933
0.00061492802313353662091
-0.00193135300954637618559
0.00517935785481443972105
-0.00385867669862217740652
0.000143628045468921980874
0.000846954626694358893885
-0.00340534260563063968515
0.00517935785481443892834
-0.000201173807817879594758
0.000846954626694359104123
-0.00193135300954637562552
0.000143628045468921863575
0.000614928023133536169151
-0.000313929674781897885427
0.000419818631606462428125
0.00110238586542134345435
-0.00421666823744139878427
0.00993695280370681650795
0.00238823179867812155651
0.00364683301357520978504
-0.00421666823744139966223
0.00238823179867812153505
0.00110238586542134413274
0.000419818631606462209826
0.000926945376591973712356
0.00252698349065789855196
-0.00334147115957857680304
0.00684351291559787536909
0.00252698349065789872517
0.000926945376591973626801
0.000614928023133536220359
0.000832375562991110920962
0.000614928023133536200135
0.00000851835456476489365978
0.00523902520287137816156
-0.00340534260563063993837
-0.00400567585375401780165
0.00684351291559787538063
-0.00373159837326592639425
-0.00421666823744140028258
0.0248502360026846036967
-0.00952964956617015024948
0.00238823179867812215298
0.00258030396811607550929
-0.00433712431388992397452
0.00105740388764887096276
0.00252698349065789798722
0.000846954626694358844939
-0.00190952894917107572846
-0.00421666823744139966223
0.024850236002684604369
-0.00952964956617015057194
0.00238823179867812155651
0.0514290580222000313263
0.0148030041208940403087
-0.0049930547129255320018
-0.00694566261094902433298
-0.00952964956617015030528
0.00110238586542134352451
0.00258030396811607455415
-0.00433712431388992625089
0.00105740388764887106226
-0.00694566261094902674946
-0.00952964956617015037859
-0.00270136900943639185867
0.00252698349065789928678
0.000846954626694359691104
0.00110238586542134446728
-0.00190952894917107664465
-0.00382520111126521149346
0.00364683301357520969243
-0.00165005860639120836306
0.00364683301357520969241
-0.00382520111126521149345
0.003646833013575209226
0.0148030041208940381628
0.0148030041208940381628
0.003646833013575209226
-0.00165005860639120707877
0.0148030041208940391164
-0.00165005860639120707878
0.00364683301357520857073
0.00364683301357520857074
-0.00382520111126521086603
0.00364683301357520978505
0.0148030041208940364022
0.0148030041208940364023
0.00364683301357520978504
0.0148030041208940403087
0.210152316818983508668
0.0148030041208940403087
0.0148030041208940379067
0.0148030041208940379067
0.00364683301357520946271
-0.00165005860639120947006
0.0148030041208940351643
-0.00165005860639120947005
0.0148030041208940361058
0.0148030041208940361058
-0.00165005860639120983556
0.00364683301357521154106
0.00364683301357521154105
0.00364683301357521152437
-0.00382520111126521340712
-0.00373159837326592639427
0.00684351291559787538065
-0.00400567585375401780167
-0.00340534260563063993835
0.00523902520287137816155
0.00238823179867812215297
-0.00952964956617015024948
0.0248502360026846036967
-0.00421666823744140028259
0.00105740388764887096276
-0.00433712431388992397452
0.00258030396811607550928
0.000846954626694358844934
0.00252698349065789798723
-0.00190952894917107572846
0.00238823179867812155651
-0.00952964956617015057195
0.024850236002684604369
-0.00421666823744139966223
-0.0049930547129255320018
0.0148030041208940403087
0.0514290580222000313263
-0.00952964956617015030528
-0.00694566261094902433298
0.00110238586542134352451
0.00105740388764887106227
-0.00433712431388992625089
0.00258030396811607455415
-0.00952964956617015037859
-0.00694566261094902674946
-0.00270136900943639185867
0.000846954626694359691105
0.00252698349065789928678
0.00110238586542134446728
-0.00190952894917107664465
-0.00190952894917107619601
0.00084695462669435938816
0.00105740388764887056055
0.00238823179867812201357
-0.00373159837326592620674
0.00252698349065789875102
-0.00433712431388992482402
-0.00952964956617014999864
0.00684351291559787498197
0.00258030396811607503278
0.0248502360026846037878
-0.00400567585375401730722
-0.00421666823744140028086
-0.00340534260563064023978
0.00523902520287137836752
0.00110238586542134413273
-0.00952964956617015025677
-0.00499305471292553334028
0.00238823179867812153505
-0.00694566261094902433298
0.0148030041208940379067
-0.00952964956617015030528
0.051429058022200029887
0.0248502360026846055707
-0.00421666823744139873428
-0.00270136900943639154704
-0.00952964956617015022824
0.00105740388764887100109
-0.00694566261094902711019
-0.00433712431388992659082
0.00258030396811607507385
0.00110238586542134437546
0.000846954626694359635055
0.00252698349065789922422
-0.00190952894917107657085
-0.00373159837326592620675
0.00238823179867812201358
0.00105740388764887056055
0.000846954626694359388159
-0.00190952894917107619601
0.00684351291559787498197
-0.00952964956617014999864
-0.00433712431388992482402
0.00252698349065789875102
-0.00400567585375401730723
0.0248502360026846037878
0.00258030396811607503278
-0.00340534260563064023976
-0.00421666823744140028088
0.00523902520287137836752
0.00238823179867812153504
-0.00499305471292553334027
-0.00952964956617015025678
0.00110238586542134413274
-0.00952964956617015030528
0.0148030041208940379067
-0.00694566261094902433298
0.0248502360026846055707
0.051429058022200029887
-0.00421666823744139873428
0.00105740388764887100109
-0.00952964956617015022824
-0.00270136900943639154704
-0.00433712431388992659083
-0.00694566261094902711019
0.00258030396811607507385
0.000846954626694359635057
0.00110238586542134437546
0.00252698349065789922422
-0.00190952894917107657085
-0.000313929674781897956807
0.000143628045468921776981
-0.00020117380781787939291
0.000143628045468921776981
-0.000313929674781897956807
0.00061492802313353640538
0.000846954626694359031666
0.000846954626694359031662
0.000614928023133536405384
-0.00193135300954637604815
-0.00340534260563064004374
-0.00193135300954637604815
0.00517935785481443971227
0.00517935785481443971228
-0.00385867669862217751458
0.000419818631606462209826
0.00238823179867812165613
0.00238823179867812165613
0.000419818631606462209826
0.00110238586542134352451
0.00364683301357520946271
0.00110238586542134352451
-0.00421666823744139873428
-0.00421666823744139873428
0.00993695280370681788438
0.000926945376591973590981
0.00684351291559787532166
0.000926945376591973590981
0.00252698349065789900887
0.00252698349065789900887
-0.00334147115957857683059
0.000614928023133536176987
0.000614928023133536176987
0.000832375562991110816142
0.00000851835456476494169601
0.00133916706823434800905
-0.00193135300954637571696
-0.00077776247089817564924
0.000926945376591973660388
-0.000436484205927026199506
-0.0019313530095463755189
-0.0040056758537540175925
0.00105740388764887077649
-0.000201173807817879595089
-0.000777762470898175577435
0.00105740388764887077472
0.000093131021332618135695
0.000926945376591973554483
-0.000201173807817879530672
-0.000436484205927026145678
-0.00334147115957857680304
0.00258030396811607498646
-0.00270136900943639197432
0.000926945376591973712356
0.00258030396811607455415
-0.00165005860639120947006
0.00105740388764887106227
-0.00270136900943639154704
0.00105740388764887100109
0.000926945376591973590981
0.0106805087298689348522
0.00258030396811607565266
-0.000777762470898175521588
0.00258030396811607525187
-0.00400567585375401787287
-0.000777762470898175531109
-0.0033414711595785766203
-0.00193135300954637599258
-0.00193135300954637590696
0.00133916706823434810462
-0.00190952894917107636886
0.00110238586542134446765
-0.00270136900943639203507
0.00110238586542134446765
-0.00190952894917107636885
0.000846954626694359492205
-0.00952964956617015072431
-0.00952964956617015072431
0.000846954626694359492208
0.00105740388764887057225
-0.00499305471292553225117
0.00105740388764887057224
0.00238823179867812210903
0.00238823179867812210905
-0.00373159837326592639112
0.00252698349065789855197
-0.00694566261094902656574
-0.00694566261094902656574
0.00252698349065789855196
-0.00433712431388992625089
0.0148030041208940351643
-0.00433712431388992625089
-0.00952964956617015022824
-0.00952964956617015022824
0.00684351291559787532166
0.00258030396811607565266
0.0514290580222000341651
0.00258030396811607565266
0.0248502360026846044502
0.0248502360026846044502
-0.00400567585375401789415
-0.00421666823744139988281
-0.0042166682374413998828
-0.00340534260563064115718
0.00523902520287137877632
-0.000436484205927026199508
0.000926945376591973660392
-0.000777762470898175649244
-0.00193135300954637571696
0.00133916706823434800905
-0.000201173807817879595088
0.00105740388764887077649
-0.00400567585375401759249
-0.0019313530095463755189
0.0000931310213326181356961
0.00105740388764887077472
-0.000777762470898175577435
-0.000201173807817879530674
0.000926945376591973554485
-0.000436484205927026145678
0.000926945376591973712357
-0.00270136900943639197432
0.00258030396811607498646
-0.00334147115957857680304
0.00105740388764887106226
-0.00165005860639120947005
0.00258030396811607455415
0.00105740388764887100109
-0.00270136900943639154704
0.000926945376591973590981
-0.000777762470898175521588
0.00258030396811607565266
0.0106805087298689348522
-0.00400567585375401787287
0.00258030396811607525187
-0.000777762470898175531109
-0.00193135300954637599258
-0.00334147115957857662029
-0.00193135300954637590696
0.00133916706823434810462
-0.00190952894917107637712
0.000846954626694359554198
0.00105740388764887089506
0.0023882317986781220854
-0.00373159837326592636486
0.00110238586542134447602
-0.00952964956617015094436
-0.00499305471292553246557
0.00238823179867812201234
-0.00270136900943639175215
-0.00952964956617015115127
0.00105740388764887048017
0.00110238586542134489185
0.000846954626694359781
-0.00190952894917107669936
0.00252698349065789872517
-0.00433712431388992637547
-0.00952964956617015035218
0.00684351291559787536909
-0.00694566261094902674946
0.0148030041208940361058
-0.00952964956617015037859
-0.00694566261094902711019
-0.00433712431388992659083
0.00252698349065789900887
0.00258030396811607525187
0.0248502360026846044502
-0.00400567585375401787287
0.0514290580222000332331
0.0248502360026846060867
0.00258030396811607504486
-0.00421666823744139984795
-0.00340534260563064123532
-0.00421666823744139997355
0.00523902520287137880616
-0.00373159837326592636487
0.00238823179867812208541
0.00105740388764887089506
0.000846954626694359554195
-0.00190952894917107637712
0.00238823179867812201234
-0.00499305471292553246556
-0.00952964956617015094436
0.00110238586542134447602
0.00105740388764887048017
-0.00952964956617015115127
-0.00270136900943639175215
0.000846954626694359780994
0.00110238586542134489186
-0.00190952894917107669936
0.00684351291559787536909
-0.00952964956617015035218
-0.00433712431388992637547
0.00252698349065789872517
-0.00952964956617015037859
0.0148030041208940361058
-0.00694566261094902674946
-0.00433712431388992659082
-0.00694566261094902711019
0.00252698349065789900887
-0.00400567585375401787287
0.0248502360026846044502
0.00258030396811607525187
0.0248502360026846060867
0.051429058022200033233
0.00258030396811607504486
-0.00340534260563064123533
-0.00421666823744139984794
-0.00421666823744139997355
0.00523902520287137880616
-0.000436484205927026162965
-0.000201173807817879604774
0.000093131021332618143432
-0.000201173807817879604774
-0.000436484205927026162964
0.000926945376591973602131
0.00105740388764887085976
0.00105740388764887085976
0.000926945376591973602131
-0.000777762470898175557055
-0.00400567585375401758748
-0.000777762470898175557053
-0.0019313530095463756748
-0.0019313530095463756748
0.00133916706823434794519
0.000926945376591973626801
0.00105740388764887113621
0.00105740388764887113621
0.000926945376591973626801
-0.00270136900943639185867
-0.00165005860639120983556
-0.00270136900943639185867
0.00258030396811607507385
0.00258030396811607507385
-0.00334147115957857683059
-0.000777762470898175531109
-0.00400567585375401789415
-0.000777762470898175531109
0.00258030396811607504486
0.00258030396811607504486
0.0106805087298689359209
-0.00193135300954637590435
-0.00193135300954637590435
-0.00334147115957857658097
0.0013391670682343480737
0.00000851835456476497696162
0.000614928023133536019754
0.000926945376591973699779
0.000419818631606462081516
-0.000313929674781897840956
0.000614928023133535931121
0.00684351291559787515923
0.0023882317986781221398
0.00014362804546892171231
0.000926945376591973710247
0.00238823179867812221723
-0.000201173807817879430773
0.000419818631606461946868
0.000143628045468921597635
-0.000313929674781897755689
0.000832375562991110920963
0.00252698349065789919658
0.00110238586542134438821
0.000614928023133536220359
0.00252698349065789928678
0.00364683301357521154106
0.000846954626694359691105
0.00110238586542134437546
0.000846954626694359635057
0.000614928023133536176987
-0.0033414711595785766203
-0.00421666823744139988281
-0.00193135300954637599258
-0.00421666823744139984795
-0.00340534260563064123533
-0.00193135300954637590435
0.00993695280370681785543
0.00517935785481443953216
0.00517935785481443940513
-0.00385867669862217764476
-0.000313929674781897840957
0.000419818631606462081516
0.000926945376591973699778
0.000614928023133536019754
0.00000851835456476497696188
0.00014362804546892171231
0.0023882317986781221398
0.00684351291559787515922
0.00061492802313353593112
-0.000201173807817879430774
0.00238823179867812221723
0.000926945376591973710247
0.000143628045468921597634
0.000419818631606461946869
-0.000313929674781897755689
0.00061492802313353622036
0.00110238586542134438821
0.00252698349065789919658
0.000832375562991110920962
0.000846954626694359691104
0.00364683301357521154105
0.00252698349065789928678
0.000846954626694359635055
0.00110238586542134437546
0.000614928023133536176987
-0.00193135300954637599258
-0.0042166682374413998828
-0.00334147115957857662029
-0.00340534260563064123532
-0.00421666823744139984794
-0.00193135300954637590435
0.00517935785481443953216
0.00993695280370681785542
0.00517935785481443940513
-0.00385867669862217764476
-0.000313929674781897850876
0.000143628045468921701875
-0.000201173807817879644621
0.000143628045468921701874
-0.000313929674781897850875
0.000419818631606462098716
0.00238823179867812215904
0.00238823179867812215904
0.000419818631606462098716
0.000926945376591973707306
0.00684351291559787534594
0.000926945376591973707305
0.000614928023133535829796
0.000614928023133535829797
0.00000851835456476515895765
0.000614928023133536200135
0.000846954626694359582652
0.000846954626694359582653
0.000614928023133536200135
0.00110238586542134446728
0.00364683301357521152437
0.00110238586542134446728
0.00252698349065789922422
0.00252698349065789922422
0.000832375562991110816142
-0.00193135300954637590696
-0.00340534260563064115718
-0.00193135300954637590696
-0.00421666823744139997355
-0.00421666823744139997355
-0.00334147115957857658097
0.00517935785481443940513
0.00517935785481443940513
0.00993695280370681800806
-0.00385867669862217765111
-0.0000753559976326921300912
-0.000313929674781897754602
-0.000436484205927026217356
-0.000313929674781897754602
-0.0000753559976326921300913
-0.000313929674781897732324
-0.00373159837326592643018
-0.00373159837326592643018
-0.000313929674781897732324
-0.000436484205927026291128
-0.00373159837326592653502
-0.000436484205927026291128
-0.000313929674781897616018
-0.000313929674781897616017
-0.0000753559976326922460325
0.00000851835456476489365962
-0.00190952894917107655712
-0.00190952894917107655712
0.00000851835456476489365978
-0.00190952894917107664465
-0.00382520111126521340712
-0.00190952894917107664465
-0.00190952894917107657085
-0.00190952894917107657085
0.00000851835456476494169601
0.00133916706823434810462
0.00523902520287137877632
0.00133916706823434810462
0.00523902520287137880616
0.00523902520287137880616
0.0013391670682343480737
-0.00385867669862217764476
-0.00385867669862217764476
-0.00385867669862217765111
0.00374479370724093756509
