-1.0
-1.0
-1.0
-0.654653670707977153355
-1.0
-1.0
-7.37224720937885915229e-23
-1.0
-1.0
0.654653670707977153354
-1.0
-1.0
1.0
-1.0
-1.0
-1.0
-0.654653670707977153355
-1.0
-0.551583572090993528594
-0.551583572090993528594
-1.0
0.103167144181987057189
-0.551583572090993528594
-1.0
0.654653670707977153355
-0.654653670707977153355
-1.0
-1.0
-4.32203519139966705109e-23
-1.0
-0.551583572090993528594
0.103167144181987057189
-1.0
-4.3220187005895696012e-23
-4.32203519139966705109e-23
-1.0
-1.0
0.654653670707977153354
-1.0
-0.654653670707977153354
0.654653670707977153354
-1.0
-1.0
1.0
-1.0
-1.0
-1.0
-0.654653670707977153354
-0.551583572090993528594
-1.0
-0.551583572090993528594
0.103167144181987057189
-1.0
-0.551583572090993528594
0.654653670707977153354
-1.0
-0.654653670707977153354
-1.0
-0.551583572090993528594
-0.551583572090993528594
-0.5
-0.5
-0.5
0.103167144181987057189
-0.551583572090993528594
-0.551583572090993528594
-1.0
0.103167144181987057189
-0.551583572090993528594
-0.551583572090993528594
0.103167144181987057189
-0.551583572090993528594
-1.0
0.654653670707977153355
-0.654653670707977153354
-1.0
-1.0
0.0
-0.551583572090993528594
-1.0
0.103167144181987057189
0.0
-1.0
0.0
-1.0
-0.551583572090993528594
0.103167144181987057189
-0.551583572090993528594
-0.551583572090993528594
0.103167144181987057189
-1.0
0.0
0.0
-1.0
-1.0
0.654653670707977153355
-0.654653670707977153355
-1.0
0.654653670707977153355
-1.0
-0.654653670707977153354
0.654653670707977153354
-1.0
-1.0
1.0
