0.866025403784438646764
-1.11803398874989486889
1.32287565553229538398
-1.50000000000000013651
1.65831239517769994826
-1.581138830084189666
1.87082869338697067202
-2.12132034355964253329
2.3452078799117145243
2.2912878474779199503
-2.59807621135331585959
2.87228132326901409123
-2.99999999999999991847
3.31662479035539965669
3.70809924354783173251
-2.7386127875258306433
3.24037034920393016944
-3.67423461417476718015
4.0620192023179798548
3.96862696659688610605
-4.50000000000000021411
4.97493718553309975148
-5.19615242270663194404
5.74456264653802855284
6.42261628933256472425
5.12347538297979951157
-5.8094750193111256445
6.42261628933256452597
-6.70820393249936950815
7.41619848709566318313
8.29156197588849984001
-7.93725393319377331974
8.77496438739212350142
9.81070843517429337563
11.1242977306434988829
0.866025403784438646764
-1.11803398874989486889
1.32287565553229538398
-1.50000000000000013651
1.65831239517769994826
-1.581138830084189666
1.87082869338697067202
-2.12132034355964253329
2.3452078799117145243
2.2912878474779199503
-2.59807621135331585959
2.87228132326901409123
-2.99999999999999991847
3.31662479035539965669
3.70809924354783173251
-1.79284291400159053589
2.12132034355964263949
-2.40535117721181951878
2.65921578128375481066
2.59807621135331612244
-2.94594151818589733027
3.25686089005085652551
-3.40168025708304513613
3.76069902316805229644
4.20458932936041094485
0.731925054711400148272
-0.829925002758732482171
0.917516612761795205619
-0.958314847499910215228
1.05945692672795219893
1.18450885369835747288
2.22692246687427069825
-2.46195541994486923065
-2.75254983828538458049
-4.76755617027578364028
0.866025403784438646764
-1.11803398874989486889
1.32287565553229538398
-1.50000000000000013651
1.65831239517769994826
-1.581138830084189666
1.87082869338697067202
-2.12132034355964253329
2.3452078799117145243
2.2912878474779199503
-2.59807621135331585959
2.87228132326901409123
-2.99999999999999991847
3.31662479035539965669
3.70809924354783173251
0.0
0.0
0.0
0.0
0.0
0.0
0.0
0.0
0.0
0.0
-2.56173769148989954248
2.90473750965556258038
-3.21130814466628199559
3.35410196624968447479
-3.7080992435478312828
-4.1457809879442495748
0.0
0.0
0.0
4.17161164899131000018
0.866025403784438646764
-1.11803398874989486889
1.32287565553229538398
-1.50000000000000013651
1.65831239517769994826
-1.581138830084189666
1.87082869338697067202
-2.12132034355964253329
2.3452078799117145243
2.2912878474779199503
-2.59807621135331585959
2.87228132326901409123
-2.99999999999999991847
3.31662479035539965669
3.70809924354783173251
1.79284291400159053589
-2.12132034355964263949
2.40535117721181951878
-2.65921578128375481066
-2.59807621135331612244
2.94594151818589733027
-3.25686089005085652551
3.40168025708304513613
-3.76069902316805229644
-4.20458932936041094485
0.731925054711400148272
-0.829925002758732482171
0.917516612761795205619
-0.958314847499910215228
1.05945692672795219893
1.18450885369835747288
-2.22692246687427069825
2.46195541994486923065
2.75254983828538458049
-4.76755617027578364028
0.866025403784438646764
-1.11803398874989486889
1.32287565553229538398
-1.50000000000000013651
1.65831239517769994826
-1.581138830084189666
1.87082869338697067202
-2.12132034355964253329
2.3452078799117145243
2.2912878474779199503
-2.59807621135331585959
2.87228132326901409123
-2.99999999999999991847
3.31662479035539965669
3.70809924354783173251
2.7386127875258306433
-3.24037034920393016945
3.67423461417476718015
-4.0620192023179798548
-3.96862696659688610606
4.50000000000000021411
-4.97493718553309975148
5.19615242270663194404
-5.74456264653802855284
-6.42261628933256472425
5.12347538297979951158
-5.8094750193111256445
6.42261628933256452597
-6.70820393249936950816
7.41619848709566318314
8.29156197588849984001
7.93725393319377331976
-8.77496438739212350144
-9.81070843517429337565
11.124297730643498883
0.866025403784438646764
-1.11803398874989486889
1.32287565553229538398
-1.50000000000000013651
1.65831239517769994826
-0.762078093478202179706
0.901702960393898244058
-1.0224350527084195131
1.13034448078035792011
-0.190692658584045579677
0.216225150625341832944
-0.239045898287446357984
1.28571428571428568459
-1.4214106244380284301
-1.58918539009192802952
-2.26572785076371058959
2.68084534638178640447
-3.03979289569329334947
3.36061749180086733273
0.448618041405896814849
-0.508685044807234403918
0.562372476696906965248
1.91706527916686460307
-2.11939540987147273466
-2.9440467055096671556
3.50686361990334224311
-3.97640958003599303632
4.39608619658469275832
0.958314847499909787233
-1.05945692672795172576
-3.91253268708961662344
-4.49470930492963512387
4.96908810205690520217
-3.07813250483619231098
5.21171969208466341825
0.866025403784438646764
-1.11803398874989486889
1.32287565553229538398
-1.50000000000000013651
1.65831239517769994826
-0.517625890762322864067
0.612463213509581712599
-0.694468007195060603698
0.767763269590616661208
-0.666701706433578376253
0.755968677379559899848
-0.835754818709743875506
1.48644448842656131988
-1.64332621326756112095
-0.939327979944743251192
-0.896554342113440802583
1.06081740356550075227
-1.20285387269295363881
1.32980499111614927546
-0.157260270722722178706
0.178316386047006279536
-0.197136182163361572637
1.07992613984047471993
-1.19390326904924352606
-0.909369108604308213704
-0.718129416426070644638
0.814282219295711027411
-0.900222864953922390504
-0.535433617744210283314
0.591944136733374892267
0.903754876151412317524
1.64961442692681373795
-1.82371736762446216956
2.07542254398179632538
-0.62073028001129049051
0.866025403784438646764
-1.11803398874989486889
1.32287565553229538398
-1.50000000000000013651
1.65831239517769994826
-0.517625890762322864067
0.612463213509581712599
-0.694468007195060603698
0.767763269590616661208
-0.666701706433578376253
0.755968677379559899848
-0.835754818709743875506
1.48644448842656131988
-1.64332621326756112095
-0.939327979944743251192
0.896554342113440802583
-1.06081740356550075227
1.20285387269295363881
-1.32980499111614927546
0.157260270722722178706
-0.178316386047006279536
0.197136182163361572637
-1.07992613984047471993
1.19390326904924352606
0.909369108604308213705
-0.718129416426070644637
0.81428221929571102741
-0.900222864953922390503
-0.535433617744210283313
0.591944136733374892266
0.903754876151412317523
-1.64961442692681373795
1.82371736762446216956
-2.07542254398179632538
-0.62073028001129049051
0.866025403784438646764
-1.11803398874989486889
1.32287565553229538398
-1.50000000000000013651
1.65831239517769994826
-0.762078093478202179706
0.901702960393898244058
-1.0224350527084195131
1.13034448078035792011
-0.190692658584045579677
0.216225150625341832944
-0.239045898287446357984
1.28571428571428568459
-1.4214106244380284301
-1.58918539009192802952
2.26572785076371058959
-2.68084534638178640447
3.03979289569329334947
-3.36061749180086733273
-0.448618041405896814849
0.508685044807234403918
-0.562372476696906965248
-1.91706527916686460307
2.11939540987147273466
2.9440467055096671556
3.50686361990334224311
-3.97640958003599303632
4.39608619658469275832
0.958314847499909787232
-1.05945692672795172576
-3.91253268708961662344
4.49470930492963512386
-4.96908810205690520217
3.07813250483619231097
5.21171969208466341824
0.866025403784438646764
-1.11803398874989486889
1.32287565553229538398
-1.50000000000000013651
1.65831239517769994826
0.790569415042094833
-0.935414346693485336011
1.06066017177982126665
-1.17260393995585726215
-1.14564392373895986915
1.29903810567665780961
-1.43614066163450691275
-1.12500000000000011883
1.24373429638327503643
1.39053721633043663328
-1.36930639376291532165
1.62018517460196508472
-1.83711730708738359008
2.0310096011589899274
-2.97647022494766457954
3.37500000000000016058
-3.73120288914982481361
-0.64951905283832928073
0.718070330817253887198
3.21130814466628248971
1.28086884574494987789
-1.45236875482778141112
1.60565407233314113149
4.19262745781210594259
-4.63512405443478948946
4.14578098794425065973
-0.992156741649221664967
1.09687054842401543768
-4.29218494038875335184
0.695268608165218680183
0.866025403784438646764
-1.11803398874989486889
1.32287565553229538398
-1.50000000000000013651
1.65831239517769994826
1.03525178152464572813
-1.2249264270191634252
1.3889360143901212074
-1.53552653918123332242
-0.848290225702772506265
0.961870704349880487249
-1.06338807438780766491
-1.63103374928249618833
1.80317565559221351762
0.627063387181882067337
0.0
0.0
0.0
0.0
0.0
0.0
0.0
0.0
0.0
0.0
-0.515107279916346433379
0.584076754790395122435
-0.645721148136052135558
-1.929612269322950401
2.13326662940347917597
-2.60712291593369662082
0.0
0.0
0.0
0.168666926273205754227
0.866025403784438646764
-1.11803398874989486889
1.32287565553229538398
-1.50000000000000013651
1.65831239517769994826
0.790569415042094833
-0.935414346693485336011
1.06066017177982126665
-1.17260393995585726215
-1.14564392373895986915
1.29903810567665780961
-1.43614066163450691275
-1.12500000000000011883
1.24373429638327503643
1.39053721633043663328
1.36930639376291532165
-1.62018517460196508472
1.83711730708738359008
-2.0310096011589899274
2.97647022494766457954
-3.37500000000000016059
3.73120288914982481361
0.649519052838329280731
-0.718070330817253887198
-3.21130814466628248971
1.28086884574494987789
-1.45236875482778141113
1.60565407233314113149
4.1926274578121059426
-4.63512405443478948946
4.14578098794425065974
0.992156741649221664969
-1.09687054842401543768
4.29218494038875335185
0.695268608165218680186
0.866025403784438646764
-1.11803398874989486889
1.32287565553229538398
-1.50000000000000013651
1.65831239517769994826
2.3432169235623918457
-2.77253165378086891608
3.14375539626806204639
-3.47555236069207244441
2.80930734141595429064
-3.18545510645770303797
3.52165312488060556552
1.28571428571428566567
-1.42141062443802840918
-1.58918539009192771977
-0.472884936762120053706
0.559525002822143764975
-0.634441718481473830685
0.701401710517112522071
-2.14945816994741930759
2.43725647337866292635
-2.69448841335394956027
-4.88629523499922609154
5.40200263646463232516
-7.14863603487007936083
0.152761653653657440069
-0.173215433757668174664
0.19149686722428194327
0.958314847499909883392
-1.05945692672795183207
3.06645493444793323777
-0.0408643711810925619021
0.0451772621671654524203
-0.32558266655080722116
0.00988944678881576856368
0.866025403784438646764
-1.11803398874989486889
1.32287565553229538398
-1.50000000000000013651
1.65831239517769994826
2.3432169235623918457
-2.77253165378086891608
3.14375539626806204639
-3.47555236069207244441
2.80930734141595429064
-3.18545510645770303797
3.52165312488060556552
1.28571428571428566567
-1.42141062443802840918
-1.58918539009192771977
0.472884936762120053706
-0.559525002822143764975
0.634441718481473830685
-0.70140171051711252207
2.14945816994741930759
-2.43725647337866292635
2.69448841335394956026
4.88629523499922609154
-5.40200263646463232515
7.14863603487007936082
0.152761653653657440068
-0.173215433757668174664
0.19149686722428194327
0.958314847499909883391
-1.05945692672795183207
3.06645493444793323777
0.040864371181092561902
-0.0451772621671654524202
0.325582666550807221159
0.00988944678881576856365
0.866025403784438646764
-1.11803398874989486889
1.32287565553229538398
-1.50000000000000013651
1.65831239517769994826
3.162277660168379332
-3.74165738677394134404
4.24264068711928506659
-4.69041575982342904861
6.87386354243375969191
-7.79422863405994739851
8.6168439698070420744
11.9999999999999997242
-13.2664991614215986824
18.5404962177391586275
5.79923815201579832215e-22
-6.86175111770412838479e-22
7.78049443537055031461e-22
-8.60166024185740141987e-22
3.36155779606945418268e-21
-3.81164826264435170717e-21
4.21393570666711546166e-21
1.10032807524694297122e-20
-1.21645845729601758315e-20
2.7200838023184207042e-20
2.29744581957619106094e-43
-2.6050586953901015562e-43
2.88000074982056885318e-43
1.80483760684590054245e-42
-1.99532304981027542583e-42
7.8079364587839563311e-42
7.53687324379398943666e-65
-8.33232688071115395378e-65
7.45265972640756860894e-64
2.23683450042484037345e-86
0.866025403784438646764
-0.345816120672904948594
-0.369732262667267233229
0.777029240907051374108
-0.611816755204275941744
-1.3081185845488605039
-0.0557806690852663924928
1.02243505270841935948
-1.05130073771928766406
1.56831708838497141159
0.67821919732867637189
-1.50672646648203082414
-1.69884043376739916815
-1.36490287757246364255
1.73723989736155389721
-2.26572785076371058959
-0.096614952935867965669
1.77090945873034542202
-1.8209062917644487069
2.71640487946126025437
1.17471010844184974795
-2.60972679305560261952
-2.94247794523748564348
-2.3640811313524702011
3.00898776716595282032
3.50686361990334224311
1.5165442288722642755
-3.36914280255187962337
-3.79872269282913403158
-3.05201561693710211646
3.88458650372519189273
-4.49470930492963512386
-3.61119357781317886516
4.59630473607804646434
5.21171969208466341824
0.866025403784438646764
-0.115344373717722499373
-0.645619266262484549902
0.749917528413741964463
-0.147423724228208891798
-1.22663451697690073202
-0.501085672836315380089
1.2036242219254593844
-0.553833510835061002436
1.37901822496035092427
1.24102308062182795728
-1.33736416048612361625
-1.40073759773422450283
-1.92345571028883760922
1.34317332197438635742
-0.896554342113440802583
-0.366246448746145625588
0.879735982890577313172
-0.40480015202152989204
1.00793248545528651442
0.907071027429314792973
-0.977487286128040634937
-1.0238073020358503014
-1.40586502748383385437
0.981733236233191702358
-0.718129416426070644637
-0.646267877049892981494
0.696437890910872448617
0.729439869190892206914
1.00164747771250852057
-0.699463035665294201174
1.64961442692681373795
2.26520676990442629573
-1.58182238655992111108
-0.62073028001129049051
0.866025403784438646764
-0.115344373717722499373
-0.645619266262484549902
0.749917528413741964463
-0.147423724228208891798
-1.22663451697690073202
-0.501085672836315380089
1.2036242219254593844
-0.553833510835061002436
1.37901822496035092427
1.24102308062182795728
-1.33736416048612361625
-1.40073759773422450283
-1.92345571028883760922
1.34317332197438635742
0.896554342113440802582
0.366246448746145625588
-0.879735982890577313172
0.40480015202152989204
-1.00793248545528651442
-0.907071027429314792972
0.977487286128040634936
1.0238073020358503014
1.40586502748383385437
-0.981733236233191702358
-0.718129416426070644638
-0.646267877049892981495
0.696437890910872448618
0.729439869190892206915
1.00164747771250852057
-0.699463035665294201175
-1.64961442692681373795
-2.26520676990442629573
1.58182238655992111108
-0.620730280011290490508
0.866025403784438646764
-0.345816120672904948594
-0.369732262667267233229
0.777029240907051374108
-0.611816755204275941744
-1.3081185845488605039
-0.0557806690852663924928
1.02243505270841935948
-1.05130073771928766406
1.56831708838497141159
0.67821919732867637189
-1.50672646648203082414
-1.69884043376739916815
-1.36490287757246364255
1.73723989736155389721
2.26572785076371058959
0.096614952935867965669
-1.77090945873034542202
1.8209062917644487069
-2.71640487946126025437
-1.17471010844184974795
2.60972679305560261952
2.94247794523748564348
2.3640811313524702011
-3.00898776716595282032
3.50686361990334224311
1.5165442288722642755
-3.36914280255187962337
-3.79872269282913403158
-3.05201561693710211646
3.88458650372519189273
4.49470930492963512386
3.61119357781317886516
-4.59630473607804646434
5.21171969208466341824
0.866025403784438646764
-0.115344373717722499373
-0.645619266262484549902
0.749917528413741964463
-0.147423724228208891798
-0.163121577655033930089
-0.0666358922418397798851
0.160061598843782513122
-0.0736504596889170619442
-0.657519414072777186063
-0.591722976572494907262
0.637658649674517631355
0.590210933307851802596
0.810461996438317059076
0.0803264789843762024552
-1.51057382391757074949
-0.617076146521739972028
1.48223714424301544072
-0.682033965861051940268
-0.755760845710585811542
-0.680133616786736726848
0.732932640524805605139
1.23173471438710500685
1.69138543420349911289
-0.133575953558012908647
1.55878888338143128537
1.40280450764071887296
-1.51170473940505579265
1.61981912021357896059
2.22429264513895916497
-0.937102494152951816045
-1.33200005820817372219
-1.82906714448861181821
-2.04495923524398292668
1.02971703124860245671
0.866025403784438646764
1.18376453077663089896e-22
-0.744117556236916097555
0.656249999999999984487
0.116600090285932049619
0.0
0.0
0.0
0.0
-0.716027452336849921534
-0.811898816047911134764
0.617091690546077196305
0.374999999999999976012
0.621867148191637412752
0.304180016072282995934
0.0
0.0
0.0
0.0
0.0
0.0
0.0
0.0
0.0
0.0
-0.64043442287247488562
-0.726184377413890645096
0.551943587364517221909
-0.838525491562421118698
-1.39053721633043673105
0.194333483809886624846
0.0
0.0
0.0
0.260725728061956875012
0.866025403784438646764
-0.115344373717722499373
-0.645619266262484549902
0.749917528413741964463
-0.147423724228208891798
-0.163121577655033930089
-0.0666358922418397798851
0.160061598843782513122
-0.0736504596889170619442
-0.657519414072777186063
-0.591722976572494907262
0.637658649674517631355
0.590210933307851802596
0.810461996438317059076
0.0803264789843762024552
1.51057382391757074949
0.617076146521739972028
-1.48223714424301544072
0.682033965861051940269
0.755760845710585811542
0.680133616786736726848
-0.732932640524805605139
-1.23173471438710500685
-1.69138543420349911289
0.133575953558012908647
1.55878888338143128537
1.40280450764071887296
-1.51170473940505579266
1.6198191202135789606
2.22429264513895916497
-0.937102494152951816045
1.33200005820817372219
1.82906714448861181821
2.04495923524398292668
1.02971703124860245672
0.866025403784438646764
-0.115344373717722499373
-0.645619266262484549902
0.749917528413741964463
-0.147423724228208891798
1.38975609463193466211
0.567721565078155159974
-1.36368582076924189753
0.62748397052397806438
0.506340769532379131432
0.455672427148355596529
-0.49104644587640424663
-0.705380700945434455765
-0.968610066122085772352
-0.913552244406553286226
-0.614019481804129946905
-0.25082969777559434644
0.602501161352438127543
-0.277233813839522048228
-1.76369333116587232596
-1.58720464421605151982
1.71041992665284624008
-2.16229821151732739996
-2.96921054237275324806
-1.1153091897912050343
0.257553639958173238135
0.231780846620389787328
-0.249774079303927260261
1.04041292715950034412
1.4286674313877953014
1.96235907307843457422
-0.0894591633125147706182
-0.122842949878301808057
-0.46313684868406164454
0.028111154378867639727
0.866025403784438646764
-0.115344373717722499373
-0.645619266262484549902
0.749917528413741964463
-0.147423724228208891798
1.38975609463193466211
0.567721565078155159974
-1.36368582076924189753
0.62748397052397806438
0.506340769532379131432
0.455672427148355596529
-0.49104644587640424663
-0.705380700945434455765
-0.968610066122085772352
-0.913552244406553286226
0.614019481804129946905
0.25082969777559434644
-0.602501161352438127544
0.277233813839522048228
1.76369333116587232596
1.58720464421605151982
-1.71041992665284624008
2.16229821151732739996
2.96921054237275324806
1.1153091897912050343
0.257553639958173238135
0.231780846620389787328
-0.249774079303927260261
1.04041292715950034412
1.4286674313877953014
1.96235907307843457422
0.0894591633125147706184
0.122842949878301808057
0.463136848684061644541
0.0281111543788676397271
0.866025403784438646764
-0.345816120672904948594
-0.369732262667267233229
0.777029240907051374108
-0.611816755204275941744
2.6162371690977210078
0.111561338170532784984
-2.04487010541683871895
2.10260147543857532812
4.70495126515491412594
2.03465759198602906861
-4.52017939944609236786
6.79536173506959670108
5.45961151028985459309
8.68619948680776946959
0.0
0.0
0.0
0.0
0.0
0.0
0.0
0.0
0.0
0.0
0.0
0.0
0.0
0.0
0.0
0.0
0.0
0.0
0.0
0.0
0.866025403784438646764
1.11803398874989486889
-0.330718913883073828785
-1.1249999999999999763
0.20728904939721248567
-0.790569415042094833
-1.87082869338697067202
-1.06066017177982112926
1.17260393995585752097
0.572821961869479987574
1.9485571585149868947
2.33372857515607410328
-0.374999999999999989808
-1.65831239517769982835
0.231756202721739483282
-1.36930639376291532165
-3.24037034920393016945
-1.83711730708738335212
2.03100960115899037569
0.992156741649221526514
3.37500000000000016059
4.04213646324564381507
-0.649519052838328993005
-2.87228132326901427642
0.401413518083285295266
1.28086884574494987789
4.35710626448334423338
5.21837573508270902204
-0.838525491562421188519
-3.70809924354783159157
0.518222623493031240001
-0.992156741649221664968
-4.38748219369606175072
0.613169277198393335977
0.695268608165218680184
0.866025403784438646764
1.34872273618533986764
0.0632742460146523476203
-1.26177924873602513169
-0.462580843645327703707
-0.709008626214577867955
-1.93746458562881045191
-1.7090592120776860723
0.507353997901182415817
0.46072595743918512276
1.78282628929656858148
2.75058183165200306717
-0.270499084138088256747
-1.35045159283014745949
0.149926156687294028875
0.0
0.0
0.0
0.0
0.0
0.0
0.0
0.0
0.0
0.0
-0.515107279916346433379
-1.99326038747041654007
-3.07524397662488076961
0.30242716999210022795
1.50985078094553867257
-0.167622538979037043307
0.0
0.0
0.0
0.168666926273205754227
0.866025403784438646764
1.11803398874989486889
-0.330718913883073828785
-1.1249999999999999763
0.20728904939721248567
-0.790569415042094833
-1.87082869338697067202
-1.06066017177982112926
1.17260393995585752097
0.572821961869479987574
1.9485571585149868947
2.33372857515607410328
-0.374999999999999989808
-1.65831239517769982835
0.231756202721739483282
1.36930639376291532165
3.24037034920393016945
1.83711730708738335212
-2.03100960115899037569
-0.992156741649221526514
-3.37500000000000016059
-4.04213646324564381507
0.649519052838328993005
2.87228132326901427642
-0.401413518083285295266
1.28086884574494987789
4.35710626448334423338
5.21837573508270902204
-0.838525491562421188519
-3.70809924354783159157
0.518222623493031240001
0.992156741649221664968
4.38748219369606175072
-0.613169277198393335977
0.695268608165218680184
0.866025403784438646764
1.34872273618533986764
0.0632742460146523476203
-1.26177924873602513169
-0.462580843645327703707
0.354504313107288933978
0.968732292814405225953
0.85452960603884303615
-0.253676998950591207908
-0.230362978719592540067
-0.891413144648284208268
-1.37529091582600140635
-0.101437156551783109751
-0.506419347311305364562
0.0562223087577352500565
-0.614019481804129946905
-1.6778935500872407243
-1.48008869423109268471
0.439381450894020751573
-0.598500574987863632835
-2.31595928559836003326
-3.57311061209785048375
-0.0585647696410022096776
-0.292381346493016837074
0.129839860382962828251
0.257553639958173238135
0.996630193735208353019
1.53762198831244051284
0.378033962490125316415
1.88731347618192349787
0.167622538979037087173
-0.0894591633125147706182
-0.446619884032453512641
-0.173541954957999010109
0.0281111543788676397271
0.866025403784438646764
1.34872273618533986764
0.0632742460146523476203
-1.26177924873602513169
-0.462580843645327703707
0.354504313107288933978
0.968732292814405225953
0.85452960603884303615
-0.253676998950591207908
-0.230362978719592540067
-0.891413144648284208268
-1.37529091582600140635
-0.101437156551783109751
-0.506419347311305364562
0.0562223087577352500565
0.614019481804129946905
1.6778935500872407243
1.48008869423109268471
-0.439381450894020751574
0.598500574987863632836
2.31595928559836003326
3.57311061209785048375
0.0585647696410022096777
0.292381346493016837074
-0.129839860382962828252
0.257553639958173238135
0.99663019373520835302
1.53762198831244051284
0.378033962490125316415
1.88731347618192349787
0.167622538979037087173
0.0894591633125147706185
0.446619884032453512642
0.17354195495799901011
0.0281111543788676397272
0.866025403784438646764
1.11803398874989486889
-0.330718913883073828785
-1.1249999999999999763
0.20728904939721248567
1.581138830084189666
3.74165738677394134404
2.12132034355964225853
-2.34520787991171504195
1.71846588560843992298
5.84567147554496054888
7.0011857254682221479
1.49999999999999996552
6.6332495807107993412
1.15878101360869741421
0.0
0.0
0.0
0.0
0.0
0.0
0.0
0.0
0.0
0.0
0.0
0.0
0.0
0.0
0.0
0.0
0.0
0.0
0.0
0.0
0.866025403784438646764
2.58188409817269468638
3.9603947562549261289
3.72297075909294876077
1.55942383816296164456
-0.273020245535329162098
-1.28052554047685544587
-3.14375539626806173576
-5.21854073714672455073
0.0683170883849714243869
0.435242036108458915242
1.44810848029286723822
-0.0154452805183150991289
-0.124193967076899393034
0.00329648226293858842911
-0.472884936762120053705
-2.21793529649551060516
-5.44514407290511233022
-9.03877769810606871708
0.118328668107944131929
0.753861320129578774485
2.50819746273860052655
-0.0267520105948755161592
-0.215110260970726161099
0.00570967476565926198089
0.152761653653657440068
0.97323077940393224757
3.23806900072876598774
-0.0345366971705057503142
-0.277706152779317919205
0.00737115842655301905325
-0.0408643711810925619018
-0.328586351220019241628
0.00872167226907093963668
0.00988944678881576856357
0.866025403784438646764
2.58188409817269468638
3.9603947562549261289
3.72297075909294876077
1.55942383816296164456
-0.273020245535329162098
-1.28052554047685544587
-3.14375539626806173576
-5.21854073714672455073
0.0683170883849714243869
0.435242036108458915242
1.44810848029286723822
-0.0154452805183150991289
-0.124193967076899393034
0.00329648226293858842911
0.472884936762120053706
2.21793529649551060516
5.44514407290511233023
9.03877769810606871708
-0.118328668107944131929
-0.753861320129578774485
-2.50819746273860052655
0.0267520105948755161592
0.215110260970726161099
-0.00570967476565926198089
0.152761653653657440068
0.973230779403932247572
3.23806900072876598774
-0.0345366971705057503142
-0.277706152779317919205
0.00737115842655301905326
0.0408643711810925619019
0.328586351220019241629
-0.00872167226907093963672
0.00988944678881576856365
0.866025403784438646764
2.58188409817269468638
3.9603947562549261289
3.72297075909294876076
1.55942383816296164455
0.546040491070658324196
2.56105108095371089174
6.28751079253612347152
10.4370814742934491014
0.20495126515491426842
1.30572610832537671552
4.34432544087860161417
0.0617811220732603967744
0.496775868307597574218
0.0164824113146929421143
0.0
0.0
0.0
0.0
0.0
0.0
0.0
0.0
0.0
0.0
0.0
0.0
0.0
0.0
0.0
0.0
0.0
0.0
0.0
0.0
0.866025403784438646764
3.35410196624968460668
7.93725393319377195968
14.9999999999999999282
24.8746859276654966809
0.0
0.0
0.0
0.0
0.0
0.0
0.0
0.0
0.0
0.0
0.0
0.0
0.0
0.0
0.0
0.0
0.0
0.0
0.0
0.0
0.0
0.0
0.0
0.0
0.0
0.0
0.0
0.0
0.0
0.0
