0.0
0.0
0.0
0.0
0.0
0.0
0.0
0.0
0.0
0.0
0.0
0.0
0.0
0.0
0.0
2.73861278752583075449
-3.24037034920393030101
3.67423461417476732934
-4.06201920231798001973
-3.96862696659688626719
4.50000000000000039683
-4.97493718553309995348
5.19615242270663215502
-5.74456264653802878609
-6.42261628933256498503
-15.3704261489393981989
17.4284250579333765527
-19.267848867997693157
20.1246117974981080848
-22.2485954612869890633
-24.8746859276654989766
47.6235235991626317549
-52.6497863243527319834
-58.8642506110457501634
-111.242977306434949056
0.0
0.0
0.0
0.0
0.0
0.0
0.0
0.0
0.0
0.0
0.0
0.0
0.0
0.0
0.0
2.73861278752583075449
-3.24037034920393030101
3.67423461417476732934
-4.06201920231798001973
-3.96862696659688626719
4.50000000000000039683
-4.97493718553309995348
5.19615242270663215502
-5.74456264653802878609
-6.42261628933256498503
-10.0623058987490541893
11.4095824388349743357
-12.6137679880812321696
13.1746509848051986485
-14.5651246868283675944
-16.2843044502542827711
13.6067210283321807742
-15.0427960926722094397
-16.818357317441643241
-8.14209732127109363677e-20
0.0
0.0
0.0
0.0
0.0
0.0
0.0
0.0
0.0
0.0
0.0
0.0
0.0
0.0
0.0
2.73861278752583075449
-3.24037034920393030101
3.67423461417476732934
-4.06201920231798001973
-3.96862696659688626719
4.50000000000000039683
-4.97493718553309995348
5.19615242270663215502
-5.74456264653802878609
-6.42261628933256498503
0.0
0.0
0.0
0.0
0.0
0.0
-11.9058808997906587649
13.1624465810881839092
14.716062652761438562
0.0
0.0
0.0
0.0
0.0
0.0
0.0
0.0
0.0
0.0
0.0
0.0
0.0
0.0
0.0
0.0
2.73861278752583075449
-3.24037034920393030101
3.67423461417476732934
-4.06201920231798001973
-3.96862696659688626719
4.50000000000000039683
-4.97493718553309995348
5.19615242270663215502
-5.74456264653802878609
-6.42261628933256498503
10.0623058987490541893
-11.4095824388349743357
12.6137679880812321696
-13.1746509848051986485
14.5651246868283675944
16.2843044502542827711
13.6067210283321807742
-15.0427960926722094397
-16.818357317441643241
8.14209732127109363677e-20
0.0
0.0
0.0
0.0
0.0
0.0
0.0
0.0
0.0
0.0
0.0
0.0
0.0
0.0
0.0
2.73861278752583075449
-3.24037034920393030101
3.67423461417476732934
-4.06201920231798001973
-3.96862696659688626719
4.50000000000000039683
-4.97493718553309995348
5.19615242270663215502
-5.74456264653802878609
-6.42261628933256498503
15.3704261489393981989
-17.4284250579333765527
19.267848867997693157
-20.1246117974981080848
22.2485954612869890633
24.8746859276654989766
47.6235235991626317549
-52.6497863243527319834
-58.8642506110457501634
111.242977306434949056
0.0
0.0
0.0
0.0
0.0
0.0
0.0
0.0
0.0
0.0
0.0
0.0
0.0
0.0
0.0
2.73861278752583075449
-3.24037034920393030101
3.67423461417476732934
-4.06201920231798001973
-0.542250078487961169034
0.614853795464743029463
-0.679746446827491714169
-2.3171801001071231968
2.56173898791116389034
3.5585050305421280627
-12.7163660238442261941
14.4190037483841754442
-15.9408084280394626633
-3.47498040634645427746
3.84173538722931024729
14.1873774180752641426
32.5968585535351220136
-36.0371830554543476944
22.3234569940124109864
-62.9946892736136319748
0.0
0.0
0.0
0.0
0.0
0.0
0.0
0.0
0.0
0.0
0.0
0.0
0.0
0.0
0.0
2.73861278752583075449
-3.24037034920393030101
3.67423461417476732934
-4.06201920231798001973
0.480366853564942944039
-0.54468481397632285135
0.602171718987997216173
-3.29873985014543701685
3.64689412130853760769
2.77775674314855249176
-5.03189876521951077261
5.7056368950959207299
-6.30781892368051387583
-3.75175796779447525342
4.14772449446685069415
6.33256755864361136649
-0.785547280090094980057
0.86845519438102191626
-0.988317335160464668459
9.60836471784301962501
0.0
0.0
0.0
0.0
0.0
0.0
0.0
0.0
0.0
0.0
0.0
0.0
0.0
0.0
0.0
2.73861278752583075449
-3.24037034920393030101
3.67423461417476732934
-4.06201920231798001973
0.480366853564942944039
-0.54468481397632285135
0.602171718987997216173
-3.29873985014543701685
3.64689412130853760769
2.77775674314855249176
5.03189876521951077261
-5.7056368950959207299
6.30781892368051387583
3.75175796779447525342
-4.14772449446685069415
-6.33256755864361136649
-0.785547280090094980057
0.86845519438102191626
-0.988317335160464668459
-9.60836471784301962501
0.0
0.0
0.0
0.0
0.0
0.0
0.0
0.0
0.0
0.0
0.0
0.0
0.0
0.0
0.0
2.73861278752583075449
-3.24037034920393030101
3.67423461417476732934
-4.06201920231798001973
-0.542250078487961169034
0.614853795464743029463
-0.679746446827491714169
-2.3171801001071231968
2.56173898791116389034
3.5585050305421280627
12.7163660238442261941
-14.4190037483841754442
15.9408084280394626633
3.47498040634645427746
-3.84173538722931024729
-14.1873774180752641426
32.5968585535351220136
-36.0371830554543476944
22.3234569940124109864
62.9946892736136319748
0.0
0.0
0.0
0.0
0.0
0.0
0.0
0.0
0.0
0.0
0.0
0.0
0.0
0.0
0.0
2.73861278752583075449
-3.24037034920393030101
3.67423461417476732934
-4.06201920231798001973
5.95294044989532940079
-6.75000000000000059524
7.46240577829964993022
1.29903810567665861421
-1.43614066163450783271
-6.4226162893325652402
-7.68521307446969909945
8.71421252896668827636
-9.63392443399884657848
-25.155764746872635106
27.8107443266087363292
-24.874685927665503415
11.9058808997906579387
-13.1624465810881829959
51.5062192846650313929
-13.905372163304368632
0.0
0.0
0.0
0.0
0.0
0.0
0.0
0.0
0.0
0.0
0.0
0.0
0.0
0.0
0.0
2.73861278752583075449
-3.24037034920393030101
3.67423461417476732934
-4.06201920231798001973
6.97652022606388664631
-7.91063037204735509096
8.74553093309020547462
4.00171448609301933698
-4.42406182283347549807
-5.6307982133444809867
0.0
0.0
0.0
0.0
0.0
0.0
-2.39400229995145462116
2.64666912539561266814
-11.7304839042659354389
0.0
0.0
0.0
0.0
0.0
0.0
0.0
0.0
0.0
0.0
0.0
0.0
0.0
0.0
0.0
0.0
2.73861278752583075449
-3.24037034920393030101
3.67423461417476732934
-4.06201920231798001973
5.95294044989532940079
-6.75000000000000059524
7.46240577829964993022
1.29903810567665861421
-1.43614066163450783271
-6.4226162893325652402
7.68521307446969909945
-8.71421252896668827636
9.63392443399884657848
25.155764746872635106
-27.8107443266087363292
24.874685927665503415
11.9058808997906579387
-13.1624465810881829959
51.5062192846650313929
13.905372163304368632
0.0
0.0
0.0
0.0
0.0
0.0
0.0
0.0
0.0
0.0
0.0
0.0
0.0
0.0
0.0
2.73861278752583075449
-3.24037034920393030101
3.67423461417476732934
-4.06201920231798001973
12.4481309782786199706
-14.1148537954647442199
15.6045580034267915746
28.2979422136402872852
-31.2845522206013114838
41.3998089947858378102
-2.65406012509517200481
3.00942130954920110851
-3.32704043995823049369
-16.649631391151652926
18.4068600740576778417
-53.2761695901210530098
1.41994401729532953789
-1.56980717622617548028
11.3132576408708727958
-0.572726330063482815539
0.0
0.0
0.0
0.0
0.0
0.0
0.0
0.0
0.0
0.0
0.0
0.0
0.0
0.0
0.0
2.73861278752583075449
-3.24037034920393030101
3.67423461417476732934
-4.06201920231798001973
12.4481309782786199706
-14.1148537954647442199
15.6045580034267915746
28.2979422136402872852
-31.2845522206013114838
41.3998089947858378102
2.65406012509517200481
-3.00942130954920110851
3.32704043995823049369
16.649631391151652926
-18.4068600740576778417
53.2761695901210530098
1.41994401729532953789
-1.56980717622617548028
11.3132576408708727958
0.572726330063482815539
0.0
0.0
0.0
0.0
0.0
0.0
0.0
0.0
0.0
0.0
0.0
0.0
0.0
0.0
0.0
2.73861278752583075449
-3.24037034920393030101
3.67423461417476732934
-4.06201920231798001973
15.8745078663875450688
-18.0000000000000015873
19.8997487421323998139
51.9615242270663261537
-57.4456264653802929503
128.452325786651322058
0.0
0.0
0.0
0.0
0.0
0.0
0.0
0.0
0.0
0.0
0.0
0.0
0.0
0.0
0.0
0.0
0.0
0.0
0.0
0.0
0.0
0.0
0.0
0.0
0.0
2.73861278752583075449
0.116779667728932425152
-2.14051978378366748168
2.20095156345960550106
-3.28335158897510124756
-1.4198863837641942747
3.15440848952878236327
3.55660885093674842302
2.85749359301387849608
-3.63700008096376622482
-12.7163660238442261941
-5.4991963178253973228
12.2169715470802663859
13.7746868486519237032
11.0670250976371456475
-14.0860407437276924659
32.5968585535351220135
26.1893613756748682271
-33.3336563471539521535
-62.9946892736136319747
0.0
0.0
0.0
0.0
0.0
0.0
0.0
0.0
0.0
0.0
0.0
0.0
0.0
0.0
0.0
2.73861278752583075449
1.11873554207292871033
-2.68723946694789180491
1.23650159354009608693
-3.07882820256452042495
-2.77073702978932250937
2.98583036821147611588
3.1273193800035542224
4.29435201075120793827
-2.99880003742946543579
-5.03189876521951077261
-4.52836836668306909855
4.87990727460649541269
5.1111505713697442185
7.01849637544499888074
-4.90110432044001918226
-0.785547280090094980057
-1.07869268593577666432
0.753264673892729884579
9.60836471784301962501
0.0
0.0
0.0
0.0
0.0
0.0
0.0
0.0
0.0
0.0
0.0
0.0
0.0
0.0
0.0
2.73861278752583075449
1.11873554207292871033
-2.68723946694789180491
1.23650159354009608693
-3.07882820256452042495
-2.77073702978932250937
2.98583036821147611588
3.1273193800035542224
4.29435201075120793827
-2.99880003742946543579
5.0318987652195107726
4.52836836668306909854
-4.87990727460649541267
-5.11115057136974421849
-7.01849637544499888073
4.90110432044001918225
-0.785547280090094980088
-1.07869268593577666436
0.753264673892729884608
-9.60836471784301962503
0.0
0.0
0.0
0.0
0.0
0.0
0.0
0.0
0.0
0.0
0.0
0.0
0.0
0.0
0.0
2.73861278752583075449
0.116779667728932425152
-2.14051978378366748168
2.20095156345960550106
-3.28335158897510124756
-1.4198863837641942747
3.15440848952878236327
3.55660885093674842302
2.85749359301387849608
-3.63700008096376622482
12.7163660238442261941
5.4991963178253973228
-12.2169715470802663859
-13.7746868486519237032
-11.0670250976371456475
14.0860407437276924659
32.5968585535351220135
26.1893613756748682271
-33.3336563471539521535
62.9946892736136319747
0.0
0.0
0.0
0.0
0.0
0.0
0.0
0.0
0.0
0.0
0.0
0.0
0.0
0.0
0.0
2.73861278752583075449
1.11873554207292871033
-2.68723946694789180491
1.23650159354009608693
1.37016561759730878628
1.23305633307464894506
-1.32877895138598389835
-2.23308810615539595951
-3.06641734776770154959
0.242168114346917465546
-8.47807455979280658138
-7.62969336988865905732
8.22198928264495060413
-8.81001104187904055989
-12.0976734497742934123
5.09679335046454243428
14.4891921254148922426
19.8961742557503977421
22.2445990640195877621
-18.6683774381651079147
0.0
0.0
0.0
0.0
0.0
0.0
0.0
0.0
0.0
0.0
0.0
0.0
0.0
0.0
0.0
2.73861278752583075449
1.62018517460196515051
-2.75567596063107533837
0.507752400289747245438
1.9843134832984431336
2.25000000000000019842
-1.71013465752700312115
-1.94855715851498705813
-3.23131648867764119217
-0.602120277124928102957
0.0
0.0
0.0
0.0
0.0
0.0
-2.97647022494766469121
-4.93591746790806896594
-5.51852349478553946074
0.0
0.0
0.0
0.0
0.0
0.0
0.0
0.0
0.0
0.0
0.0
0.0
0.0
0.0
0.0
0.0
2.73861278752583075449
1.11873554207292871033
-2.68723946694789180491
1.23650159354009608693
1.37016561759730878628
1.23305633307464894506
-1.32877895138598389835
-2.23308810615539595951
-3.06641734776770154959
0.242168114346917465546
8.47807455979280658138
7.62969336988865905732
-8.22198928264495060413
8.81001104187904055989
12.0976734497742934123
-5.09679335046454243428
14.4891921254148922426
19.8961742557503977421
22.2445990640195877621
18.6683774381651079147
0.0
0.0
0.0
0.0
0.0
0.0
0.0
0.0
0.0
0.0
0.0
0.0
0.0
0.0
0.0
2.73861278752583075449
1.11873554207292871033
-2.68723946694789180491
1.23650159354009608693
7.86631899009625248855
7.07915475629331858304
-7.62871215324844444927
9.64415251956873097335
13.2430943987416594516
4.97443501341804442942
-3.44617579457329580877
-3.10132500320558995877
3.34208200803845519145
-13.9211616132487847784
-19.1161698252192922931
-26.2571879745222924189
2.39400229995145445505
3.28738044993916188765
12.3939308158810503702
-1.25379681159103294395
0.0
0.0
0.0
0.0
0.0
0.0
0.0
0.0
0.0
0.0
0.0
0.0
0.0
0.0
0.0
2.73861278752583075449
1.11873554207292871033
-2.68723946694789180491
1.23650159354009608693
7.86631899009625248855
7.07915475629331858304
-7.62871215324844444927
9.64415251956873097335
13.2430943987416594516
4.97443501341804442942
3.44617579457329580877
3.10132500320558995877
-3.34208200803845519145
13.9211616132487847784
19.1161698252192922931
26.2571879745222924189
2.39400229995145445505
3.28738044993916188765
12.3939308158810503702
1.25379681159103294395
0.0
0.0
0.0
0.0
0.0
0.0
0.0
0.0
0.0
0.0
0.0
0.0
0.0
0.0
0.0
2.73861278752583075449
0.116779667728932425152
-2.14051978378366748168
2.20095156345960550106
13.1334063559004049902
5.67954553505677709882
-12.6176339581151294531
35.5660885093674873812
28.5749359301387874924
72.7400016192753371568
0.0
0.0
0.0
0.0
0.0
0.0
0.0
0.0
0.0
0.0
0.0
0.0
0.0
0.0
0.0
0.0
0.0
0.0
0.0
0.0
0.0
0.0
0.0
0.0
0.0
2.73861278752583075449
6.48074069840786060202
3.67423461417476685343
-4.06201920231798091631
-1.9843134832984431336
-6.75000000000000059524
-8.08427292649128795839
1.29903810567665803875
5.74456264653802878609
-0.802827036166570623129
-7.68521307446969909945
-26.1426375869000648291
-31.3102544104962534482
5.0311529493745270212
22.2485954612869890633
-3.10933574095818737207
11.9058808997906579387
52.6497863243527319834
-7.35803132638071877042
-13.905372163304368632
0.0
0.0
0.0
0.0
0.0
0.0
0.0
0.0
0.0
0.0
0.0
0.0
0.0
0.0
0.0
2.73861278752583075449
7.48363996346593348238
6.60140263430061132592
-1.95970273855881525822
-1.77959752806473168449
-6.88633493766146933281
-10.6243821284885757816
1.04482826223103962475
5.21624683299689114147
-0.579103941344941911395
0.0
0.0
0.0
0.0
0.0
0.0
-2.39400229995145462116
-11.9519229778909644455
1.32689382323023158254
0.0
0.0
0.0
0.0
0.0
0.0
0.0
0.0
0.0
0.0
0.0
0.0
0.0
0.0
0.0
0.0
2.73861278752583075449
6.48074069840786060202
3.67423461417476685343
-4.06201920231798091631
-1.9843134832984431336
-6.75000000000000059524
-8.08427292649128795839
1.29903810567665803875
5.74456264653802878609
-0.802827036166570623129
7.68521307446969909945
26.1426375869000648291
31.3102544104962534482
-5.0311529493745270212
-22.2485954612869890633
3.10933574095818737207
11.9058808997906579387
52.6497863243527319834
-7.35803132638071877042
13.905372163304368632
0.0
0.0
0.0
0.0
0.0
0.0
0.0
0.0
0.0
0.0
0.0
0.0
0.0
0.0
0.0
2.73861278752583075449
7.48363996346593348238
6.60140263430061132592
-1.95970273855881525822
2.66939629209709752674
10.3295024064922039992
15.9365731927328636724
0.261207065557760021896
1.30406170824922336304
-0.579103941344941934403
-3.44617579457329580877
-13.3353302649845797872
-20.5740275236899800586
-5.05825307408456530649
-25.2530463923801751055
-2.24285992055203704396
2.39400229995145445504
11.9519229778909636162
4.64412838130581021664
-1.25379681159103294395
0.0
0.0
0.0
0.0
0.0
0.0
0.0
0.0
0.0
0.0
0.0
0.0
0.0
0.0
0.0
2.73861278752583075449
7.48363996346593348238
6.60140263430061132592
-1.95970273855881525822
2.66939629209709752674
10.3295024064922039992
15.9365731927328636724
0.261207065557760021896
1.30406170824922336304
-0.579103941344941934403
3.44617579457329580877
13.3353302649845797872
20.5740275236899800586
5.05825307408456530649
25.2530463923801751055
2.24285992055203704396
2.39400229995145445504
11.9519229778909636162
4.64412838130581021664
1.25379681159103294395
0.0
0.0
0.0
0.0
0.0
0.0
0.0
0.0
0.0
0.0
0.0
0.0
0.0
0.0
0.0
2.73861278752583075449
6.48074069840786060202
3.67423461417476685343
-4.06201920231798091631
7.93725393319377253438
27.000000000000002381
32.3370917059651518335
12.9903810567665815384
57.4456264653802929503
16.0565407233314152572
0.0
0.0
0.0
0.0
0.0
0.0
0.0
0.0
0.0
0.0
0.0
0.0
0.0
0.0
0.0
0.0
0.0
0.0
0.0
0.0
0.0
0.0
0.0
0.0
0.0
2.73861278752583075449
12.8447017290867887789
31.5343966971818044485
52.3461634390961269194
-0.685275377621785019631
-4.36582790195009172457
-14.5256934850330112986
0.154928593853703148779
1.24576544022757042122
-0.0330663700834138268931
-2.65406012509517200481
-16.9087787566603716585
-56.2577689596464239944
0.600035863846725054684
4.82482880328213141977
-0.128065500652592896956
1.41994401729532953789
11.417628856005652642
-0.303058287729334206466
-0.572726330063482815539
0.0
0.0
0.0
0.0
0.0
0.0
0.0
0.0
0.0
0.0
0.0
0.0
0.0
0.0
0.0
2.73861278752583075449
12.8447017290867887789
31.5343966971818044485
52.3461634390961269194
-0.685275377621785019631
-4.36582790195009172457
-14.5256934850330112986
0.154928593853703148779
1.24576544022757042122
-0.0330663700834138268931
2.65406012509517200481
16.9087787566603716585
56.2577689596464239944
-0.600035863846725054684
-4.82482880328213141977
0.128065500652592896956
1.41994401729532953789
11.417628856005652642
-0.303058287729334206466
0.572726330063482815539
0.0
0.0
0.0
0.0
0.0
0.0
0.0
0.0
0.0
0.0
0.0
0.0
0.0
0.0
0.0
2.73861278752583075449
12.8447017290867887789
31.5343966971818044484
52.3461634390961269192
2.74110151048714007853
17.4633116078003668983
58.1027739401320451943
1.54928593853703162506
12.4576544022757053159
0.661327401668276652973
0.0
0.0
0.0
0.0
0.0
0.0
0.0
0.0
0.0
0.0
0.0
0.0
0.0
0.0
0.0
0.0
0.0
0.0
0.0
0.0
0.0
0.0
0.0
0.0
0.0
2.73861278752583075449
16.2018517460196515051
55.1135192126215058155
142.170672081129300508
0.0
0.0
0.0
0.0
0.0
0.0
0.0
0.0
0.0
0.0
0.0
0.0
0.0
0.0
0.0
0.0
