0.0
0.0
0.0
0.0
0.0
2.37170824512628466112
-2.80624304008045619986
3.18198051533946401746
-3.51781181986757202693
-9.16515138991168063969
10.3923048454132643891
-11.4891252930760574161
22.5000000000000024124
-24.8746859276655007682
-44.4971909225739869092
1.36930639376291541525
-1.62018517460196519548
1.83711730708738371566
-2.03100960115899006624
-11.9058808997906588567
13.5000000000000012529
-14.9248115565992999295
33.7749907475931104296
-37.3396572024971886817
-70.6487791826582237871
-5.1234753829797998618
5.80947501931112604162
-6.42261628933256496501
30.1869176962471648502
-33.3728931919304866054
-74.62405778299650817
11.9058808997906607935
-13.1624465810881861519
-58.864250611045765503
-22.2485954612869992868
0.0
0.0
0.0
0.0
0.0
2.37170824512628466112
-2.80624304008045619986
3.18198051533946401746
-3.51781181986757202693
-9.16515138991168063969
10.3923048454132643891
-11.4891252930760574161
22.5000000000000024124
-24.8746859276655007682
-44.4971909225739869092
1.36930639376291540213
-1.62018517460196517995
1.83711730708738369805
-2.03100960115899004677
-8.47950401168173373947
9.614853795464743864
-10.6296208178936916663
23.0081577538515886539
-25.4364754622773301171
-47.3594961029506050664
-2.46941525788462758274
2.80005370976192462214
-3.09557584937433412753
6.5873254924026008721
-7.2825623434141855084
-13.4724420667697529352
-0.990868119893857760152
1.095445923470938365
13.6112200475622570833
9.53511234055156793236
0.0
0.0
0.0
0.0
0.0
2.37170824512628466112
-2.80624304008045619986
3.18198051533946401746
-3.51781181986757202693
-9.16515138991168063969
10.3923048454132643891
-11.4891252930760574161
22.5000000000000024124
-24.8746859276655007682
-44.4971909225739869092
1.36930639376291537725
-1.62018517460196515051
1.83711730708738366467
-2.03100960115899000987
-1.9843134832984431336
2.25000000000000019841
-2.48746859276654997674
2.59807621135331607751
-2.87228132326901439305
-3.21130814466628249251
2.56173769148989971759
-2.90473750965556277894
3.21130814466628221511
-15.0934588481235811683
16.6864465959652419133
37.3120288914982509782
-5.95294044989532938243
6.58122329054409195459
7.35803132638071928099
-8.3432232979826205707
0.0
0.0
0.0
0.0
0.0
2.37170824512628466112
-2.80624304008045619986
3.18198051533946401746
-3.51781181986757202693
-9.16515138991168063969
10.3923048454132643891
-11.4891252930760574161
22.5000000000000024124
-24.8746859276655007682
-44.4971909225739869092
1.36930639376291535236
-1.62018517460196512107
1.83711730708738363129
-2.03100960115898997296
4.51087704508484747228
-5.11485379546474346717
5.65468363236059171284
-17.8120053311449564989
19.691912815739301331
40.9368798136180400814
7.59289064086442660655
-8.60952872907304971357
9.51819213870689804206
-6.58732549240259777643
7.282562343414182086
2.81186238348452983588
14.5975891482260385343
-16.1382420161431478047
-30.4295773650039003243
9.53511234055156793244
0.0
0.0
0.0
0.0
0.0
2.37170824512628466112
-2.80624304008045619986
3.18198051533946401746
-3.51781181986757202693
-9.16515138991168063969
10.3923048454132643891
-11.4891252930760574161
22.5000000000000024124
-24.8746859276655007682
-44.4971909225739869092
1.36930639376291533924
-1.62018517460196510554
1.83711730708738361368
-2.0310096011589899535
7.93725393319377258946
-9.0000000000000008561
9.949874371066199976
-28.5788383248864782746
31.5950945559591598956
64.2261628933256588021
10.2469507659595983371
-11.6189500386222505111
12.845232578665128192
10.0623058987490567654
-11.1242977306434975421
-49.7493718553310091935
35.7176426993719709614
-39.4873397432645458315
1.53396423255317316246e-14
88.9943818451479497694
0.0
0.0
0.0
0.0
0.0
2.37170824512628466112
-2.80624304008045619986
3.18198051533946401746
-3.51781181986757202693
-5.20871215252208046225
5.90612443135429715308
-6.52946623465111664109
3.88514620453525763478
-4.29519073870560862601
3.84173538722931033808
1.36930639376291541525
-1.62018517460196519548
1.83711730708738371566
-2.03100960115899006624
-8.47950401168173371094
9.61485379546474383165
-10.6296208178936916306
9.04645072119557497539
-10.0012275755485762326
3.09557584937433196985
-4.23878867461474244706
4.80633458279472558163
-5.31360280934648803374
14.9121411879784275731
-16.4859923804430246924
-5.39432259196890580547
8.14921463838378245738
-9.00929576386358908383
-19.4193780118623667188
-12.5989378547227317608
0.0
0.0
0.0
0.0
0.0
2.37170824512628466112
-2.80624304008045619986
3.18198051533946401746
-3.51781181986757202693
-4.02789583052485363611
4.56720457476116974778
-5.04923463842582898111
0.149309520877320004489
-0.16506788612593554719
8.15775435236287574415
1.36930639376291539328
-1.62018517460196516948
1.83711730708738368619
-2.03100960115899003366
-3.00789325946700037631
3.41063037204735469095
-3.77059374755710551762
0.547807630219610730541
-0.605624122244068262052
5.59315584982079292645
-0.528574323548738373797
0.599346946938922989197
-0.662602980747151437645
-3.68498472012055263656
4.07390389161089309985
0.582111623885588493775
-3.41657109641090727057
3.77716146545604786089
4.87692461697250394384
4.37712143066501101302
0.0
0.0
0.0
0.0
0.0
2.37170824512628466112
-2.80624304008045619986
3.18198051533946401746
-3.51781181986757202693
-4.02789583052485363611
4.56720457476116974778
-5.04923463842582898111
0.149309520877320004489
-0.16506788612593554719
8.15775435236287574415
1.36930639376291536121
-1.62018517460196513153
1.83711730708738364315
-2.03100960115898998608
3.48826011303194332035
-3.9553151860236775423
4.37276546654510273379
-3.84654748036504774739
4.25251824355260586974
-2.81539910667224043469
4.50332444167077239882
-5.1062899481569977407
5.64521594293336243818
0.0667732476739226168557
-0.0738206028559575943084
-5.75045593475802287272
2.63102381632081229051
-2.90870627107502594463
-5.8652419521329686123
-5.231243287178008612
0.0
0.0
0.0
0.0
0.0
2.37170824512628466112
-2.80624304008045619986
3.18198051533946401746
-3.51781181986757202693
-5.20871215252208046225
5.90612443135429715308
-6.52946623465111664109
3.88514620453525763478
-4.29519073870560862601
3.84173538722931033808
1.36930639376291533924
-1.62018517460196510554
1.83711730708738361368
-2.0310096011589899535
7.93725393319377254191
-9.00000000000000080218
9.94987437106619991638
-11.3636308213026981722
12.5629665634597401229
0.462929181167796092845
8.47757734922948374703
-9.61266916558944986259
10.6272056186929746295
18.3871215943248818505
-20.3277277676723349396
-19.5817000100441699481
24.4476439151513395562
-27.0278872915907586106
41.7428350058747777052
50.395751418890900214
0.0
0.0
0.0
0.0
0.0
2.37170824512628466112
-2.80624304008045619986
3.18198051533946401746
-3.51781181986757202693
2.29128784747792015992
-2.59807621135331609729
2.87228132326901435402
-5.62500000000000104024
6.21867148191637567533
-5.56214886532174768439
1.36930639376291541525
-1.62018517460196519548
1.83711730708738371566
-2.03100960115899006624
-1.98431348329844305098
2.25000000000000010474
-2.48746859276654987317
-11.0418238982515935299
12.2071956238933113921
-3.21130814466628270924
-2.5617376914898999309
2.90473750965556302081
-3.21130814466628248251
-2.51557647468726373752
2.78107443266087388379
12.4373429638327505397
2.97647022494766519837
-3.29061164527204653798
7.35803132638072038154
-2.78107443266087491084
0.0
0.0
0.0
0.0
0.0
2.37170824512628466112
-2.80624304008045619986
3.18198051533946401746
-3.51781181986757202693
3.47321596609386695239
-3.938256726815707301
4.35390663031362925421
-4.04528340468013702802
4.47222907465847906187
-9.03630392234354910818
1.36930639376291537725
-1.62018517460196515051
1.83711730708738366467
-2.03100960115899000987
3.48826011303194332316
-3.95531518602367754548
4.37276546654510273731
2.00085724304650966849
-2.21203091141673774904
-2.81539910667224049335
1.14872526485776527756
-1.30253201809305065602
1.44000332714635326345
1.94265223157116010949
-2.14768285008938279315
-4.07020170642403246122
-1.19700114997572731058
1.32333456269780633407
-5.86524195213296771947
-0.752278086954619711499
0.0
0.0
0.0
0.0
0.0
2.37170824512628466112
-2.80624304008045619986
3.18198051533946401746
-3.51781181986757202693
2.29128784747792015992
-2.59807621135331609729
2.87228132326901435402
-5.62500000000000104024
6.21867148191637567533
-5.56214886532174768439
1.36930639376291533924
-1.62018517460196510554
1.83711730708738361368
-2.0310096011589899535
7.93725393319377245177
-9.00000000000000069998
9.94987437106619980339
12.3408620039282521441
-13.6433362855278192248
-3.21130814466628253095
5.12347538297979916855
-5.80947501931112525555
6.42261628933256409598
22.6401882721853713685
-25.0296698939478624454
37.3120288914982539547
8.92941067484299274035
-9.87183493581613645788
44.1481879582843110114
11.1242977306434937212
0.0
0.0
0.0
0.0
0.0
2.37170824512628466112
-2.80624304008045619986
3.18198051533946401746
-3.51781181986757202693
9.79128784747792078209
-11.1022768540609293477
12.2740288811891453491
18.6148537954647454507
-20.5794951889598928864
18.4068600740576843379
1.36930639376291541525
-1.62018517460196519548
1.83711730708738371566
-2.03100960115899006624
4.51087704508484760898
-5.11485379546474362217
5.6546836323605918842
3.94393033557100811204
-4.36017904079649871749
-9.51819213870689548424
-0.884686708365057414741
1.00314043651640045999
-1.10901347998607693127
-4.84983528922937218235
5.36169464979952867003
-12.373310213506455467
0.354986004323832469589
-0.392451794056543964171
2.60102069442071816145
-0.114545266012696611892
0.0
0.0
0.0
0.0
0.0
2.37170824512628466112
-2.80624304008045619986
3.18198051533946401746
-3.51781181986757202693
9.79128784747792078209
-11.1022768540609293477
12.2740288811891453491
18.6148537954647454507
-20.5794951889598928864
18.4068600740576843379
1.36930639376291533924
-1.62018517460196510554
1.83711730708738361368
-2.0310096011589899535
7.93725393319377236163
-9.00000000000000059777
9.94987437106619969039
24.3540118780692791731
-26.9243731798048127663
50.9180011334927332944
1.76937341673011459007
-2.00628087303280064852
2.21802695997215356242
11.7997961019222807436
-13.0451654242581491717
40.9028593766145975428
1.0649580129714970683
-1.17735538216963151611
8.71223694645015463432
0.458181064050786203648
0.0
0.0
0.0
0.0
0.0
2.37170824512628466112
-2.80624304008045619986
3.18198051533946401746
-3.51781181986757202693
13.7477270848675209595
-15.5884572681198965837
17.2336879396140861241
45.0000000000000052619
-49.7493718553310020197
111.242977306434966038
1.36930639376291541525
-1.62018517460196519548
1.83711730708738371566
-2.03100960115899006624
7.93725393319377275469
-9.00000000000000104345
9.94987437106620018312
25.980762113533163798
-28.7228132326901472724
64.2261628933256628115
0.0
0.0
0.0
0.0
0.0
0.0
0.0
0.0
0.0
0.0
0.0
0.0
0.0
0.0
0.0
2.37170824512628466112
0.101134158898761282775
-1.8537445100598299382
1.90607996645509639431
-7.58257569495584056871
-3.27908714353976726141
7.28479436225393300612
15.4005680811790304111
12.3733102135064532551
-25.1978757094454569162
1.36930639376291541525
0.0583898338644662141967
-1.07025989189183377055
1.10047578172980278108
-9.85005476692530378824
-4.25965915129258284382
9.4632254685863471336
23.117957531088865723
18.5737083545902110065
-40.0070008906014335422
-4.23878867461474244706
-1.83306543927513260629
4.07232384902675582932
20.6620302729778874186
16.6005376464557199687
-42.2581222311830837629
8.14921463838378245737
6.54734034391871862668
-33.3336563471539608401
-12.5989378547227317607
0.0
0.0
0.0
0.0
0.0
2.37170824512628466112
0.968853399551710936468
-2.32721764442902767133
1.0708417918256635471
-7.11024916615694983826
-6.39874308001011778896
6.89547986736582041123
13.5416901441523925833
18.5950896705166553492
-20.7762961062691430181
1.36930639376291539328
0.559367771036464361719
-1.34361973347394591819
0.618250796770048050704
-4.78749078753173208164
-4.30841772650399608991
4.64288178503696835089
9.48182010715119464816
13.0201838363818440622
-14.7867268064773248403
-0.528574323548738373797
-0.475681121159159760519
0.512608422189346791341
-2.75398310336630550936
-3.78169653957841197817
6.69805941280274470961
-3.41657109641090727057
-4.69154479442069775393
12.451565768397465154
4.37712143066501101302
0.0
0.0
0.0
0.0
0.0
2.37170824512628466112
0.968853399551710936468
-2.32721764442902767133
1.0708417918256635471
-7.11024916615694983826
-6.39874308001011778896
6.89547986736582041123
13.5416901441523925833
18.5950896705166553492
-20.7762961062691430181
1.36930639376291536121
0.559367771036464348616
-1.34361973347394588672
0.618250796770048036221
1.70866258496721165669
1.53768069671467358053
-1.657051416825492235
-6.35450072714764042574
-8.72583182563063612394
11.7879267690478594045
4.50332444167077239881
4.05268724552390933802
-4.36729885241714862134
-7.86513367473604972787
-10.8001929150234108589
11.5991637332427638919
2.63102381632081229049
3.61285210848492108958
-11.6983010945047352693
-5.23124328717800861202
0.0
0.0
0.0
0.0
0.0
2.37170824512628466112
0.101134158898761282775
-1.8537445100598299382
1.90607996645509639431
-7.58257569495584056871
-3.27908714353976726141
7.28479436225393300612
15.4005680811790304111
12.3733102135064532551
-25.1978757094454569162
1.36930639376291533924
0.0583898338644662109554
-1.07025989189183371114
1.10047578172980271999
6.56670317795020254068
2.83977276752838856911
-6.30881697905756477032
-19.5613486801521173
-15.7162147615763325105
36.3700008096376673174
8.47757734922948374703
3.66613087855026471651
-8.1446476980535105566
6.88734342432596371543
5.53351254881857432122
-28.172081487455391297
24.4476439151513395561
19.6420210317561496004
8.68653365274282982856e-15
50.395751418890900214
0.0
0.0
0.0
0.0
0.0
2.37170824512628466112
0.968853399551710936468
-2.32721764442902767133
1.0708417918256635471
-1.97299360677012283469
-1.77556072835181610329
1.91339816313049734608
-2.02264170234006855853
-2.77743792879365202183
4.21340295124884368873
1.36930639376291541525
0.559367771036464370693
-1.34361973347394593975
0.618250796770048060623
-4.7874907875317320446
-4.30841772650399605657
4.64288178503696831496
-1.27023008780520800992
-1.74424625977177265219
7.05565986997673270254
-2.82602485326426911538
-2.54323112329621991519
2.74066309421498378193
4.20659770325808701926
5.77638837303123435982
6.40410220343434205886
3.6222980313537239292
4.97404356393760062819
-1.84763284636619693957
-3.73367548763302317308
0.0
0.0
0.0
0.0
0.0
2.37170824512628466112
1.40312152004022809993
-2.38648538650459787571
0.439726477483446280773
-1.14564392373896007996
-1.29903810567665804864
0.987346704873723691196
-2.81250000000000054744
-4.66400361143728180182
3.12870873674348336192
1.36930639376291537725
0.810092587300982575253
-1.37783798031553766918
0.253876200144873622719
0.992156741649221566799
1.12500000000000009921
-0.855067328763501560573
-0.974278579257493529065
-1.61565824433882059609
-0.301060138562464051478
1.2808688457449498588
1.45236875482778138947
-1.10388717472903451928
-1.25778823734363176402
-2.08580582449565523916
-3.49800270857796088126
-1.48823511247383234561
-2.46795873395403448297
-2.75926174739276973037
-1.04290291224782757134
0.0
0.0
0.0
0.0
0.0
2.37170824512628466112
0.968853399551710936468
-2.32721764442902767133
1.0708417918256635471
-1.97299360677012283469
-1.77556072835181610329
1.91339816313049734608
-2.02264170234006855853
-2.77743792879365202183
4.21340295124884368873
1.36930639376291533924
0.559367771036464339642
-1.34361973347394586516
0.618250796770048026303
6.15765640512904083088
5.54147405957864500163
-5.97166073642295221331
-0.962858018350187949595
-1.3221710879959288974
-6.81349175562981523699
5.65204970652853746599
5.08646224659243914213
-5.4813261884299668222
13.0166087451371275791
17.8740618228055277722
1.30730885296979962458
10.8668940940611683134
14.9221306918127971139
24.0922319103857847017
14.9347019505320847416
0.0
0.0
0.0
0.0
0.0
2.37170824512628466112
0.968853399551710936468
-2.32721764442902767133
1.0708417918256635471
5.52811818984859775381
4.97493226835687499777
-5.36113809681340755168
3.69179835806975116615
5.06947956887180030068
-2.93295374003406127218
1.36930639376291541525
0.559367771036464370693
-1.34361973347394593975
0.618250796770048060623
1.70866258496721174783
1.53768069671467366255
-1.65705141682549232339
-3.2497701920925618973
-4.4624982175233319932
-10.0544599074061979713
-1.14872526485776537321
-1.03377500106853007951
1.11402733601281849764
-3.46012815379653000007
-4.75135619013626491095
-3.06264193219683653415
0.598500574987863757268
0.821845112484790668972
2.60089752025892639345
-0.250759362318206695586
0.0
0.0
0.0
0.0
0.0
2.37170824512628466112
0.968853399551710936468
-2.32721764442902767133
1.0708417918256635471
5.52811818984859775381
4.97493226835687499777
-5.36113809681340755168
3.69179835806975116615
5.06947956887180030068
-2.93295374003406127218
1.36930639376291533924
0.559367771036464339642
-1.34361973347394586516
0.618250796770048026303
6.15765640512904074072
5.54147405957864492049
-5.97166073642295212588
12.8939227116612928707
17.7055926162649914448
15.0288949208242424007
2.29745052971553043556
2.06755000213705987926
-2.22805467202563669381
10.4610334594522547783
14.3648136350830273822
23.1945460423254558847
1.79550172496359069778
2.46553533745437121868
9.79303329562212397677
1.00303744927282624836
0.0
0.0
0.0
0.0
0.0
2.37170824512628466112
0.101134158898761282775
-1.8537445100598299382
1.90607996645509639431
11.3738635424337608531
4.91863071530965089212
-10.9271915433808995092
30.8011361623580611214
24.7466204270129067507
62.9946892736136415912
1.36930639376291541525
0.0583898338644662141967
-1.07025989189183377055
1.10047578172980278108
6.56670317795020267738
2.83977276752838862823
-6.30881697905756490165
17.7830442546837441842
14.2874679650693941428
36.3700008096376695879
0.0
0.0
0.0
0.0
0.0
0.0
0.0
0.0
0.0
0.0
0.0
0.0
0.0
0.0
0.0
2.37170824512628466112
5.61248608016091239972
3.18198051533946360531
-3.51781181986757280339
-4.58257569495584031984
-15.5884572681198965837
-18.6698286012485945343
5.62500000000000060309
24.8746859276655007682
-5.56214886532174836366
1.36930639376291541525
3.24037034920393039095
1.83711730708738347771
-2.03100960115899051453
-5.95294044989532942833
-20.2500000000000018794
-24.2528187794738639874
8.44374768689827760741
37.3396572024971886817
-8.83109739783227797339
-2.5617376914898999309
-8.71421252896668906244
-10.4367514701654187575
7.54672942406179121255
33.3728931919304866054
-9.32800722287456352125
2.97647022494766519837
13.1624465810881861519
-7.35803132638072068788
-2.78107443266087491085
0.0
0.0
0.0
0.0
0.0
2.37170824512628466112
6.48102232113794672666
5.71698238191384389587
-1.6971523554578681875
-4.10980444750946160286
-15.9033093199550958684
-24.5359595274253128169
4.5242390884201474374
22.5870113489271610058
-4.01214979709130607765
1.36930639376291537725
3.74181998173296674119
3.30070131715030566296
-0.979851369279407629109
-0.889798764032365842245
-3.4431674688307346664
-5.31219106424428789079
0.522414131115519812374
2.60812341649844557074
-0.289551970672470955698
1.14872526485776527756
4.44511008832819329324
6.85800917456332673378
-3.03495184445073920495
-15.1518278354281051684
3.36428988082805519227
-1.19700114997572731058
-5.97596148894548222274
0.66344691161511579127
-0.752278086954619711499
0.0
0.0
0.0
0.0
0.0
2.37170824512628466112
5.61248608016091239972
3.18198051533946360531
-3.51781181986757280339
-4.58257569495584031984
-15.5884572681198965837
-18.6698286012485945343
5.62500000000000060309
24.8746859276655007682
-5.56214886532174836366
1.36930639376291533924
3.24037034920393021107
1.83711730708738337572
-2.03100960115899040179
3.96862696659688629473
13.5000000000000012842
16.168545852982576029
-7.14470958122161956866
-31.5950945559591598956
8.02827036166570735026
5.12347538297979916855
17.4284250579333757667
20.8735029403308346907
2.51557647468726419135
11.1242977306434975421
-6.21867148191637614918
8.92941067484299274035
39.4873397432645458315
1.91745529069146645307e-15
11.1242977306434937212
0.0
0.0
0.0
0.0
0.0
2.37170824512628466112
6.48102232113794672666
5.71698238191384389587
-1.6971523554578681875
1.02745111187736540071
3.9758273299887739671
6.13398988185632820422
-1.13105977210503694725
-5.64675283723179069028
-0.501518724636413198458
1.36930639376291541525
3.74181998173296684505
3.30070131715030575457
-0.979851369279407656306
-0.8897987640323658052
-3.44316746883073452305
-5.31219106424428766962
-2.2202600572409592429
-11.0845245201183938769
-0.289551970672470975238
-1.14872526485776537321
-4.44511008832819366337
-6.85800917456332730482
-0.505825307408456576277
-2.52530463923801773835
1.12142996027601841669
0.598500574987863757267
2.98798074447274162049
0.663446911615115890503
-0.250759362318206695586
0.0
0.0
0.0
0.0
0.0
2.37170824512628466112
6.48102232113794672666
5.71698238191384389587
-1.6971523554578681875
1.02745111187736540071
3.9758273299887739671
6.13398988185632820422
-1.13105977210503694725
-5.64675283723179069028
-0.501518724636413198458
1.36930639376291533924
3.74181998173296663733
3.30070131715030557135
-0.979851369279407601913
3.55919505612946333193
13.7726698753229385223
21.248764256977151342
2.48146712279871926479
12.3885862283676172399
-0.289551970672470959165
2.29745052971553043556
8.89022017665638612382
13.7160183491266527538
4.55242776667610873021
22.7277417531421573672
3.36428988082805546065
1.79550172496359069778
8.96394223341822199567
3.98068146969069432614
1.00303744927282624836
0.0
0.0
0.0
0.0
0.0
2.37170824512628466112
5.61248608016091239972
3.18198051533946360531
-3.51781181986757280339
6.87386354243376047977
23.3826859021798448756
28.0047429018728918014
11.2500000000000013155
49.7493718553310020197
13.9053721633043707548
1.36930639376291541525
3.24037034920393039095
1.83711730708738347771
-2.03100960115899051453
3.96862696659688637734
13.5000000000000015652
16.1685458529825763655
6.4951905283832909495
28.7228132326901472724
8.02827036166570785144
0.0
0.0
0.0
0.0
0.0
0.0
0.0
0.0
0.0
0.0
0.0
0.0
0.0
0.0
0.0
2.37170824512628466112
11.1238380014230635167
27.3095886327755406334
45.3331073289094428825
-1.58257569495584007098
-10.0824476577058578617
-33.5456521749992081859
0.670860490249542881353
5.39432259196890350277
-0.229090532025393163731
1.36930639376291541525
6.42235086454339456771
15.7671983485909026619
26.1730817195480641861
-2.0558261328653550684
-13.0974837058502752343
-43.5770804550990340973
1.00703586004907050946
8.09747536147920807883
-0.363730070917552141912
-0.884686708365057414741
-5.63625958555345772791
-18.7525896532154763564
0.900053795770087663216
7.23724320492319778249
-0.384196501957778748739
0.354986004323832469589
2.85440721400141384491
-0.303058287729334285441
-0.114545266012696611892
0.0
0.0
0.0
0.0
0.0
2.37170824512628466112
11.1238380014230635167
27.3095886327755406334
45.3331073289094428825
-1.58257569495584007098
-10.0824476577058578617
-33.5456521749992081859
0.670860490249542881353
5.39432259196890350277
-0.229090532025393163731
1.36930639376291533924
6.4223508645433942112
15.7671983485909017866
26.1730817195480627332
1.37055075524357004877
8.73165580390018350973
29.0513869700660227987
-0.852107266195367360685
-6.85170992125163765762
0.330663700834138315019
1.76937341673011459007
11.2725191711069139306
37.505179306430947638
0.300017931923362608532
2.41241440164106636272
-0.256131001305185851783
1.0649580129714970683
8.56322164200423879705
7.89750175893167681023e-17
0.458181064050786203648
0.0
0.0
0.0
0.0
0.0
2.37170824512628466112
11.1238380014230635167
27.3095886327755406333
45.3331073289094428824
2.37386354243376010647
15.1236714865587867925
50.3184782624988122788
1.34172098049908577575
10.7886451839378071104
0.572726330063482902974
1.36930639376291541525
6.42235086454339456771
15.7671983485909026618
26.173081719548064186
1.37055075524357007731
8.73165580390018369151
29.0513869700660234035
0.774642969268515834031
6.22882720113785283084
0.330663700834138335664
0.0
0.0
0.0
0.0
0.0
0.0
0.0
0.0
0.0
0.0
0.0
0.0
0.0
0.0
0.0
2.37170824512628466112
14.0312152004022809993
47.7297077300919566899
123.123413695365020784
0.0
0.0
0.0
0.0
0.0
0.0
1.36930639376291541525
8.10092587300982597738
27.5567596063107536726
71.0853360405646522271
0.0
0.0
0.0
0.0
0.0
0.0
0.0
0.0
0.0
0.0
0.0
0.0
0.0
0.0
0.0
0.0
