0.0
2.23606797749978984926
-6.61437827766147711199
13.500000000000001786
-23.2163735324878009635
0.790569415042094887042
-6.54790042685439786199
15.9099025766973207788
-29.3150984988964364958
-2.29128784747792010693
12.9903810567665802684
-28.7228132326901440673
4.50000000000000018531
-21.5580611373100997536
-7.41619848709566397198
1.36930639376291541525
-11.3412962222137564763
27.5567596063107569326
-50.7752400289747567449
-3.96862696659688637734
22.5000000000000027514
-49.7493718553310029794
7.79422863405994844886
-37.3396572024971890318
-12.8452325786651303266
-5.1234753829797998618
29.0473750965556303924
-64.2261628933256523145
10.0623058987490549501
-48.2052901661218151292
-16.5831239517770008136
11.9058808997906607935
-57.0372685180488080113
-19.6214168703485880926
-22.2485954612869992868
0.0
2.23606797749978984926
-6.61437827766147711199
13.500000000000001786
-23.2163735324878009635
0.790569415042094887042
-6.54790042685439786199
15.9099025766973207788
-29.3150984988964364958
-2.29128784747792010693
12.9903810567665802684
-28.7228132326901440673
4.50000000000000018531
-21.5580611373100997536
-7.41619848709566397198
1.36930639376291540213
-7.98414620528089360412
18.6745755475701222646
-33.9415989765640532876
-3.28335158897510131967
15.5067368318365392252
-33.4276470482496904805
5.99975646843636149338
-25.4364754622773303463
-9.51819213870689939928
-2.46941525788462758274
6.11975372079685480411
-11.3532253642304919233
3.71238094990287002988
-9.40147619687009021448
-5.18088009088124941407
-0.990868119893857760152
13.4052230231952857393
2.60102069442071766492
9.53511234055156793236
0.0
2.23606797749978984926
-6.61437827766147711199
13.500000000000001786
-23.2163735324878009635
0.790569415042094887042
-6.54790042685439786199
15.9099025766973207788
-29.3150984988964364958
-2.29128784747792010693
12.9903810567665802684
-28.7228132326901440673
4.50000000000000018531
-21.5580611373100997536
-7.41619848709566397198
1.36930639376291537725
-1.62018517460196515051
1.83711730708738366467
-2.03100960115899000987
-1.9843134832984431336
2.25000000000000019841
-2.48746859276654997674
2.59807621135331607751
-2.87228132326901439305
-3.21130814466628249251
2.56173769148989971759
-14.5236875482778139869
32.1130814466628234833
-5.03115294937452705611
24.1026450830609055576
8.29156197588849971639
-5.95294044989532938243
6.58122329054409195459
7.35803132638071928099
-8.3432232979826205707
0.0
2.23606797749978984926
-6.61437827766147711199
13.500000000000001786
-23.2163735324878009635
0.790569415042094887042
-6.54790042685439786199
15.9099025766973207788
-29.3150984988964364958
-2.29128784747792010693
12.9903810567665802684
-28.7228132326901440673
4.50000000000000018531
-21.5580611373100997536
-7.41619848709566397198
1.36930639376291535236
4.74377585607696330311
-15.0003409333953549353
29.8795797742460732678
-0.685275377621784947521
-11.0067368318365388283
28.452709862716590527
-0.803604045729729338364
19.6919128157393015602
3.09557584937433441425
7.59289064086442660655
-5.28982871803811953161
1.26054262385074024633
-9.46227003490232861865
5.16364848995827737992
11.103424359373033357
14.5975891482260385343
-28.448019115867495179
-19.4193780118623609059
9.53511234055156793244
0.0
2.23606797749978984926
-6.61437827766147711199
13.500000000000001786
-23.2163735324878009635
0.790569415042094887042
-6.54790042685439786199
15.9099025766973207788
-29.3150984988964364958
-2.29128784747792010693
12.9903810567665802684
-28.7228132326901440673
4.50000000000000018531
-21.5580611373100997536
-7.41619848709566397198
1.36930639376291533924
8.10092587300982617524
-23.8825249921359896033
46.7132208266567767251
1.10151559477437244763e-16
-18.0000000000000023545
44.7744346697979030259
-2.59807621135331629384
31.5950945559591602457
6.42261628933256534156
10.2469507659595983371
11.6189500386222538397
-44.9583140253279591575
-10.0623058987490531347
-25.9566947048348260659
8.29156197588849816297
35.7176426993719709614
4.38748219369607602791
-39.2428337406971620708
88.9943818451479497694
0.0
2.23606797749978984926
-6.61437827766147711199
13.500000000000001786
-23.2163735324878009635
0.790569415042094887042
-3.64052322787518034708
8.21770554073875875337
-14.7367377093201547269
-0.708712152522080171897
-0.0612965567716381008321
1.26299538468797932005
-1.25771093832188574396
8.49750488123664865785
3.84173538722931143145
1.36930639376291541525
-9.66272121374732504795
23.1156675769404396074
-42.3584195027694050259
-1.91280083373153122205
4.20365245650778376291
-7.45917503258189829368
-1.31351864390726480095
12.049126548349645089
6.42261628933256539578
-4.23878867461474244706
20.7119729029386989403
-44.8783785786087273869
1.13745433932650262732
4.03978154707055865358
6.89361062110248781123
8.14921463838378245738
-33.8547362741481175593
2.80305955290694061942
-12.5989378547227317608
0.0
2.23606797749978984926
-6.61437827766147711199
13.500000000000001786
-23.2163735324878009635
0.790569415042094887041
-2.77280398722223068375
5.92193622214524612372
-10.3857631750432588685
-0.23638562372318946732
-2.75583860642576146595
7.22546830697877262401
-2.19619031163753560101
10.6446108103096069363
3.70769149311234225434
1.36930639376291539328
-4.80263738529846767917
10.2570944159380601255
-17.988669494552784096
-0.409431910467422893213
-0.249013395369083379941
1.26097557755403214532
-2.23667080950017839995
8.44224896346374203252
3.6955655788475330075
-0.528574323548738373797
-2.65778193024392136892
7.43940280383815100416
-0.86422836908032457789
-2.00428027252680124165
-0.257181882719568384041
-3.41657109641090727057
12.8957483035783596133
-3.27898739453803997383
4.37712143066501101302
0.0
2.23606797749978984926
-6.61437827766147711199
13.500000000000001786
-23.2163735324878009635
0.790569415042094887041
-2.77280398722223068375
5.92193622214524612372
-10.3857631750432588685
-0.23638562372318946732
-2.75583860642576146595
7.22546830697877262401
-2.19619031163753560101
10.6446108103096069363
3.70769149311234225434
1.36930639376291536121
1.56226703609453737816
-6.58285980176329279621
13.9266502922348040763
0.889798764032365837252
-0.295671418607239471409
-0.658803858566034929146
-1.0620690406452586169
-4.79535484215520442482
-0.917808835698980515745
4.50332444167077239882
-8.36341882533984209882
13.74722172751866488
2.88752959871415067553
-6.1520047669936519358
-6.58974944136317975053
2.63102381632081229051
-12.027293109197337697
2.29067005937757530538
-5.231243287178008612
0.0
2.23606797749978984926
-6.61437827766147711199
13.500000000000001786
-23.2163735324878009635
0.790569415042094887042
-3.64052322787518034708
8.21770554073875875337
-14.7367377093201547269
-0.708712152522080171897
-0.0612965567716381008321
1.26299538468797932005
-1.25771093832188574396
8.49750488123664865785
3.84173538722931143145
1.36930639376291533924
6.42235086454339474694
-19.4414329627656722781
38.2964003004514250062
1.37055075524357005301
-3.58879866104304073345
6.77942858575440657952
-1.00366145619985839584
-9.48738756043848119864
-2.86411125879043733308
8.47757734922948374703
6.29296915455452349612
-28.9375701505692647236
4.61243474567295690478
0.198046159841248406285
-7.29376679697277633134
24.4476439151513395562
-2.18244678130623013511
19.520397441105470367
50.3957514188909002141
0.0
2.23606797749978984926
-6.61437827766147711199
13.500000000000001786
-23.2163735324878009635
0.790569415042094887042
1.87082869338697083107
-6.36396103067892838067
12.8986433395144322345
2.29128784747792002743
-7.79422863405994758191
15.797547277979577882
-1.12500000000000022652
-4.97493718553310064356
-5.56214886532174729886
1.36930639376291541525
-6.48074069840786083586
14.6969384566990703241
-26.4031248150668734055
1.98431348329844325752
-15.7500000000000020112
36.068294595114977298
-4.54663336986830277725
1.43614066163450499946
-8.02827036166570677308
-2.5617376914898999309
8.7142125289666891085
-17.6621947956645543199
-7.54672942406179121256
31.5188435701565713976
-2.07289049397212661639
2.97647022494766519837
-8.7749643873921242704
12.2633855439678674813
-2.78107443266087491084
0.0
2.23606797749978984926
-6.61437827766147711199
13.500000000000001786
-23.2163735324878009635
0.790569415042094887042
2.73936493436400516764
-8.66189192895102823001
17.25371453021894571
2.76405909492429876147
-6.98163123493779469039
13.0354241155771302489
0.215238753449858339216
-9.25383367314006647856
-6.23840357034987482799
1.36930639376291537725
-1.62018517460196515051
1.83711730708738366467
-2.03100960115899000987
3.48826011303194332316
-3.95531518602367754548
4.37276546654510273731
2.00085724304650966849
-2.21203091141673774904
-2.81539910667224049335
1.14872526485776527756
-3.63883903725463132399
7.25149366037082314862
3.96595346120498624612
-15.0508596692934834418
2.96918943550716841112
-1.19700114997572731058
1.32333456269780633407
-5.86524195213296771947
-0.752278086954619711499
0.0
2.23606797749978984926
-6.61437827766147711199
13.500000000000001786
-23.2163735324878009635
0.790569415042094887042
1.87082869338697083107
-6.36396103067892838067
12.8986433395144322345
2.29128784747792002743
-7.79422863405994758191
15.797547277979577882
-1.12500000000000022652
-4.97493718553310064356
-5.56214886532174729886
1.36930639376291533924
3.24037034920393053485
-11.0227038425243029948
22.3411056127488933858
3.96862696659688614327
9.00000000000000141592
-28.6058888168153273678
5.84567147554496139145
-2.87228132326901283217
1.60565407233314153289
5.12347538297979916855
8.32139899172739280828e-16
-8.02827036166570774139
17.6090353228108438934
3.70809924354783506845
22.8017954336933767986
8.92941067484299274035
-4.38748219369605872545
39.2428337406971639117
11.1242977306434937212
0.0
2.23606797749978984926
-6.61437827766147711199
13.500000000000001786
-23.2163735324878009635
0.790569415042094887042
7.38218061464912200921
-20.9456276020966155147
40.5340243883490191958
5.29128784747792049931
6.74206395739445162387
-25.0618977774883868518
13.4719966526076021776
-7.78679956901763582382
18.4068600740576834462
1.36930639376291541525
-3.29876018306839662378
6.27820933645770104085
-10.4478301273643417852
5.88142780032841767807
-16.4179381707934990521
31.6231556480283840352
10.5923622558833959834
-38.7203102644190700825
6.42261628933257157761
-0.884686708365057414741
1.6960021715470732115
-2.83248528500461461795
-5.44987115307609729116
11.3223438904847436393
-16.3696814506893474196
0.354986004323832469589
-0.618338104892371248678
2.80305955290694101529
-0.114545266012696611892
0.0
2.23606797749978984926
-6.61437827766147711199
13.500000000000001786
-23.2163735324878009635
0.790569415042094887042
7.38218061464912200921
-20.9456276020966155147
40.5340243883490191958
5.29128784747792049931
6.74206395739445162387
-25.0618977774883868518
13.4719966526076021776
-7.78679956901763582382
18.4068600740576834462
1.36930639376291533924
0.0583898338644663227668
-2.60397472228293371151
6.38581092504636176542
6.56670317795020229254
2.30308437532875483212
-16.0185976446015924606
17.7055799577568913018
7.4357580438177585987
34.9771927054532662326
1.76937341673011459007
-1.31341913800212789701
0.494555154953615875746
11.1997602380755556348
-7.08451618357293420243
36.9064881394317055902
1.0649580129714970683
-0.951469071333804231601
8.51019808796393178047
0.458181064050786203647
0.0
2.23606797749978984926
-6.61437827766147711199
13.500000000000001786
-23.2163735324878009635
0.790569415042094887041
10.2895578136283395241
-28.6378246380551775401
55.1123851779253009647
6.87386354243376079775
23.38268590217984332
-68.9347517584563440849
27.0000000000000044452
36.4828726939093973562
74.1619848709566462484
1.36930639376291541525
-1.62018517460196519548
1.83711730708738371566
-2.03100960115899006624
7.93725393319377275469
-9.00000000000000104345
9.94987437106620018312
25.980762113533163798
-28.7228132326901472724
64.2261628933256628115
0.0
0.0
0.0
0.0
0.0
0.0
0.0
0.0
0.0
0.0
0.0
2.23606797749978984926
-3.18800138955255201382
0.939204686349360846359
3.55568039157357245997
0.790569415042094887042
-4.6096489608682528628
3.18198051533946452918
3.1224114667723271456
-1.89564392373896009833
6.29344591598855499569
-0.596393638615979517319
3.08011361623580587882
-6.91603178645050483553
-4.19964595157424252893
1.36930639376291541525
-7.98414620528089363828
5.5113519212621520333
5.40817530258533205241
-3.28335158897510133869
10.9005680811790302199
-1.03298408339374856631
5.33491327640512278261
-11.9789184408936224824
-7.27400016192753265153
-4.23878867461474244706
14.0725728808688407524
-1.33357671729377390888
6.88734342432596247288
-15.4647172090526391712
-9.39069382915179582438
8.14921463838378245737
-18.2981001663658098488
-11.1112187823846533821
-12.5989378547227317607
0.0
2.23606797749978984926
-2.16538445749964790075
-1.35374149491234964805
5.08268606926292434945
0.790569415042094887042
-4.03116946709961975713
0.412738062376754160575
6.11716178061076041023
-1.77756229153923741845
4.6549529900045789871
3.60705325372267288818
2.70833802883047833782
-4.02385046827700095234
-3.46271601771152359687
1.36930639376291539328
-2.62308443966003814797
-0.474954741076117651846
4.82842527412955347973
-2.18902943853215461876
2.60157369111132751614
3.49933818198432639508
2.88335309286001336211
-1.69996382025498897447
-3.39758955982367426795
-0.528574323548738373797
-3.73280999834200411863
-0.468067025279972484917
0.0667732476739225493141
4.12382184105802070954
0.386776749428532104173
-3.41657109641090727057
4.42704204370161399843
4.29565375688692117918
4.37712143066501101302
0.0
2.23606797749978984926
-2.16538445749964790075
-1.35374149491234964805
5.08268606926292434945
0.790569415042094887042
-4.03116946709961975713
0.412738062376754160575
6.11716178061076041023
-1.77756229153923741845
4.6549529900045789871
3.60705325372267288818
2.70833802883047833782
-4.02385046827700095234
-3.46271601771152359687
1.36930639376291536121
3.7418199817329668583
-2.21228472587177415306
-3.5919236805894573928
-0.889798764032365806185
-5.3723107209006500255
-0.513507813772850279199
0.243966287143540860292
5.99431583100619691273
0.398789522394208832158
4.50332444167077239881
0.795558368341064979894
-5.3479742998864678976
-5.04437732369582166919
-2.89467453438697817117
5.28788106986855128643
2.63102381632081229049
-5.50573472963739066278
-3.54238908299419129458
-5.23124328717800861202
0.0
2.23606797749978984926
-3.18800138955255201382
0.939204686349360846359
3.55568039157357245997
0.790569415042094887042
-4.6096489608682528628
3.18198051533946452918
3.1224114667723271456
-1.89564392373896009833
6.29344591598855499569
-0.596393638615979517319
3.08011361623580587882
-6.91603178645050483553
-4.19964595157424252893
1.36930639376291533924
8.10092587300982606343
-7.65187170504581951499
-3.20722373912572655135
9.11315337976727015371e-17
-12.3204544649432244946
4.18739257292253092959
-1.77830442546837435959
14.8364120339075009785
3.63700008096376642671
8.47757734922948374703
19.5717691986942380752
-13.5505482643740402948
-6.88734342432596123032
-26.5317423066897848187
4.69534691457589664155
24.4476439151513395561
44.4874615420406780759
-22.2224375647692987715
50.395751418890900214
0.0
2.23606797749978984926
-2.16538445749964790075
-1.35374149491234964805
5.08268606926292434945
0.790569415042094887041
-0.256073027467452578897
-0.617691902608155385018
1.12295805736565510195
0.27733993221549323963
-2.73264057533944619453
-1.16686931896400560529
-1.72573273859698386665
0.892783272031003501475
1.01061471196783720112
1.36930639376291541525
-4.80263738529846772936
0.119964276588976520083
7.71183013813294637148
-0.409431910467422865677
-3.79627000931105328763
-0.635000041662301002671
-2.74867319973619752759
3.03426469402075076589
2.38348592766040281951
-2.82602485326426911538
4.52677070278263376371
4.86934067064407499835
-1.91620348292857081285
6.32260729381757062046
4.26668258785340642802
3.6222980313537239292
-2.38886379240917415403
4.73795169796366543588
-3.73367548763302317308
0.0
2.23606797749978984926
-1.653594569415369278
-2.24999999999999969862
5.07858171023170568741
0.790569415042094887041
0.467707173346742699979
-0.79549512883486595857
0.146575492494482093587
0.572821961869479933988
-2.59807621135331588267
-2.51324615786038734079
-1.68750000000000018577
-0.725511672890243929666
0.2317562027217397427
1.36930639376291537725
0.810092587300982575253
-1.37783798031553766918
0.253876200144873622719
0.992156741649221566799
1.12500000000000009921
-0.855067328763501560573
-0.974278579257493529065
-1.61565824433882059609
-0.301060138562464051478
1.2808688457449498588
-1.45236875482778141251
-2.91024800610381834854
1.25778823734363176403
-2.54931822993913432414
-1.68422352635235132877
-1.48823511247383234561
-2.46795873395403448297
-2.75926174739276973037
-1.04290291224782757134
0.0
2.23606797749978984926
-2.16538445749964790075
-1.35374149491234964805
5.08268606926292434945
0.790569415042094887041
-0.256073027467452578897
-0.617691902608155385018
1.12295805736565510195
0.27733993221549323963
-2.73264057533944619453
-1.16686931896400560529
-1.72573273859698386665
0.892783272031003501475
1.01061471196783720112
1.36930639376291533924
5.92137292737139643969
-2.80720374353686832499
-6.47532854459285028456
1.77959752806473165195
5.02932634238570223269
-0.69377890972368289568
0.515585093580801568072
-6.10068204178845231548
-2.14131781331348535397
5.65204970652853746599
12.156464072671292821
-3.35264861200087560578
6.89380755895046974704
18.4202807435918640328
-0.83011076261113600626
10.8668940940611683134
22.2850380481595718962
17.5066473660559223262
14.9347019505320847416
0.0
2.23606797749978984926
-2.16538445749964790075
-1.35374149491234964805
5.08268606926292434945
0.790569415042094887041
5.25609589411878327249
-2.12226380419762644689
-6.16927804615075196507
3.27778465086298156178
5.24633023477697488461
-2.48731973306904057763
3.98870732181283575996
1.57804854912726284179
0.269834499246945329927
1.36930639376291541525
-1.62018517460196521967
-0.748700715808851746263
3.50165566077344094246
3.48826011303194346387
-4.86016300370770717456
-5.79138964047211968521
1.87025371026763014294
-9.3843703067874635346
-4.27338441992211984088
-1.14872526485776537321
0.134378508512260351748
1.46574183946588170471
-4.47177876861344315263
-0.389429133185935728041
-7.23650497999011471122
0.598500574987863757268
0.327340981206892670806
3.04319546133567033365
-0.250759362318206695586
0.0
2.23606797749978984926
-2.16538445749964790075
-1.35374149491234964805
5.08268606926292434945
0.790569415042094887041
5.25609589411878327249
-2.12226380419762644689
-6.16927804615075196507
3.27778465086298156178
5.24633023477697488461
-2.48731973306904057763
3.98870732181283575996
1.57804854912726284179
0.269834499246945329927
1.36930639376291533924
2.73892071667489393001
-1.93853875113904005865
-2.26515406723334485554
4.37805887706430902468
11.9393177600010257576
-1.83732251277632476405
7.77389880930110083041
22.6274647055291229862
9.2478194333401642703
2.29745052971553043556
3.23570351171785031052
-1.87634016857257348674
9.44938284463534162577
18.7267406920333565651
19.0206829945321777077
1.79550172496359069778
2.96003946873226921684
9.35073535454538003657
1.00303744927282624836
0.0
2.23606797749978984926
-3.18800138955255201382
0.939204686349360846359
3.55568039157357245997
0.790569415042094887041
9.32043208063526700838
-8.21770554073875899656
-4.33874296708955789689
5.6869317712168806896
23.7989684632753154425
-12.7163724592288380198
18.4806816974148375544
52.4107475728149262088
41.9964595157424289863
1.36930639376291541525
0.0583898338644662141967
-1.07025989189183377055
1.10047578172980278108
6.56670317795020267738
2.83977276752838862823
-6.30881697905756490165
17.7830442546837441842
14.2874679650693941428
36.3700008096376695879
0.0
0.0
0.0
0.0
0.0
0.0
0.0
0.0
0.0
0.0
0.0
2.23606797749978984926
3.30718913883073855599
-2.24999999999999984433
-5.8040933831219500069
0.790569415042094887042
-0.93541434669348543111
-6.36396103067892851805
-4.69041575982342981225
-1.14564392373896005346
-1.29903810567665799799
5.0264923157207751418
1.12500000000000004633
2.90204669156097483406
-0.927024810886957996498
1.36930639376291541525
-1.62018517460196524944
-11.0227038425243031308
-8.12403840463596103227
-1.98431348329844318867
-2.25000000000000022518
8.70614007468292540018
1.94855715851498711222
5.02649231572077521662
-1.60565407233314129082
-2.5617376914898999309
-2.90473750965556297474
11.2395785063319889985
2.51557647468726373752
6.48917367620870558589
-2.0728904939721251017
2.97647022494766519837
7.67809383896810841948
-2.45267710879357351157
-2.78107443266087491085
0.0
2.23606797749978984926
4.33076891499929580152
-0.289848500515696021078
-6.94888966129331800651
0.790569415042094887042
-0.356390186042129209939
-6.12689006237664786555
-8.1300616469773257634
-1.02745111187736537695
-1.8861708055266946415
3.00358800525211327154
0.904847817684029427728
3.02216232275074075193
-0.668691632848550966696
1.36930639376291537725
3.74181998173296674119
3.30070131715030566296
-0.979851369279407629109
-0.889798764032365842245
-3.4431674688307346664
-5.31219106424428789079
0.522414131115519812374
2.60812341649844557074
-0.289551970672470955698
1.14872526485776527756
2.10880306916661262527
-3.35811347807336032545
-1.01165061481691306832
-3.37888019635465779059
0.747619973517345553111
-1.19700114997572731058
-5.97596148894548222274
0.66344691161511579127
-0.752278086954619711499
0.0
2.23606797749978984926
3.30718913883073855599
-2.24999999999999984433
-5.8040933831219500069
0.790569415042094887042
-0.93541434669348543111
-6.36396103067892851805
-4.69041575982342981225
-1.14564392373896005346
-1.29903810567665799799
5.0264923157207751418
1.12500000000000004633
2.90204669156097483406
-0.927024810886957996498
1.36930639376291533924
8.10092587300982585146
14.6969384566990699842
4.06201920231798011595
5.50757797387186223816e-17
-4.50000000000000037006
-16.7904130011742133586
-0.649519052838329073461
0.718070330817253569473
0.802827036166570667694
5.12347538297979916855
23.2379000772445018544
42.5498329168282424467
-2.51557647468726328368
-15.7594217850782834775
1.03644524698606227037
8.92941067484299274035
44.971692485384623564
-4.90535421758714525885
11.1242977306434937212
0.0
2.23606797749978984926
4.33076891499929580152
-0.289848500515696021078
-6.94888966129331800651
0.790569415042094887041
3.4187062535900379683
5.92193622214524588071
3.21645464575972878795
1.0274511118773653413
2.93099906775773421705
1.56520093830210760528
-0.226211954421007393165
-1.69006554758436741266
-0.501518724636413163697
1.36930639376291541525
1.56226703609453725468
-3.65569178163744822494
-7.53076560525562085615
0.889798764032365897813
0.728624015778646373783
-6.55787080469798117595
-0.914224729452159599589
-4.88794492359361481006
-0.723879926681177438095
-1.14872526485776537321
-3.27695657874740323212
-1.74994784824498334988
-1.51747592222536972883
-5.4862525650623314591
-0.186904993379336540413
0.598500574987863757267
2.49347661319484362232
1.10574485269185983362
-0.250759362318206695586
0.0
2.23606797749978984926
4.33076891499929580152
-0.289848500515696021078
-6.94888966129331800651
0.790569415042094887041
3.4187062535900379683
5.92193622214524588071
3.21645464575972878795
1.0274511118773653413
2.93099906775773421705
1.56520093830210760528
-0.226211954421007393165
-1.69006554758436741266
-0.501518724636413163697
1.36930639376291533924
5.9213729273713962277
10.2570944159380595509
5.57106286669680559793
1.77959752806473162892
9.60087839071355762543
22.4944439974308448483
1.17543179500991962149
6.1920066318428381731
0.144775985336235503692
2.29745052971553043556
10.0583736862371765551
18.8240796754449967087
3.54077715185919557766
19.7667938273178436464
2.05595492717270050355
1.79550172496359069778
9.45844636469611999383
3.53838352861395038302
1.00303744927282624836
0.0
2.23606797749978984926
3.30718913883073855599
-2.24999999999999984433
-5.8040933831219500069
0.790569415042094887041
7.48331477354788326194
15.9099025766973206414
5.86301969977928682111
3.43693177121688039887
19.4855715851498709717
43.084219849035216878
6.75000000000000111129
38.1411850890871026348
9.27024810886958078106
1.36930639376291541525
3.24037034920393039095
1.83711730708738347771
-2.03100960115899051453
3.96862696659688637734
13.5000000000000015652
16.1685458529825763655
6.4951905283832909495
28.7228132326901472724
8.02827036166570785144
0.0
0.0
0.0
0.0
0.0
0.0
0.0
0.0
0.0
0.0
0.0
2.23606797749978984926
9.80237966721402912581
21.5607953136506425486
29.6105675119804281963
0.790569415042094887042
2.73882026748128200059
3.18198051533946329705
-3.45744116390257362447
-0.395643923738960008593
-2.21075472671905811191
-5.96882081457033969177
0.13417209804990856741
0.993487517958718694861
-0.0381817553375655246479
1.36930639376291541525
4.74377585607696313941
5.51135192126214989919
-5.9884637600593318537
-0.685275377621785038652
-3.82913950975045753173
-10.3383009121104816649
0.232392890780554729619
1.72077085778999826627
-0.0661327401668276556218
-0.884686708365057414741
-4.9433978505227849764
-13.3466890868949478838
0.300017931923362554405
2.22150562495323830562
-0.0853770004350619390058
0.354986004323832469589
2.6285209031655865604
-0.101019429243111426377
-0.114545266012696611892
0.0
2.23606797749978984926
9.80237966721402912581
21.5607953136506425486
29.6105675119804281963
0.790569415042094887042
2.73882026748128200059
3.18198051533946329705
-3.45744116390257362447
-0.395643923738960008593
-2.21075472671905811191
-5.96882081457033969177
0.13417209804990856741
0.993487517958718694861
-0.0381817553375655246479
1.36930639376291533924
8.1009258730098256395
26.0230447759196545493
58.3346271991554587731
1.90201005476071547189e-17
-0.536688392199634192844
-4.18739257292252963362
-0.0774642969268515808398
-0.475005417562427845055
0.0330663700834138287287
1.76937341673011459007
11.9653809061375866821
42.9110798727514761106
-0.300017931923362500279
-2.60332317832889311414
0.0426885002175309579506
1.0649580129714970683
8.78910795284006608156
-0.202038858486222780088
0.458181064050786203648
0.0
2.23606797749978984926
9.8023796672140291258
21.5607953136506425485
29.6105675119804281962
0.790569415042094887041
5.6461974664604995155
20.9456276020966140393
52.2479896567145901314
1.18693177121688010814
8.4914073064016126102
32.4120158187877936177
0.805032588299451503852
6.81469511210293231427
0.381817553375655280095
1.36930639376291541525
6.42235086454339456771
15.7671983485909026618
26.173081719548064186
1.37055075524357007731
8.73165580390018369151
29.0513869700660234035
0.774642969268515834031
6.22882720113785283084
0.330663700834138335664
0.0
0.0
0.0
0.0
0.0
0.0
0.0
0.0
0.0
0.0
0.0
2.23606797749978984926
13.228756555322954224
45.000000000000003881
116.081867662438999463
0.790569415042094887042
4.67707173346742699977
15.9099025766973188966
41.0411378984550069282
0.0
0.0
0.0
0.0
0.0
0.0
1.36930639376291541525
8.10092587300982597738
27.5567596063107536726
71.0853360405646522271
0.0
0.0
0.0
0.0
0.0
0.0
0.0
0.0
0.0
0.0
0.0
0.0
0.0
0.0
0.0
0.0
