-2.49999999999999987745
-6.7565024887242412449
2.6666666666666681256
-1.41016417794242753736
0.371720620026433313337
-6.75650248872424008551
-2.99297625679872034964e-16
1.55139600324635506734e-15
2.48668415695269232348
2.66666666666666575405
8.36893652459274124151e-16
2.13595994441921321634
-1.41016417794242588446
2.48668415695269212168
0.371720620026432987589
-6.75650248872424084455
-6.03220295897614600939e-16
1.05530230704791756047e-15
2.48668415695269205191
-2.0286403964819416575e-15
-1.28501138873003947038e-15
10.5189511216489725668
1.57377704227788338316e-15
10.5189511216489711975
2.48668415695269261297
2.66666666666666659492
-1.32384613590526235681e-15
2.13595994441921303882
-1.00922648276340279265e-16
10.5189511216489698657
2.13595994441921344805
-1.41016417794242733151
2.48668415695269202734
2.48668415695269199238
0.371720620026432716311
-0.322916644340236572009
-1.06743416619376942383e-16
-1.74574312188793933837
0.763762615825973460966
-0.71082395110036174669
3.4907200284141981088
9.66001616594872318023e-17
-2.14441136699365005329e-16
-0.287499973697910242332
-1.45382179161928704202
2.0540318915492394923e-16
-1.4862010645572530728
0.7145659754870429425
0.60520416615379701977
-0.0245521645146581014925
3.49072002841419803352
2.9844225392060127874e-16
-1.79398632491549261858e-16
-0.287499973697910517062
-0.279621385668020133312
-3.54756173215673741056e-16
-6.52157297775217862094
-0.1085902053358559985
1.893021987382062049
1.58674908161683047887
-1.4538217916192867692
-1.93227925510088289268e-16
-1.48620106455725264595
-0.108590205335856951661
1.89302198738206158158
2.23099173980472314134
0.714565975487042042737
0.605204166153796192947
1.58674908161682994421
-0.0245521645146579939278
0.106844180452996229112
1.3365845776954532799
-1.92059379534182749445e-21
-1.33658457769545327989
-0.106844180452996229114
-1.59287656706876449855
2.21573111768722794978e-17
-2.21685766332205420523e-17
1.59287656706876449856
-0.0994210136591782299287
2.62818009009266732267e-21
0.0994210136591782299265
0.464264161823859395209
-0.464264161823859395214
2.08722552104692015755e-21
-1.59287656706876458271
-1.32571276050803335139e-16
1.32564028799653462422e-16
1.59287656706876458271
-3.29976668620754684796
-1.23994892412971025539e-20
3.29976668620754684796
3.0117118365315417643
-3.01171183653154176429
-6.59359168084651478941e-22
-0.099421013659178255194
-6.12653747459429621249e-21
0.0994210136591782551945
3.01171183653154218443
-3.01171183653154218442
9.41245064519237049715e-22
0.464264161823859641285
-0.464264161823859641286
-1.11010384753738702906e-21
4.10195581792156614565e-22
0.710823951100361746698
-0.763762615825973460971
1.74574312188793933837
1.06734061481299336288e-16
0.322916644340236572023
0.287499973697910242321
2.14436502263349915218e-16
-9.65679201222269642543e-17
-3.49072002841419810881
1.48620106455725307281
-2.05395484184946875253e-16
1.45382179161928704202
-0.605204166153797019767
-0.7145659754870429425
0.0245521645146581014904
0.28749997369791051705
1.79395887533521923204e-16
-2.98420181558838914372e-16
-3.49072002841419803353
6.52157297775217862092
3.54772658462593567294e-16
0.279621385668020133324
-1.89302198738206204901
0.108590205335855998467
-1.58674908161683047888
1.48620106455725264594
1.93221003776048461561e-16
1.4538217916192867692
-1.89302198738206158162
0.108590205335856951625
-2.23099173980472314135
-0.605204166153796192954
-0.714565975487042042736
-1.58674908161682994421
0.024552164514657993925
-0.371720620026433313337
1.41016417794242753738
-2.66666666666666812562
6.75650248872424124493
2.49999999999999987741
-2.4866841569526923235
-1.5514457179053994012e-15
2.99347291197282712237e-16
6.75650248872424008563
-2.13595994441921321631
-8.3696249066173769346e-16
-2.66666666666666575409
-2.48668415695269212166
1.41016417794242588446
-0.371720620026432987587
-2.48668415695269205194
-1.05533565204053836571e-15
6.03346765375888097858e-16
6.7565024887242408446
-10.5189511216489725668
1.28487573191975815083e-15
2.0287436215523378385e-15
-10.5189511216489711974
-1.573890286019011602e-15
-2.48668415695269261297
-2.13595994441921303885
1.32382775191214321412e-15
-2.66666666666666659492
-10.5189511216489698657
1.0079512161035865421e-16
-2.13595994441921344805
-2.48668415695269202733
1.41016417794242733152
-2.48668415695269199237
-0.371720620026432716323
0.514903595642956564377
-2.41013805983789366301
2.01253284601971897373
-1.56901055103678936175
0.914391682148438598851
-7.49697600950091405375
-4.7458537877945266034
1.76426222586456741905
0.134916303415327052599
-1.60018944162323056241
0.405521899485314625
-1.65816720152367812158
0.174765402721534710297
-0.328985293082752962902
-0.471893290382968680751
-2.41013805983789345566
4.36624255988592009054e-17
-1.61735280846495621644e-17
1.5558807864860783382
-4.74585378779452731598
-5.35374489987157478067e-16
1.89302198738206138613
0.405521899485313622784
-6.52157297775217937866
-0.328985293082753800344
2.0125328460197181081
-5.34681650462218425032e-16
2.17227979404158719205
1.76426222586456644859
1.89302198738206125758
-1.65816720152367842036
-1.56901055103678925749
1.5558807864860781923
0.134916303415327057624
0.914391682148438178882
-0.146202821239288706952
0.661277359772835643262
-0.755745554026097884371
0.661277359772835603663
-0.186800697138968012871
1.48604061554094175334
0.20370982693153356709
-1.52729882556260878183
0.323153760636485025331
1.41988692900523362357
2.30829363616351149904e-17
1.0826939054395348696
-0.184722162260204743437
-0.069268777701867403371
0.177813942710324442863
0.110255760506294902303
-5.14832915875369463108e-17
2.10564914189648425992e-17
-0.32563801331823596424
2.21376004807754560617
1.26966815171011229934e-17
1.32510410927102276847
-0.163632415142776110027
1.32510410927102213055
-0.424488889227411080381
-0.917230462987783193397
1.1495025678455462567e-16
-0.986076051924640281029
-1.43574505075235766642
-1.00538998176416140233
-0.875751154940404245932
0.943848536750311847078
0.286420802533832481216
0.717207830208288772172
-0.341929263960236728686
0.186800697138968012868
-0.661277359772835603659
0.75574555402609788437
-0.661277359772835643259
0.14620282123928870695
-0.323153760636485025327
1.52729882556260878184
-0.203709826931533567081
-1.48604061554094175334
-1.0826939054395348696
-2.30711749578739297477e-17
-1.41988692900523362357
0.069268777701867403374
0.184722162260204743442
-0.177813942710324442866
0.325638013318235964247
-2.10498497184180430337e-17
5.14849359941424032676e-17
-0.110255760506294902302
-1.32510410927102276847
-1.26437884643831659859e-17
-2.21376004807754560616
-1.32510410927102213055
0.163632415142776110041
0.424488889227411080385
0.986076051924640281028
-1.14943540077313369614e-16
0.917230462987783193397
1.00538998176416140234
1.43574505075235766643
0.875751154940404245933
-0.286420802533832481214
-0.943848536750311847073
-0.717207830208288772168
0.341929263960236728684
-0.914391682148438598855
1.56901055103678936176
-2.01253284601971897374
2.41013805983789366302
-0.514903595642956564394
-0.134916303415327052587
-1.76426222586456741906
4.7458537877945266034
7.49697600950091405378
1.6581672015236781216
-0.405521899485314625029
1.60018944162323056239
0.328985293082752962904
-0.17476540272153471031
0.471893290382968680756
-1.5558807864860783382
1.61743652332885415008e-17
-4.36402457889636998102e-17
2.41013805983789345568
-1.89302198738206138608
5.35322957076429880455e-16
4.745853787794527316
6.52157297775217937873
-0.405521899485313622798
0.328985293082753800345
-2.17227979404158719205
5.34674188272018483547e-16
-2.0125328460197181081
-1.89302198738206125757
-1.76426222586456644859
1.65816720152367842038
-1.5558807864860781923
1.56901055103678925749
-0.134916303415327057623
-0.914391682148438178884
-0.465395025684694804311
0.388517976451696862075
0.610495870421631504657
-1.25557454532494090491
0.981026591342871022951
0.270961863491907768192
-3.79779040227056148729
3.08745889526299296255
-1.71983870714880035298
-7.77280629118870813526
-3.79779040227056140797
0.70991688408080953866
-1.06562271420354510185
1.98139454352046226982
-0.572239206137691054408
0.388517976451696818659
-3.65360721946871070765e-16
1.01574198423873236131e-17
0.779597351734605855409
-3.79779040227056219571
-4.47385855877152638752e-16
-3.01171183653154270845
-3.79779040227056073019
3.29976668620754917285
1.98139454352046246593
0.610495870421631385859
2.42428255907016620679e-17
1.0814302489778590249
3.08745889526299151701
-3.01171183653154241753
0.709916884080809780615
-1.25557454532494087915
0.779597351734605753052
-1.71983870714880053348
0.981026591342870841454
0.364614639849292410179
-0.392422538338352276222
4.89807345887861567809e-22
0.392422538338352276219
-0.364614639849292410176
-0.845999522033040169124
1.52729882556260881932
-1.52729882556260881932
0.845999522033040169125
2.17563248303133136916
2.51077139289927748524e-21
-2.17563248303133136916
0.824763255768106153029
-0.824763255768106153032
-1.18874607525523173859e-22
-0.0988508759091750605564
9.53860638788042086177e-17
-9.53877060624273726383e-17
0.0988508759091750605558
-0.163632415142775737798
-4.38343576121896606303e-22
0.163632415142775737798
2.21376004807754557333
-2.21376004807754557332
-1.96754883218770490289e-21
0.110324896984236183524
-2.26600476102143297156e-21
-0.110324896984236183524
-1.43574505075235757165
1.43574505075235757164
-1.03045180437868698137e-21
0.4307870276744563282
-0.4307870276744563282
2.24733360811953141284e-22
-4.96081032659479029388e-22
-0.981026591342871022962
1.25557454532494090493
-0.610495870421631504666
-0.388517976451696862067
0.465395025684694804306
1.719838707148800353
-3.08745889526299296257
3.7977904022705614873
-0.2709618634919077682
-0.709916884080809538671
3.79779040227056140801
7.77280629118870813529
-1.98139454352046226982
1.06562271420354510187
0.572239206137691054412
-0.779597351734605855412
-1.01512115109062784662e-17
3.65354664014270688255e-16
-0.388517976451696818655
3.01171183653154270847
4.47422105624571729623e-16
3.79779040227056219573
-3.29976668620754917285
3.79779040227056073023
-1.98139454352046246592
-1.08143024897785902489
-2.4239313376122497493e-17
-0.610495870421631385864
3.01171183653154241755
-3.08745889526299151704
-0.709916884080809780623
-0.779597351734605753054
1.25557454532494087915
1.71983870714880053349
-0.98102659134287084146
0.238930660717393265702
-0.0414853193848422402649
-0.171966136966425405192
-0.470287862738469158418
0.938943846663096663797
-0.588997213104439058494
0.405521899485315273705
1.76426222586456815136
-2.283576526523832332
0.145553680264709449394
-4.74585378779452803146
3.4663546376390066318
-7.49697600950091574176
-5.90085808825209413969
0.837820239983192788598
-0.0414853193848424454189
-1.48607664198580832164e-16
1.34823748507404103663e-16
-0.0308682951307518159507
0.405521899485315012735
-1.87996420974806882342e-16
0.108590205335857881236
-4.74585378779452934542
0.279621385668017706501
-5.90085808825209416195
-0.171966136966425410139
-1.74440977252146239048e-16
-0.0587119457631359313549
1.76426222586456687862
0.108590205335857042634
3.46635463763900575301
-0.470287862738469095472
-0.030868295130751594043
-2.28357652652383193339
0.938943846663096334543
-0.938943846663096663799
0.47028786273846915842
0.171966136966425405191
0.0414853193848422402675
-0.238930660717393265703
2.28357652652383233199
-1.76426222586456815135
-0.405521899485315273707
0.588997213104439058493
-3.46635463763900663179
4.74585378779452803145
-0.145553680264709449383
5.90085808825209413966
7.49697600950091574174
-0.837820239983192788594
0.0308682951307518159499
-1.34828891306142617171e-16
1.48608432196922154691e-16
0.0414853193848424454204
-0.108590205335857881244
1.88002882768264123122e-16
-0.405521899485315012725
-0.279621385668017706504
4.7458537877945293454
5.90085808825209416193
0.0587119457631359313534
1.74443949163686770479e-16
0.171966136966425410134
-0.108590205335857042628
-1.7642622258645668786
-3.46635463763900575299
0.0308682951307515940454
0.470287862738469095473
2.28357652652383193339
-0.93894384666309633454
-3.01587675798715457757e-21
1.89496123880680945964e-21
1.38684273089192693617e-21
6.15436875136896977873e-22
-3.95257232174081346303e-21
7.01684353122370132551e-21
-6.3813237218526756819e-21
-3.31971149576866311141e-21
9.49681761332460196596e-21
-1.54766493662344120085e-20
2.06851385253166567436e-20
-5.95922878814410838444e-21
2.73525783601609901915e-20
2.90540361281373681785e-20
-3.20325381329456908042e-21
-2.08033752074031780359e-21
4.63425339637956835423e-21
-4.53551220501740704384e-21
3.34341451099771493554e-21
-1.75317142473672452907e-21
6.81152385709178386226e-21
-5.79226781472174630748e-21
2.28569445741868914553e-20
2.39474027061306618455e-20
2.82518383801447362266e-20
2.38531039878427255061e-21
-3.05556711746739662285e-21
-4.65758688818180015795e-22
7.23952132559292531719e-22
-1.70243220821489696798e-20
-1.09056294127580698666e-20
8.2294632151922300072e-22
1.80054661252552784438e-21
7.46711355698222154391e-21
-3.7514655148597288246e-21
0.514903595642956172974
-2.41013805983789353265
2.01253284601971881837
-1.56901055103678951854
0.914391682148438425491
-2.41013805983789299291
-9.00432575072438677655e-16
4.81250800577242703171e-16
1.55588078648607847602
2.01253284601971775585
7.35583163903618401823e-17
2.17227979404158707379
-1.56901055103678843537
1.55588078648607834257
0.914391682148438113224
-7.49697600950091397547
-4.74585378779452803606
1.76426222586456766242
0.134916303415327481835
-4.74585378779452857128
1.44914781304744780418e-15
1.89302198738206246979
1.76426222586456699615
1.89302198738206210221
0.134916303415327969555
-1.60018944162323047966
0.405521899485315232832
-1.65816720152367862044
0.405521899485314702006
-6.52157297775217935706
-1.65816720152367869408
0.174765402721535204404
-0.328985293082752950481
-0.32898529308275304165
-0.471893290382968712602
-0.14620282123928870973
0.6612773597728356373
-0.755745554026097838135
0.661277359772835656646
-0.186800697138968055446
0.110255760506294967901
9.50344976140598326223e-17
-1.29373475489969828017e-16
-0.325638013318235854236
-0.917230462987783309877
1.57350740700525978154e-16
-0.986076051924640420637
0.943848536750312042147
0.286420802533832797098
-0.341929263960236752474
1.48604061554094180847
0.203709826931533819953
-1.52729882556260885352
0.323153760636485022165
2.21376004807754572467
-8.35222881937459827144e-17
1.32510410927102242115
-1.43574505075235740505
-1.00538998176416117421
0.717207830208288991352
1.41988692900523349747
-1.82369617381745861182e-16
1.08269390543953484925
-0.163632415142776129003
1.32510410927102230368
-0.875751154940404298245
-0.184722162260204544445
-0.0692687777018671142823
-0.42448888922741091122
0.177813942710324338904
0.186800697138968055448
-0.661277359772835656649
0.755745554026097838136
-0.661277359772835637301
0.146202821239288709732
0.325638013318235854235
1.29373473291164473425e-16
-9.50313842554569057318e-17
-0.110255760506294967905
0.986076051924640420639
-1.5734878086748263233e-16
0.917230462987783309876
-0.286420802533832797097
-0.943848536750312042149
0.341929263960236752474
-0.323153760636485022167
1.52729882556260885352
-0.203709826931533819948
-1.48604061554094180847
-1.32510410927102242115
8.35174415735896657328e-17
-2.21376004807754572467
1.00538998176416117421
1.43574505075235740505
-0.717207830208288991354
-1.08269390543953484925
1.82366982779768951563e-16
-1.41988692900523349747
-1.32510410927102230369
0.163632415142776129
0.875751154940404298244
0.0692687777018671142823
0.184722162260204544444
0.42448888922741091122
-0.177813942710324338904
-0.9143916821484384255
1.56901055103678951855
-2.01253284601971881838
2.41013805983789353266
-0.51490359564295617298
-1.55588078648607847602
-4.81253380525656058775e-16
9.00415675878248857229e-16
2.41013805983789299294
-2.1722797940415870738
-7.35555301133888569271e-17
-2.01253284601971775586
-1.55588078648607834257
1.56901055103678843537
-0.914391682148438113222
-0.134916303415327481833
-1.76426222586456766241
4.74585378779452803603
7.49697600950091397547
-1.89302198738206246978
-1.44911070067908820108e-15
4.74585378779452857127
-1.8930219873820621022
-1.76426222586456699614
-0.134916303415327969552
1.65816720152367862043
-0.405521899485315232822
1.60018944162323047965
6.52157297775217935708
-0.405521899485314702001
1.65816720152367869407
0.32898529308275295048
-0.174765402721535204395
0.328985293082753041651
0.4718932903829687126
-0.387466613957483236279
0.211965176132643031343
0.791501392153460428604
-1.41462851324623091155
1.02115330689065711148
0.112451984183783376054
-2.07250288969947229047
1.68486588370840597486
-0.390931883395912090637
-0.654303618632950630631
0.157567058145796955604
-1.14026098295767047926
0.129707728306271609358
-0.341811352403436645501
0.116762944887653503681
0.112451984183783278603
-2.07250288969947229975
1.68486588370840620168
-0.390931883395911912886
-9.77527401198213368558
-3.54914980605793464126
-0.227005047269950441769
-1.34243294185420273315
1.48267116741681997868
0.0340402690460438545893
-0.65430361863295043462
0.157567058145797210773
-1.14026098295767049584
-1.34243294185420258558
1.48267116741681952492
1.17996023490513171989
0.12970772830627145854
-0.341811352403436890675
0.0340402690460437638399
0.116762944887653669396
0.361726587629866014435
-0.41102313044415939181
3.62500704852941051492e-22
0.411023130444159391808
-0.361726587629866014433
-0.53577670685359440716
0.860656162191694138989
-0.860656162191694138991
0.535776706853594407162
-0.063279345145125287006
-7.1761746230302393831e-22
0.0632793451451252870069
-0.124753576409434992021
0.124753576409434992021
3.81780771743408432918e-22
-0.53577670685359435908
0.86065616219169418091
-0.86065616219169418091
0.53577670685359435908
1.90624951620870179259
-3.43322363292191807128e-21
-1.90624951620870179259
1.04559335401700754623
-1.04559335401700754623
5.76520263873157833213e-23
-0.0632793451451253254909
-7.02772449682841033353e-22
0.0632793451451253254908
1.04559335401700745905
-1.04559335401700745904
-2.99805571665983726253e-23
-0.124753576409434996988
0.124753576409434996987
-3.5690655543246874002e-22
3.08853760177631010775e-23
-1.02115330689065711148
1.41462851324623091155
-0.791501392153460428606
-0.211965176132643031343
0.38746661395748323628
0.390931883395912090642
-1.68486588370840597486
2.07250288969947229047
-0.112451984183783376061
1.14026098295767047926
-0.15756705814579695561
0.654303618632950630633
0.341811352403436645501
-0.129707728306271609357
-0.116762944887653503682
0.390931883395911912888
-1.68486588370840620168
2.07250288969947229975
-0.112451984183783278605
0.227005047269950441771
3.54914980605793464126
9.7752740119821336856
-1.48267116741681997869
1.34243294185420273316
-0.0340402690460438545898
1.14026098295767049585
-0.157567058145797210772
0.654303618632950434619
-1.48267116741681952492
1.34243294185420258557
-1.17996023490513171989
0.341811352403436890675
-0.12970772830627145854
-0.0340402690460437638413
-0.116762944887653669395
0.30356364202662170601
-0.0161733390852010413265
-0.154184931033030075811
-0.67735268592974474532
1.36308257085089404178
-0.531569631466564267676
0.157567058145797100074
1.68486588370840621915
-2.35847704999654319475
0.101441935393147435142
-2.07250288969947280134
1.70873185514124410834
-0.548825375589052420918
0.101709415626347870065
-0.241263792718194564781
-0.28911349159044144771
0.157567058145797240098
0.778384934494211488552
-1.10813971360420107147
0.184865883708406041782
-3.54914980605793452157
3.12061093446076446576
-9.97898383891366859804
-4.28626293777701948803
-1.37358863135715936109
0.0972663294655966706074
0.15756705814579710924
-0.264509828017266322472
-1.34243294185420264874
0.32119947328857312561
-2.07419054763818451197
0.10330904674791085128
0.0826775368239740898323
0.314429890566476075145
-0.0610509978226707156974
-1.36308257085089404179
0.677352685929744745324
0.15418493103303007581
0.0161733390852010413286
-0.303563642026621706011
2.35847704999654319475
-1.68486588370840621914
-0.157567058145797100073
0.531569631466564267677
-1.70873185514124410834
2.07250288969947280133
-0.101441935393147435142
-0.10170941562634787006
0.548825375589052420922
0.24126379271819456478
1.10813971360420107147
-0.778384934494211488545
-0.157567058145797240098
0.289113491590441447711
-3.12061093446076446576
3.54914980605793452158
-0.184865883708406041778
4.28626293777701948802
9.97898383891366859804
1.3735886313571593611
0.264509828017266322472
-0.157567058145797109235
-0.0972663294655966706086
-0.321199473288573125616
1.34243294185420264874
2.07419054763818451197
-0.0826775368239740898304
-0.103309046747910851279
-0.314429890566476075143
0.0610509978226707156967
1.41958984134137423237e-21
-1.48868094407802062354e-21
7.52398312940923637164e-23
2.84372600636329690146e-23
3.86059426649997607261e-22
-6.47925174436656030415e-22
5.10470784233213259847e-21
-4.58867028915034358099e-21
-7.17759870795230130277e-22
6.15433470114188530978e-22
-8.29477140895279830585e-23
2.33740540963639981374e-22
1.9382707936292157613e-22
1.13756449883161654632e-21
1.04134915756176475108e-22
-1.61410958704934235985e-21
3.17009392236587005893e-21
-2.02745655310075867374e-21
-1.76381251826955779741e-21
5.78896218408209049579e-21
-5.61463198464888435363e-21
-5.60171530033749568984e-21
-1.69685789737275366435e-21
-3.27795526309979222842e-21
3.75385407214099243865e-23
-1.79171101710707942387e-21
-1.90844883147189114121e-21
1.2031456467843368476e-21
-6.43246041282494078666e-21
-3.99091470708262037543e-21
-1.93745659991031807327e-21
-6.17446764775803164941e-22
-1.16002028069385227742e-22
-2.82414492846703922669e-22
-3.38588954092824854315e-22
-0.465395025684694721357
0.388517976451696672248
0.610495870421631273374
-1.25557454532494095871
0.981026591342870877151
0.388517976451696764729
-1.57388844049072332797e-18
-3.4710993063866140766e-16
0.779597351734605894657
0.610495870421631170846
-4.38393940758029662829e-16
1.08143024897785904175
-1.25557454532494061924
0.779597351734605822969
0.981026591342870807863
0.270961863491907654231
-3.79779040227056100863
3.0874588952629922181
-1.71983870714880035686
-3.79779040227056112917
8.37973510128344230275e-16
-3.01171183653154311216
3.08745889526299150381
-3.01171183653154292078
-1.71983870714880034189
-7.772806291188707802
-3.79779040227056122637
0.709916884080809520259
-3.79779040227056100536
3.29976668620754967861
0.709916884080809770424
-1.06562271420354652475
1.9813945435204622375
1.98139454352046239515
-0.572239206137690770573
0.364614639849292343377
-0.392422538338352230674
8.83100425618552262561e-22
0.392422538338352230673
-0.364614639849292343376
-0.0988508759091750218348
-1.36559340530470616102e-16
1.36561006281732755695e-16
0.0988508759091750218348
0.110324896984236236727
2.24600340920247108118e-21
-0.110324896984236236727
0.430787027674456292582
-0.430787027674456292583
-2.66190467683521328341e-22
-0.845999522033040156615
1.52729882556260843678
-1.52729882556260843678
0.845999522033040156615
-0.163632415142776201806
3.34312471144313850614e-21
0.163632415142776201809
-1.43574505075235772588
1.43574505075235772588
-5.10302235042822016002e-22
2.17563248303133129804
-2.57996991572848346815e-21
-2.17563248303133129804
2.21376004807754583038
-2.21376004807754583038
-5.9702511373082995599e-22
0.824763255768106539581
-0.824763255768106539579
5.16901520623528880685e-22
-4.95467817105244299083e-22
-0.981026591342870877158
1.25557454532494095872
-0.610495870421631273379
-0.388517976451696672245
0.465395025684694721358
-0.779597351734605894651
3.47110824016698512482e-16
1.5672424642581277339e-18
-0.388517976451696764727
-1.08143024897785904175
4.38388747430471496598e-16
-0.610495870421631170845
-0.77959735173460582297
1.25557454532494061924
-0.981026591342870807862
1.71983870714880035687
-3.08745889526299221809
3.79779040227056100861
-0.270961863491907654233
3.01171183653154311217
-8.37966725274175178089e-16
3.79779040227056112917
3.01171183653154292078
-3.08745889526299150379
1.7198387071488003419
-0.709916884080809520254
3.79779040227056122637
7.772806291188707802
-3.29976668620754967862
3.79779040227056100536
-0.70991688408080977042
-1.9813945435204622375
1.06562271420354652475
-1.98139454352046239516
0.572239206137690770573
0.30356364202662161818
-0.016173339085201004329
-0.154184931033029989568
-0.677352685929744641632
1.36308257085089387288
-0.28911349159044138636
0.157567058145797215082
0.778384934494211063155
-1.10813971360420103876
0.0972663294655966656237
0.157567058145797329654
-0.264509828017266200652
0.10330904674791094404
0.0826775368239741501775
-0.0610509978226708095504
-0.531569631466564020968
0.157567058145797058724
1.68486588370840574079
-2.35847704999654287315
0.184865883708405958706
-3.54914980605793473454
3.12061093446076375161
-1.34243294185420267426
0.321199473288573018014
0.314429890566476331663
0.101441935393147231193
-2.07250288969947178712
1.7087318551412437893
-9.97898383891366781358
-4.28626293777701846169
-2.074190547638184656
-0.54882537558905191364
0.101709415626348836323
-1.3735886313571586126
-0.241263792718194700767
-1.36308257085089387288
0.677352685929744641637
0.154184931033029989568
0.0161733390852010043283
-0.303563642026621618181
1.10813971360420103876
-0.778384934494211063154
-0.157567058145797215081
0.289113491590441386359
0.264509828017266200651
-0.157567058145797329657
-0.0972663294655966656224
-0.0826775368239741501786
-0.103309046747910944038
0.0610509978226708095496
2.35847704999654287315
-1.68486588370840574079
-0.157567058145797058722
0.531569631466564020968
-3.12061093446076375161
3.54914980605793473455
-0.184865883708405958703
-0.321199473288573018016
1.34243294185420267427
-0.314429890566476331663
-1.7087318551412437893
2.07250288969947178713
-0.101441935393147231193
4.2862629377770184617
9.97898383891366781357
2.074190547638184656
-0.101709415626348836325
0.548825375589051913643
1.37358863135715861261
0.241263792718194700767
1.43761260225270162758e-21
-2.21989120269854252628e-21
3.03859021002683061814e-22
-1.08349505745518275965e-21
1.25747854699037791025e-21
-6.75841725837987192441e-22
-1.21023319259359117136e-21
-1.52857131468454200688e-21
-2.46459209625240417817e-21
-2.28670225721184296057e-21
-2.23169929191451013464e-21
3.87345380015906994105e-21
-4.60381472660016987796e-22
-1.36474198793013211957e-22
5.39232137698375637063e-22
-2.34534255683842002937e-21
5.65929668480290577612e-21
-6.69039904007853134728e-21
-2.77365677909274282693e-21
2.89616135187098912182e-21
-1.45234536466477497172e-20
-4.93416729113126667328e-21
-9.34232119953881714494e-21
1.29376016451400707424e-21
-9.06253693909545502017e-22
1.8188599882214723217e-21
-2.70464425472830208783e-21
-2.29857309406260109013e-21
-4.40017218663562196749e-21
-7.40065682111146496457e-21
-1.62741038188204619866e-21
-1.53042516986258647927e-21
-7.23981968042294928262e-22
-1.03710189447957055764e-21
2.44479675428356577651e-22
0.238930660717392730046
-0.0414853193848422140971
-0.171966136966425338167
-0.470287862738469018626
0.93894384666309599234
-0.0414853193848422038394
-6.45284686002991718679e-17
-3.5230916860952187456e-16
-0.0308682951307515058532
-0.171966136966425331786
-3.56131853802215282864e-16
-0.058711945763135734964
-0.470287862738468987784
-0.0308682951307515212318
0.938943846663096004734
-0.58899721310443779567
0.405521899485314476979
1.76426222586456650784
-2.28357652652383106289
0.405521899485314432812
7.40799917783394643616e-16
0.108590205335856232858
1.76426222586456640054
0.108590205335856283784
-2.28357652652383111404
0.145553680264707618605
-4.74585378779452598702
3.46635463763900470822
-4.74585378779452568874
0.279621385668021917474
3.46635463763900484849
-7.49697600950091240631
-5.90085808825209005477
-5.9008580882520899771
0.837820239983192335331
-0.938943846663095992346
0.470287862738469018627
0.171966136966425338168
0.041485319384842214097
-0.238930660717392730045
0.0308682951307515058548
3.52324631270204038331e-16
6.45161931656431889025e-17
0.041485319384842203839
0.0587119457631357349671
3.56125826732843482732e-16
0.171966136966425331786
0.0308682951307515212265
0.470287862738468987789
-0.938943846663096004737
2.2835765265238310629
-1.76426222586456650784
-0.405521899485314476984
0.588997213104437795669
-0.108590205335856232858
-7.40808826889250012984e-16
-0.405521899485314432821
-0.10859020533585628379
-1.76426222586456640055
2.28357652652383111405
-3.46635463763900470824
4.74585378779452598704
-0.145553680264707618599
-0.279621385668021917482
4.74585378779452568876
-3.4663546376390048485
5.9008580882520900548
7.49697600950091240633
5.90085808825208997713
-0.837820239983192335334
-5.02396862304840610617e-22
9.86705385503408179563e-22
-5.92557409904933946409e-22
-7.50690851304830147816e-22
1.44702904314382314258e-21
3.32600446585227750916e-22
5.14229753546264763744e-22
1.54339204468267324601e-21
-3.19672666212716681396e-22
2.82487207463262518989e-21
-1.09127247981747637966e-21
-6.80883769907510443584e-22
2.96257997223479551789e-22
-7.16365869104138010341e-22
-8.59987528838588713478e-23
1.19032360009134409444e-21
-8.40972683940320826741e-22
4.96291203142986035067e-21
-2.90064516670625102897e-21
-1.7038546183134533118e-21
7.86051644158497465311e-22
6.46918515253483520283e-21
-1.05458033611426782103e-21
-2.75913311555356423802e-21
-7.79374261671662946307e-22
-2.52682334035344277746e-21
-8.16601354873044976387e-22
1.90044727944878925268e-21
-1.03428130290367435658e-20
3.24563781552039409275e-21
-7.09333273835779298752e-22
-8.12442951103952270388e-22
2.23615731677468681401e-22
-3.91887409469319468623e-22
-3.520591849959584303e-22
-8.90061432584335969811e-22
1.34266161636437785251e-21
-1.32873231130073341128e-21
4.13775706258261509183e-21
-2.26474152622564256596e-21
1.88595508477452843241e-21
6.30822904607259803586e-21
3.33156692644908669085e-21
5.50621729202581839366e-21
1.57389530806696365974e-21
6.31540696022462998925e-21
-1.08120611424501738169e-21
2.49152493588426843674e-21
3.0351865159853744921e-21
-1.14203877606598290001e-21
1.28008982079269847948e-21
4.56291296784412501808e-21
5.16756414108050434727e-21
2.82720605406366333246e-21
8.72647226853131064227e-21
2.85838730395107634008e-20
1.1824227631467660769e-21
1.11581447323357880014e-20
2.64167694730460810141e-21
2.95705673094004359714e-21
-2.21331709027750258448e-21
2.56454764927645347136e-21
2.21952593898526136787e-22
-2.76646587366273889833e-22
6.44257316158356291795e-22
-1.3180566785219956305e-22
1.56312706036923805471e-21
3.57722325625495984074e-21
2.55093732226871632421e-21
-2.08756369197661809716e-21
