-2.49999999999999980809
-6.75650248872424140655
2.66666666666666719334
-1.41016417794242710227
0.371720620026433155456
-6.75650248872424009533
5.01328223594249587843e-16
1.02602007100834133628e-15
2.48668415695269249213
2.66666666666666651002
1.38462136476276066288e-15
2.1359599444192131855
-1.41016417794242637594
2.48668415695269183001
0.371720620026433192945
-6.75650248872424110964
-1.20869019744728017166e-15
5.19637152891340464142e-16
2.48668415695269211396
-2.47748392813905557151e-16
-8.0890450564961824198e-16
10.518951121648972125
1.54545459652615885633e-15
10.5189511216489705962
2.48668415695269245968
2.66666666666666661711
-1.25271346141299400801e-15
2.13595994441921306676
-8.38429461792211572596e-16
10.518951121648969146
2.13595994441921329448
-1.41016417794242731797
2.48668415695269195649
2.48668415695269203591
0.371720620026432663843
0.514903595642956193208
-7.49697600950091426705
-1.60018944162323101343
0.174765402721534791838
-0.471893290382968546232
-2.41013805983789273916
-4.74585378779452701927
0.405521899485315269639
-0.328985293082752617594
2.01253284601971817558
1.76426222586456819652
-1.65816720152367795727
-1.56901055103678877756
0.134916303415327679548
0.914391682148438371516
-2.41013805983789326657
-4.74585378779452867208
0.405521899485314342802
-0.328985293082752977663
-4.73957384925393771792e-16
-3.58805292596768619401e-16
-6.52157297775217804246
1.07648862099321898909e-15
1.89302198738206214936
1.55588078648607878742
2.01253284601971801882
1.76426222586456646874
-1.65816720152367787242
-5.50767886407207176068e-16
1.893021987382061048
2.17227979404158731378
-1.56901055103678934485
0.13491630341532721199
1.55588078648607845341
0.914391682148438080681
-0.465395025684694806193
0.270961863491907556144
-7.77280629118870839842
-1.06562271420354572374
-0.572239206137691035308
0.388517976451696931104
-3.79779040227056069205
-3.79779040227056071423
1.98139454352046142966
0.610495870421631526061
3.08745889526299333804
0.709916884080809755986
-1.25557454532494095235
-1.71983870714880034756
0.98102659134287116639
0.38851797645169657319
-3.79779040227056206124
-3.79779040227056192869
1.9813945435204611559
-8.54363173579747118996e-17
-1.73093547752472908012e-16
3.29976668620754676251
3.52976456611058291462e-16
-3.01171183653154141132
0.779597351734605879413
0.610495870421631278297
3.08745889526299154852
0.709916884080809533487
-4.05076908412639101883e-16
-3.0117118365315425895
1.08143024897785917353
-1.25557454532494074343
-1.71983870714880038472
0.779597351734605957615
0.981026591342870726387
0.238930660717393209734
-0.588997213104438664993
0.145553680264708333952
-7.49697600950091415617
0.8378202399831927745
-0.0414853193848423879054
0.405521899485315494369
-4.74585378779452710555
-5.90085808825209086062
-0.17196613696642487776
1.76426222586456798396
3.46635463763900522432
-0.470287862738469337857
-2.28357652652383171769
0.938943846663096464167
-0.0414853193848424732506
0.405521899485314532498
-4.74585378779452896022
-5.90085808825209131274
6.113944589122017537e-16
1.12748025812802579622e-17
0.2796213856680196923
6.8146346042919997496e-17
0.108590205335857042758
-0.0308682951307517187658
-0.171966136966425219758
1.76426222586456665477
3.46635463763900479473
-5.65800135423359466492e-16
0.108590205335856368653
-0.0587119457631358785098
-0.470287862738468978594
-2.28357652652383138522
-0.0308682951307515181088
0.938943846663096065765
-1.43705760637935907642e-16
4.41432348993994991893e-16
-9.18540538331369816793e-16
-1.5531811936520688329e-16
8.35240827119399009546e-17
1.49336823646901540825e-16
-5.09630476132109064947e-16
8.16368654792575867633e-16
-2.90682639029740963546e-17
-2.05905873261244518993e-17
5.36751519436065616194e-16
7.66237756486501061471e-16
-2.8806013027386057104e-16
-4.87882697142446160502e-16
1.91850471881227183523e-16
4.27287991478882456208e-17
-5.1990341639773216093e-16
-5.89780310639107961635e-16
-2.84367802856188663439e-16
-3.91472078528674448187e-16
4.99472287439285633337e-16
1.83122300225044030859e-15
-6.5052608628145989185e-16
-7.76267202960750054022e-17
-1.95006061135939102733e-16
3.81773291452959422315e-17
6.01791542171393169184e-17
3.24284510194591396618e-17
-7.68941020936096669014e-16
-7.86802426019308627167e-16
-2.31408700646802516699e-16
-6.72441260304280466071e-17
1.71572263697463837584e-17
1.82165210872917444884e-18
-6.59813358538459886499e-17
-0.322916644340236451475
3.49072002841419944109
-1.45382179161928731469
0.714565975487042866548
-0.0245521645146581132454
-4.32951215054015721981e-16
5.3804201409944521605e-16
-4.34057602513842132237e-16
0.605204166153796303012
-1.74574312188793919509
-5.62499846509601567782e-16
-1.48620106455725283662
0.763762615825973347593
-0.287499973697910752918
-0.710823951100361749044
3.49072002841419867432
-0.279621385668018476857
-0.108590205335857115497
1.586749081616829895
4.28961141534673479738e-16
-5.00452407571736519695e-16
1.89302198738206120554
-8.04772122537945301618e-16
-6.52157297775217920344
-0.287499973697911378334
-1.45382179161928687724
-0.108590205335857332402
2.23099173980472295215
-1.46172003490248763065e-16
1.89302198738206143626
-1.48620106455725295516
0.714565975487042135416
1.58674908161682966826
0.605204166153796045337
-0.0245521645146579416606
-0.146202821239288643251
1.4860406155409420222
1.41988692900523393009
-0.184722162260204698206
0.177813942710324421534
0.66127735977283551006
0.203709826931533613603
-2.59616823595418481551e-16
-0.0692687777018672934487
-0.755745554026097754336
-1.52729882556260899598
1.08269390543953469392
0.661277359772835587473
0.323153760636485047918
-0.186800697138968051629
0.110255760506295032915
2.21376004807754595442
-0.163632415142775813021
-0.424488889227410978742
8.82361805495123289916e-17
-1.07316120274079890676e-17
1.32510410927102257153
-2.37879695627087525119e-16
1.32510410927102205617
-0.325638013318236019284
-0.917230462987783317117
-1.43574505075235768125
-0.875751154940404030333
1.52800428366302391524e-16
-1.0053899817641611234
-0.986076051924640491705
0.943848536750311901302
0.717207830208288770908
0.286420802533832408937
-0.341929263960236721445
0.364614639849292433395
-0.845999522033040301108
2.17563248303133181591
0.824763255768106379699
6.26921400051664614172e-17
-0.392422538338352314844
1.5272988255626085378
6.21105594092294907002e-17
-0.824763255768106239351
-1.78629238451457213299e-16
-1.52729882556260902015
-2.17563248303133138085
0.392422538338352454354
0.845999522033040333978
-0.364614639849292495651
-0.0988508759091750123725
-0.163632415142775823017
2.21376004807754601698
1.32739378265375023329e-16
-1.95247109171352163192e-16
-1.04582678487664460565e-17
-2.21376004807754551623
-6.71260478225776563153e-17
0.163632415142775879402
0.098850875909175067342
0.110324896984236246262
-1.43574505075235781381
-1.28153566580835070877e-16
2.69939550416049134022e-16
1.43574505075235781023
-0.110324896984236230728
0.430787027674456298182
6.27149986387535780747e-17
-0.430787027674456359947
-2.02622967703957908498e-18
-0.938943846663096714364
2.28357652652383222941
-3.46635463763900628642
5.90085808825209310521
-0.837820239983193018133
0.470287862738469259537
-1.76426222586456782406
4.74585378779452717045
7.49697600950091362996
0.171966136966425278579
-0.40552189948531518326
-0.145553680264708639076
0.0414853193848422141702
0.588997213104438641472
-0.238930660717393066155
0.0308682951307515596239
-0.108590205335857083092
-0.279621385668018504343
5.90085808825209213283
-1.79414485980611412251e-16
5.65781396520095203095e-17
4.74585378779452774606
1.97673532711918587585e-16
-0.405521899485314405128
0.0414853193848424433293
0.058711945763135752909
-0.108590205335856833701
-3.46635463763900499254
1.56769366616273786355e-16
-1.76426222586456661668
0.171966136966425494184
0.0308682951307514916209
2.28357652652383140856
0.470287862738468985991
-0.938943846663096139839
0.10684418045299610043
-1.59287656706876568582
-0.0994210136591781322699
0.464264161823859481096
2.52105887971498971627e-17
1.33658457769545338082
-4.2814153410594772628e-16
2.63944846484817226321e-16
-0.464264161823859430502
9.07882123029102858137e-18
7.58337860247372417324e-16
0.0994210136591784953611
-1.33658457769545327899
1.59287656706876499579
-0.106844180452996081139
-1.59287656706876549629
-3.2997666862075488397
3.01171183653154324697
-5.56182340067745635518e-17
-7.33828198580481251058e-16
1.00267233287622962118e-16
-3.01171183653154223919
8.54994042116370607848e-16
3.29976668620754932528
1.59287656706876539867
-0.0994210136591780908591
3.01171183653154267338
-1.73118602064590308846e-16
-2.76384839346963970806e-16
-3.01171183653154275795
0.0994210136591785169537
0.464264161823859543198
3.63327406076012094722e-18
-0.464264161823859524745
-2.43476010827308897892e-17
0.186800697138967973154
-0.323153760636484977311
-1.08269390543953527403
0.0692687777018672989094
-0.177813942710324437024
-0.661277359772835548958
1.52729882556260879703
-2.2287580747398987719e-17
0.184722162260204620168
0.755745554026097859579
-0.203709826931533503223
-1.41988692900523350958
-0.661277359772835682696
-1.48604061554094183573
0.146202821239288654308
0.325638013318235964964
-1.32510410927102268353
-1.32510410927102277892
0.424488889227411025519
9.24754715025073541328e-17
-2.65595864465227042486e-17
0.163632415142775830269
7.11585701807473818845e-17
-2.21376004807754550217
-0.110255760506294946802
0.986076051924640373381
1.00538998176416154691
0.875751154940404189857
-1.35699352268186285817e-16
1.43574505075235743594
0.917230462987783323894
-0.286420802533832500816
-0.717207830208288829015
-0.943848536750311837203
0.341929263960236759063
-0.981026591342870995258
1.71983870714880038844
-0.709916884080809631895
-1.98139454352046254549
0.572239206137690907236
1.25557454532494092026
-3.08745889526299267079
3.79779040227056108703
1.0656227142035456104
-0.610495870421631028719
3.79779040227056221359
7.77280629118870815895
-0.388517976451697293164
-0.270961863491908196274
0.465395025684694987403
-0.77959735173460591205
3.01171183653154324556
-3.29976668620754846557
-1.98139454352046231597
4.83779662223316735212e-16
5.67496974601398873101e-16
3.79779040227056147647
1.79965962951494805727e-16
3.79779040227056161273
-0.388517976451697121559
-1.08143024897785921536
3.01171183653154257625
-0.709916884080809494059
-3.94675198944911695062e-16
-3.08745889526299184768
-0.610495870421631267166
-0.779597351734605716028
1.71983870714880045574
1.25557454532494105222
-0.981026591342870897971
0.710823951100361869714
0.28749997369791124724
1.48620106455725341424
-0.605204166153797317273
0.0245521645146582472768
-0.763762615825973543737
4.96611218875704834812e-16
2.79350964068469703581e-16
-0.714565975487043165302
1.74574312188793938484
-9.87472682750750239482e-16
1.4538217916192878612
-9.67527952114771143906e-16
-3.49072002841420000747
0.322916644340236374478
0.287499973697911336978
6.52157297775218140828
-1.89302198738206238423
-1.58674908161683054878
4.15811663892353213669e-16
3.27364974837604571523e-16
0.108590205335857422035
-1.29224399030579037334e-15
0.279621385668018227683
-3.49072002841419988364
1.48620106455725281843
-1.89302198738206118944
-2.23099173980472301194
5.94139868908680356607e-16
0.108590205335857348633
1.45382179161928734069
-0.605204166153796031495
-1.58674908161682982883
-0.714565975487042484596
0.0245521645146580987636
-0.91439168214843842355
-0.134916303415328169614
1.65816720152367879727
0.328985293082753476741
0.471893290382968596982
1.56901055103678917471
-1.76426222586456793815
-0.405521899485314843224
-0.174765402721534477224
-2.01253284601971873414
4.74585378779452725653
1.6001894416232299719
2.41013805983789403916
7.49697600950091468116
-0.514903595642956304188
-1.55588078648607874256
-1.89302198738206265061
6.52157297775218142535
0.328985293082753772663
-5.17387518121334951452e-16
4.11763349430470397892e-16
-0.405521899485314655071
6.96743402852286633829e-16
4.74585378779452822871
2.41013805983789425683
-2.17227979404158708991
-1.89302198738206108906
1.65816720152367821923
2.34376150228043312769e-16
-1.76426222586456635609
-2.0125328460197184336
-1.55588078648607822136
-0.1349163034153269226
1.569010551036789489
-0.91439168214843825449
-0.371720620026433312462
-2.48668415695269265865
-2.13595994441921445561
-2.48668415695269265864
-0.371720620026433312461
1.41016417794242704985
-1.58451067628144262807e-15
-1.58452195579604531118e-15
1.41016417794242704984
-2.66666666666666725463
4.97745246646697674621e-16
-2.6666666666666672546
6.75650248872424108298
6.756502488724241083
2.50000000000000043931
-2.48668415695269198468
-10.5189511216489750824
-10.5189511216489750824
-2.48668415695269198465
-6.06395372125281598968e-16
3.61616262850198421495e-15
-6.06384626426579513717e-16
1.91584317035293757693e-15
1.91586318412486915023e-15
6.75650248872424243496
-2.13595994441921274744
-10.518951121648969337
-2.13595994441921274743
1.84811154076696595802e-15
1.84809349061780432788e-15
-2.66666666666666709967
-2.48668415695269217825
-2.48668415695269217825
1.41016417794242733609
-0.371720620026432519798
0.514903595642956142864
-2.41013805983789356662
2.01253284601971843312
-1.56901055103678926425
0.914391682148438271888
-2.41013805983789291164
-6.50413135800327221059e-16
2.5722235819413188775e-16
1.55588078648607856581
2.01253284601971808168
4.30601346959507590184e-16
2.17227979404158702118
-1.56901055103678873863
1.55588078648607813166
0.914391682148438267144
-7.49697600950091401947
-4.74585378779452844677
1.76426222586456716868
0.134916303415327664688
-4.7458537877945279892
1.73739472262371603124e-15
1.89302198738206234692
1.76426222586456723084
1.89302198738206213737
0.134916303415327821322
-1.60018944162323053955
0.405521899485315115413
-1.65816720152367859888
0.405521899485314839675
-6.52157297775217915005
-1.65816720152367862348
0.174765402721535289177
-0.328985293082752956168
-0.328985293082752965407
-0.471893290382968734358
-0.38746661395748334282
0.112451984183783340998
-0.654303618632950773304
0.129707728306271641715
0.116762944887653526973
0.211965176132643218224
-2.07250288969947241633
0.157567058145797052866
-0.341811352403436907726
0.791501392153460237705
1.68486588370840612992
-1.14026098295767030973
-1.41462851324623061436
-0.390931883395911960417
1.02115330689065705035
0.112451984183783279295
-9.7752740119821340678
-1.34243294185420323331
0.0340402690460436729187
-2.07250288969947212391
-3.54914980605793335672
1.48267116741681984032
1.68486588370840603223
-0.227005047269949720243
-0.390931883395911806165
-0.654303618632950286431
-1.34243294185420268015
1.17996023490513143376
0.157567058145797276869
1.48267116741681951919
-1.140260982957670672
0.12970772830627145481
0.0340402690460437196389
-0.341811352403436852669
0.116762944887653651885
0.303563642026621581413
-0.531569631466564014173
0.101441935393147066283
-0.548825375589052295542
-0.241263792718194634099
-0.016173339085201051362
0.157567058145797193305
-2.0725028896994725003
0.101709415626348252447
-0.154184931033029893531
1.68486588370840595496
1.70873185514124354315
-0.67735268592974474902
-2.35847704999654264802
1.36308257085089379356
-0.289113491590441345314
0.18486588370840563581
-9.97898383891366787216
-1.37358863135715852524
0.157567058145797420868
-3.54914980605793326026
-4.28626293777701784689
0.778384934494211444977
3.12061093446076342829
-1.10813971360420079423
0.0972663294655965815691
-1.34243294185420249886
-2.07419054763818378684
0.15756705814579722275
0.32119947328857341311
-0.264509828017266358713
0.103309046747910836988
0.314429890566476002318
0.0826775368239740647951
-0.0610509978226706881781
-1.55869938574305136404e-16
2.55389804550681698788e-16
-3.83234399490910923447e-16
-3.28782746940244803318e-17
-3.23749730332354259165e-17
9.26036900081843810193e-17
-2.0783735252809808341e-16
2.66219449857962544245e-16
8.40867642386141693042e-17
-5.98054183987649863017e-17
3.21047351416946580563e-16
3.18631903643980091957e-16
-1.95253488836286729901e-16
-2.8760210062839846579e-16
1.34623262534870238686e-16
1.91973382427404801324e-16
-4.64717596886599569227e-16
-3.81677337761641544212e-16
-3.48776009886038531488e-17
-1.21746681685660797353e-16
3.09916809163049780748e-16
5.83207918603682314183e-16
1.32457171970450941414e-17
2.12766205301901842904e-16
-1.49956505490930758593e-16
1.5170676432219217983e-17
-1.13150487364447696897e-16
-6.62705282420523316267e-17
2.29444981600281994889e-16
1.60101023844030430693e-16
9.95804403917887739482e-17
-1.50799731007374699803e-18
8.89535142497831910975e-17
9.75555882208591222596e-17
-1.96189567466209778878e-17
-0.146202821239288706858
0.110255760506295042864
-0.917230462987783484981
0.943848536750312209227
-0.341929263960236847845
0.661277359772835489278
1.58657744168826649774e-16
7.46019295614752735494e-17
0.286420802533832593872
-0.75574555402609774868
-5.15886093381014825926e-17
-0.986076051924640389266
0.661277359772835515632
-0.325638013318235683439
-0.186800697138968023809
1.48604061554094184203
2.21376004807754596141
-1.4357450507523577482
0.717207830208288972799
0.203709826931533740795
-2.87703490070955011597e-16
-1.0053899817641614644
-1.5272988255626084553
1.32510410927102265828
0.323153760636485112025
1.41988692900523353146
-0.163632415142776168564
-0.875751154940404135567
-9.60107848056782057733e-17
1.32510410927102240805
1.08269390543953495593
-0.184722162260204557876
-0.4244888892274108893
-0.0692687777018670762527
0.177813942710324344858
0.361726587629866029698
-0.535776706853594489316
-0.0632793451451252695424
-0.124753576409435097507
1.52647344515609043839e-17
-0.411023130444159369739
0.860656162191694124106
-1.48836385574949516409e-17
0.124753576409435037422
-1.03111986380902343404e-17
-0.860656162191694084514
0.0632793451451252766952
0.411023130444159385034
0.535776706853594377057
-0.361726587629865973581
-0.535776706853594388993
1.90624951620870181771
1.04559335401700763681
-2.99134791825523617657e-17
0.8606561621916940254
-3.82011473272052349503e-16
-1.04559335401700776719
-0.860656162191694065363
-1.9062495162087016116
0.535776706853594376783
-0.0632793451451253378607
1.04559335401700755407
-1.23698090924787866549e-17
-8.07941643640841527191e-17
-1.04559335401700753984
0.0632793451451253983352
-0.124753576409435013398
-1.64104025424582437631e-17
0.124753576409435006742
6.69060621361734533575e-18
-1.36308257085089395723
2.35847704999654312048
-1.70873185514124391402
-0.101709415626347988774
0.241263792718194531515
0.677352685929744679969
-1.68486588370840591263
2.07250288969947243674
0.548825375589052108684
0.154184931033030094521
-0.157567058145796998507
-0.101441935393147113521
0.0161733390852009564539
0.531569631466563900668
-0.303563642026621523203
1.10813971360420088114
-3.12061093446076396226
4.28626293777701824878
1.37358863135715855888
-0.778384934494211020551
3.54914980605793434215
9.97898383891366742846
-0.157567058145797323217
-0.184865883708405724972
0.289113491590441249441
0.264509828017266364808
-0.321199473288573370649
2.07419054763818397061
-0.157567058145797119689
1.34243294185420248674
-0.0972663294655967851437
-0.0826775368239740042329
-0.314429890566476022022
-0.10330904674791084809
0.0610509978226706797503
0.186800697138968081566
0.32563801331823597174
0.986076051924640716488
-0.286420802533832854569
0.341929263960236947111
-0.661277359772835696261
6.95001419696054149062e-17
8.95558696658909550583e-17
-0.943848536750312314709
0.755745554026097859357
-2.55568318892803420859e-16
0.917230462987783735123
-0.66127735977283568776
-0.110255760506295279326
0.146202821239288710893
-0.323153760636485047282
-1.32510410927102248049
1.00538998176416144083
-0.717207830208289216763
1.52729882556260909044
5.25417701918498283711e-16
1.43574505075235826701
-0.203709826931534852195
-2.21376004807754656036
-1.48604061554094246794
-1.08269390543953500522
-1.3251041092710226994
0.875751154940404199632
9.5247731301508517845e-17
0.163632415142776160662
-1.41988692900523401938
0.0692687777018671674784
0.424488889227411012449
0.184722162260204589581
-0.177813942710324409178
-1.02115330689065709984
0.390931883395911890111
1.1402609829576707906
0.341811352403437012422
-0.116762944887653629608
1.41462851324623089039
-1.68486588370840612159
-0.157567058145797022573
-0.129707728306271418239
-0.791501392153460393037
2.07250288969947249407
0.654303618632950404398
-0.211965176132643123589
-0.112451984183783241042
0.387466613957483256578
0.390931883395911862968
0.227005047269949972384
-1.48267116741681970048
-0.034040269046043591309
-1.68486588370840620986
3.54914980605793505847
1.34243294185420303755
2.07250288969947291271
9.77527401198213373089
-0.112451984183783049982
1.14026098295767052634
-1.4826711674168197767
-1.17996023490513167159
-0.157567058145796926118
1.34243294185420278282
0.654303618632950533961
0.341811352403436910711
-0.0340402690460436957078
-0.129707728306271507109
-0.116762944887653681449
-0.914391682148438183949
-1.55588078648607883655
-2.17227979404158779424
-1.55588078648607883655
-0.914391682148438183945
1.5690105510367891597
-2.01257872518454651416e-16
-2.01272523815953675856e-16
1.5690105510367891597
-2.0125328460197182842
1.18302191190594685595e-15
-2.0125328460197182842
2.41013805983789337503
2.41013805983789337504
-0.514903595642955906415
-0.134916303415327779153
-1.8930219873820630787
-1.89302198738206307871
-0.134916303415327779152
-1.76426222586456754069
-2.48021371771721993366e-15
-1.76426222586456754069
4.74585378779452851047
4.74585378779452851048
7.4969760095009148398
1.65816720152367854127
6.52157297775217939275
1.65816720152367854127
-0.40552189948531560578
-0.405521899485315605772
1.60018944162323081228
0.328985293082752856431
0.328985293082752856431
-0.174765402721535071378
0.47189329038296871899
-0.465395025684694745513
0.388517976451696688179
0.610495870421631215372
-1.25557454532494092412
0.981026591342870876673
0.388517976451696786867
-7.58588834026701321232e-17
-4.07444943768818793649e-16
0.779597351734605879677
0.61049587042163118978
-2.78262966411698812266e-16
1.08143024897785902045
-1.25557454532494073571
0.779597351734605735755
0.981026591342870870065
0.270961863491907673177
-3.79779040227056118208
3.08745889526299203075
-1.71983870714880039415
-3.79779040227056106504
7.23797050295565187291e-16
-3.01171183653154299986
3.08745889526299178146
-3.01171183653154270994
-1.71983870714880038668
-7.77280629118870787044
-3.79779040227056123083
0.709916884080809722686
-3.79779040227056134495
3.29976668620754968597
0.709916884080809748764
-1.06562271420354662674
1.98139454352046220524
1.98139454352046229654
-0.572239206137690740439
0.303563642026621525985
-0.289113491590441276617
0.0972663294655966724882
0.103309046747910954056
-0.0610509978226708173938
-0.0161733390852009884437
0.157567058145797176417
0.157567058145797312978
0.0826775368239740333906
-0.154184931033029974352
0.778384934494210929378
-0.264509828017266211076
-0.677352685929744553404
-1.10813971360420084599
1.36308257085089372175
-0.531569631466563881757
0.184865883708405680136
-1.34243294185420275665
0.31442989056647627486
0.157567058145797101939
-3.54914980605793379582
0.321199473288573303744
1.68486588370840553565
3.12061093446076326153
-2.3584770499965426485
0.101441935393147136389
-9.97898383891366719865
-2.07419054763818416166
-2.07250288969947164006
-4.28626293777701747044
1.70873185514124359393
-0.548825375589051878586
-1.37358863135715841817
0.101709415626348848092
-0.241263792718194685184
2.01650736685913261922e-18
3.70048659996397815638e-17
-5.29618596559411762481e-17
1.83432716545230004401e-17
-2.16600542575846939118e-17
-1.59962967200842052133e-17
-5.15906811188483354127e-17
-6.55435988391446678601e-17
2.11200550956248290426e-17
-3.86343496802838162609e-17
8.72287729536688535368e-17
1.59725347592126211558e-18
-5.38271963113199502262e-17
-8.30770842200391525417e-17
3.00405532169401342921e-17
-3.95247494096008406559e-17
-1.59502599829689914845e-16
-1.45601178861936215377e-16
1.67171080579569877421e-17
1.26837401129649847542e-16
-9.43538826250601689306e-17
7.86697591058387115556e-17
1.56572393782687195609e-16
2.23397231888505774845e-16
-1.30616440211151965636e-18
2.17016408141880936928e-16
4.28060119164566234399e-17
-5.3851503535646282505e-17
3.48832017384331549081e-17
-3.1206455361062323768e-16
-2.51528816432492963158e-17
-5.14100206043553102486e-17
-1.21139577556314676595e-16
-1.52922544953538017705e-16
4.42668539107442406139e-17
0.364614639849292400975
-0.0988508759091750727886
0.110324896984236260717
0.43078702767445637339
7.40518838705762136787e-18
-0.392422538338352283236
-1.59064770949850845522e-16
2.82081511963329271022e-18
-0.430787027674456409162
-4.50003901874659041628e-18
1.2077793175718473856e-16
-0.110324896984236236222
0.392422538338352246146
0.0988508759091750991304
-0.364614639849292329763
-0.845999522033040327327
-0.163632415142776281556
-1.43574505075235793494
2.65664024730457780768e-18
1.52729882556260859342
8.83717931542710851922e-17
1.43574505075235811356
-1.52729882556260848061
0.163632415142776082159
0.845999522033040165828
2.17563248303133148803
2.21376004807754580516
-2.72638349415251517978e-17
-1.53583585273727116118e-16
-2.21376004807754635945
-2.17563248303133168021
0.824763255768106577903
-7.9646552077121614117e-17
-0.824763255768106670937
-1.71320071133153958512e-20
-1.36308257085089387064
1.10813971360420101439
0.264509828017266248588
-0.0826775368239740691041
0.0610509978226707776313
0.677352685929744637859
-0.778384934494211040229
-0.157567058145797354045
-0.103309046747910888615
0.154184931033029968667
-0.157567058145797176928
-0.0972663294655966658849
0.0161733390852009370464
0.289113491590441290204
-0.303563642026621508182
2.35847704999654288616
-3.12061093446076366773
-0.321199473288573332284
-0.314429890566476296012
-1.68486588370840564917
3.54914980605793483439
1.3424329418542026236
-0.157567058145796897016
-0.184865883708405767506
0.531569631466563812622
-1.70873185514124383638
4.2862629377770175406
2.07419054763818423703
2.07250288969947208728
9.97898383891366764504
-0.101441935393146982834
-0.101709415626348890173
1.37358863135715851734
0.548825375589051998531
0.241263792718194681655
-0.981026591342870721854
-0.779597351734605987028
-1.08143024897785918043
-0.779597351734605987027
-0.981026591342870721852
1.25557454532494080159
5.08549720782933930034e-16
5.08547112634800038795e-16
1.25557454532494080159
-0.61049587042163112665
1.09822333635176105741e-16
-0.610495870421631126643
-0.388517976451696677036
-0.388517976451696677036
0.465395025684694622768
1.71983870714880013607
3.01171183653154310156
3.01171183653154310155
1.71983870714880013608
-3.08745889526299210417
-1.86930656360720347308e-15
-3.08745889526299210417
3.79779040227056084301
3.79779040227056084301
-0.270961863491907213201
-0.709916884080809571935
-3.29976668620754907867
-0.70991688408080957194
3.79779040227056060634
3.79779040227056060633
7.77280629118870790095
-1.98139454352046216006
-1.98139454352046216006
1.06562271420354656922
0.572239206137690713223
0.238930660717392724959
-0.0414853193848422059359
-0.171966136966425334642
-0.470287862738469015149
0.938943846663096009182
-0.0414853193848422103308
-5.3306496267803923531e-17
-2.68963925922859801377e-16
-0.0308682951307515076794
-0.171966136966425338205
-3.00918104770152545633e-16
-0.0587119457631357228165
-0.470287862738469006379
-0.0308682951307515314195
0.938943846663096006957
-0.588997213104437783435
0.405521899485314461949
1.76426222586456653168
-2.28357652652383108974
0.405521899485314476213
7.25167708278123027369e-16
0.108590205335856304397
1.76426222586456646974
0.108590205335856330263
-2.28357652652383110058
0.14555368026470756876
-4.74585378779452601294
3.46635463763900471961
-4.74585378779452594672
0.279621385668021779266
3.46635463763900478067
-7.49697600950091236905
-5.90085808825208988839
-5.90085808825208993622
0.837820239983192281973
9.81836695094639914638e-18
-7.2899806307181440007e-18
-1.86106548349997514717e-17
-2.60174857665438865878e-18
-1.21115406908827472318e-17
-1.15600049966379514708e-17
-4.81713935864254063186e-17
-1.20304963566372269597e-16
-1.6223572883060268661e-17
2.82374785603863053894e-18
-1.88517538258738766948e-17
-1.57473831489129179117e-17
3.23311679189494972444e-18
-5.17370756200778926815e-18
-1.64917530478689849757e-17
-1.88341453017607701746e-17
-4.23087831226460351123e-17
-8.11880851555620761716e-17
2.02493250521328090178e-17
1.33527525883449136656e-17
-1.19305936619618665992e-16
-1.4793111690548401526e-17
-2.5166193707239082886e-17
-2.44363291704988257433e-18
5.36715916859164685555e-17
4.78524669735792578892e-17
1.86667917964157267926e-16
-1.33884117085852406996e-17
3.73730521346227267694e-17
-8.2393205857478142194e-17
-8.91075809057554096206e-17
7.33277089816550235446e-17
-5.57897898200891368781e-17
1.94109043020914041051e-17
5.65675718809150309936e-17
-0.938943846663095961552
0.0308682951307515149583
0.0587119457631357341906
0.0308682951307515149569
-0.93894384666309596155
0.470287862738468989329
3.55148305343803241153e-16
3.55141110144252124854e-16
0.470287862738468989329
0.171966136966425343177
6.29469916235611953688e-17
0.171966136966425343178
0.0414853193848422270153
0.0414853193848422270175
-0.238930660717392761832
2.28357652652383099392
-0.108590205335856273566
-0.108590205335856273569
2.28357652652383099392
-1.76426222586456642688
-7.60143096396501371491e-16
-1.76426222586456642688
-0.405521899485314516058
-0.405521899485314516059
0.588997213104437854943
-3.4663546376390046161
-0.279621385668021727032
-3.46635463763900461609
4.74585378779452576143
4.74585378779452576143
-0.145553680264707607755
5.9008580882520899013
5.90085808825208990129
7.49697600950091220494
-0.837820239983192318729
-3.99428107087778055763e-23
-2.34861007382092046166e-21
4.36073077700794852403e-23
1.73641900872197062209e-21
-1.18239866680917039614e-21
-1.48077746305271940911e-21
7.23689013322852928227e-21
7.74067177526459462971e-21
2.17254266377535306276e-21
1.35889405433427445417e-21
-4.25267801606055255668e-21
7.46107434922925188743e-22
-1.41874322579212232659e-22
3.65549490078379735622e-22
-1.30609080379748103097e-21
7.32103901205885096598e-22
6.41822702286398574661e-21
3.46381985213372613709e-21
3.90837952316362544058e-21
4.91083533528916188064e-21
1.20871022638100837952e-20
-8.00486990712379606415e-22
-5.55835199054123040169e-21
-6.74819913146161642081e-21
1.72335966455989697068e-21
-5.54915563594379421452e-21
-1.01291354143746183404e-21
-7.86752741960581588364e-21
3.41847882164009772659e-21
1.42696176757461626069e-21
-1.8177338229672207535e-21
1.13737780693925982648e-20
1.2762974988552569063e-20
1.30592642716744098231e-20
-2.71903699659940263004e-21
