-2.49999999999999982006
-6.75650248872424083059
2.66666666666666730782
-1.41016417794242705206
0.371720620026433115799
-6.75650248872423974788
3.79711805805829499108e-16
1.18110333583687441973e-16
2.48668415695269230734
2.66666666666666593156
2.67301037332410005053e-16
2.13595994441921301939
-1.41016417794242598166
2.48668415695269184052
0.371720620026432970494
-6.7565024887242405308
-5.85060092245298555847e-17
2.07214487899869611677e-16
2.48668415695269217649
-3.01666221410272062652e-16
-1.44556301108048247177e-15
10.5189511216489717744
9.80021453033168101224e-16
10.5189511216489703949
2.48668415695269255271
2.66666666666666667441
-9.1310107284904671706e-16
2.1359599444192130016
-2.58656891548335463201e-16
10.5189511216489695777
2.13595994441921331877
-1.41016417794242725704
2.48668415695269175308
2.48668415695269180522
0.371720620026432848799
0.514903595642956202831
-7.49697600950091387728
-1.60018944162323071488
0.174765402721534831631
-0.471893290382968552726
-2.41013805983789257154
-4.74585378779452718394
0.405521899485314576359
-0.328985293082752794318
2.01253284601971770287
1.76426222586456696945
-1.65816720152367815992
-1.56901055103678843325
0.134916303415327772034
0.914391682148438139197
-2.41013805983789289534
-4.74585378779452764006
0.40552189948531438531
-0.328985293082752933137
-5.78251774233405118839e-16
-9.79688175314088036278e-16
-6.52157297775217835508
5.69189933930951123803e-16
1.89302198738206187894
1.55588078648607888122
2.01253284601971805175
1.7642622258645667644
-1.65816720152367791833
2.15449967007948695158e-18
1.89302198738206150164
2.17227979404158733764
-1.56901055103678931569
0.134916303415327066937
1.55588078648607822302
0.914391682148438257153
-0.465395025684694784092
0.270961863491907697181
-7.77280629118870796183
-1.06562271420354558271
-0.572239206137691013207
0.388517976451696862138
-3.79779040227056105669
-3.79779040227056107887
1.9813945435204613607
0.61049587042163121434
3.08745889526299202867
0.709916884080809444263
-1.25557454532494072196
-1.71983870714880011717
0.981026591342870926672
0.388517976451696696453
-3.7977904022705614352
-3.79779040227056130265
1.98139454352046127917
-2.98538373226032547861e-16
-7.82133140812087860416e-16
3.29976668620754654941
-4.00115830279028676312e-17
-3.01171183653154180431
0.779597351734605973792
0.61049587042163126989
3.08745889526299181124
0.709916884080809525082
9.63362522393579055979e-17
-3.01171183653154208809
1.08143024897785919706
-1.25557454532494079141
-1.7198387071488004327
0.779597351734605727454
0.981026591342870896496
0.238930660717393203242
-0.588997213104438625209
0.145553680264708632503
-7.4969760095009137664
0.837820239983192784123
-0.0414853193848425646368
0.405521899485314801079
-4.74585378779452727021
-5.90085808825209069299
-0.171966136966425080406
1.76426222586456675689
3.46635463763900475161
-0.470287862738469245371
-2.28357652652383137339
0.938943846663096231847
-0.0414853193848424287265
0.405521899485314574997
-4.74585378779452792819
-5.90085808825209094151
2.98776686998779603739e-16
-6.09605554287248342182e-16
0.27962138566801958801
-2.02274468895968544056e-16
0.108590205335856535448
-0.0308682951307516249608
-0.171966136966425265666
1.76426222586456695044
3.46635463763900482766
-1.12161248629087481408e-16
0.108590205335856921581
-0.0587119457631358546519
-0.470287862738469123649
-2.28357652652383135606
-0.0308682951307517484961
0.938943846663096242238
-1.83360481035219607156e-16
4.91632078853897242957e-16
-8.0403005098438358916e-16
4.20655764956828810432e-16
7.15484586348117933697e-17
-3.54610243448089119884e-17
-1.41756311170945122381e-15
6.94810242077974872064e-16
3.18372690021723997883e-16
-1.8669730885082482358e-16
-5.80583636768708993978e-16
1.87750214001865254846e-16
-2.77544955630322349163e-16
-9.35948520148981822776e-17
-3.06074055700298370761e-17
1.05268120558729998991e-16
-8.32345569804004807643e-16
5.60472206335557935348e-16
2.94477976877185781208e-16
-7.42077875183119728431e-16
-1.37177617012670792643e-16
1.77731739917469289637e-15
-8.51797383013452701824e-16
-6.43072566559918079643e-16
-1.01967328418724343178e-16
-2.6967202562695735485e-17
3.99763922694670780689e-16
8.97244166914482209858e-17
-3.37176584499942765216e-16
-2.07020575774084045686e-16
-2.07113478910653537704e-16
-2.70646488092478335983e-16
7.80894725075904023427e-17
-2.28867082934269462361e-16
1.18975687290110709091e-16
0.514903595642956473215
-2.41013805983789335374
2.01253284601971857554
-1.56901055103678926647
0.914391682148438460044
-7.49697600950091381785
-4.74585378779452712828
1.76426222586456667408
0.134916303415327191892
-1.60018944162323067833
0.405521899485314147815
-1.65816720152367815478
0.174765402721534796798
-0.328985293082753061367
-0.471893290382968697869
-2.4101380598378931486
-8.0111974661899522541e-17
-3.19882839023156321238e-16
1.55588078648607839153
-4.74585378779452739323
-1.45077880294819362819e-15
1.89302198738206126273
0.405521899485313758243
-6.5215729777521792805
-0.328985293082753712579
2.0125328460197181861
-4.15487171379634678844e-17
2.17227979404158713044
1.76426222586456685379
1.89302198738206144304
-1.65816720152367829841
-1.56901055103678936978
1.55588078648607795691
0.134916303415326909786
0.914391682148438373958
-0.387466613957483285989
0.112451984183783451275
-0.654303618632950552047
0.129707728306271618808
0.11676294488765359537
0.11245198418378344888
-9.77527401198213363869
-1.34243294185420301656
0.0340402690460436362329
-0.654303618632950462632
-1.34243294185420308597
1.17996023490513143877
0.129707728306271561828
0.0340402690460436558406
0.116762944887653582765
0.211965176132643100015
-2.072502889699472533
0.157567058145796974778
-0.341811352403437008864
-2.07250288969947241078
-3.5491498060579352818
1.48267116741681957778
0.157567058145796807222
1.48267116741681906633
-0.341811352403437109946
0.791501392153460321986
1.68486588370840608327
-1.14026098295767020249
1.68486588370840600755
-0.227005047269950008988
-1.14026098295767044358
-1.4146285132462308222
-0.390931883395912241588
-0.390931883395912250508
1.02115330689065714076
0.303563642026621607229
-0.531569631466563984092
0.101441935393147333773
-0.548825375589052191225
-0.241263792718194580047
-0.28911349159044138516
0.184865883708405780868
-9.97898383891366719019
-1.37358863135715830052
0.0972663294655965662265
-1.34243294185420311013
-2.07419054763818408915
0.103309046747911062279
0.314429890566476308334
-0.0610509978226708612586
-0.016173339085201042495
0.157567058145796964791
-2.07250288969947247045
0.101709415626348199839
0.157567058145796811004
-3.54914980605793528152
-4.28626293777701801525
0.157567058145796943031
0.321199473288572924503
0.0826775368239739766811
-0.15418493103302992589
1.68486588370840595071
1.70873185514124351095
0.778384934494211384358
3.12061093446076366499
-0.264509828017266182604
-0.677352685929744714314
-2.35847704999654266079
-1.10813971360420101939
1.36308257085089386018
-1.4107313179535562941e-16
9.63798119228074474364e-17
-3.96174816750992016826e-16
3.10362363485901777462e-16
-9.3429299013012642991e-17
1.48414803400732147476e-16
-7.15929680286355890388e-16
-4.9583953843654679905e-16
2.45027057936420800311e-16
-3.95708899955944857208e-17
-4.72926456270326740505e-16
-1.22291730447628258107e-16
-9.42877867283593322371e-17
9.06748401539246689237e-17
-1.49788048530659337102e-17
5.61477708066651507932e-17
-2.87508292817974859591e-16
-1.0758329913772205341e-16
3.09881999859846717178e-16
-1.22270476736725735563e-16
-8.93750629543540082958e-16
-7.61188994110528745422e-17
1.20594442351677703372e-16
1.5788916335271260613e-16
1.09075321577279951201e-16
-6.87989405000089503692e-17
4.57132810251073086288e-16
7.08038646758718025051e-17
1.63544645504504286262e-16
3.83280172632092756204e-16
1.50935612642477528692e-16
-2.19732903181065689658e-16
-9.66296929572492209616e-17
-1.49560638770405594393e-16
1.75780462901117082848e-16
-0.465395025684694753839
0.388517976451696767935
0.610495870421631289111
-1.25557454532494096603
0.981026591342870971818
0.270961863491907647806
-3.79779040227056156178
3.08745889526299227543
-1.71983870714880044257
-7.77280629118870783007
-3.79779040227056111593
0.709916884080809774593
-1.06562271420354543588
1.98139454352046187322
-0.572239206137690937119
0.388517976451696781318
-5.69595901769660907421e-16
-2.49668180214643835514e-16
0.779597351734605837617
-3.79779040227056199063
-7.37925776598321497821e-16
-3.01171183653154275894
-3.79779040227056075103
3.29976668620754887105
1.98139454352046213128
0.610495870421631367227
2.9249178370582976315e-16
1.08143024897785904602
3.08745889526299178577
-3.01171183653154224786
0.709916884080809814896
-1.25557454532494090111
0.779597351734605612173
-1.71983870714880047784
0.981026591342870938747
0.30356364202662161542
-0.289113491590441346982
0.0972663294655967302546
0.103309046747910929239
-0.0610509978226707947565
-0.531569631466563972603
0.184865883708405801292
-1.34243294185420301803
0.314429890566476196525
0.101441935393147280342
-9.97898383891366725285
-2.07419054763818408882
-0.548825375589052108633
-1.37358863135715826166
-0.241263792718194758226
-0.0161733390852010760836
0.157567058145797035727
0.157567058145796940341
0.0826775368239739844731
0.157567058145797068683
-3.54914980605793535843
0.321199473288572806479
-2.07250288969947248571
-4.28626293777701805903
0.101709415626348186841
-0.154184931033029973084
0.778384934494211196193
-0.264509828017266156608
1.68486588370840594377
3.12061093446076351542
1.70873185514124366833
-0.677352685929744682473
-1.10813971360420101067
-2.35847704999654268809
1.36308257085089385494
-4.86397333264162431547e-17
-5.86987834815948052125e-17
-2.10511726054019927346e-16
-9.17267543230219920089e-17
5.29660785802499923287e-17
-9.18192158436097150266e-17
-6.59292102572828127227e-16
-4.66402634741645068349e-17
-1.22610625276192903879e-16
2.50517200993724014206e-16
3.39330647157108200113e-16
3.19789204327184098714e-16
-4.15741808654843895185e-16
-3.53169444757809219377e-16
1.31422755490068039095e-16
-1.88118650991306302065e-17
-2.5108844266845277342e-16
-1.9549404111670997517e-16
-3.83573093890328984683e-17
-3.5966427579927529393e-17
-2.70695927192831702622e-16
2.19616771768446156487e-16
-2.74250176147176143906e-16
6.71064629237628620507e-18
-3.8895441504110374519e-16
3.78322379207360366032e-18
1.95348222203696899617e-16
-3.59726883565727827114e-17
1.15410487502031559006e-16
2.14472213057777790909e-16
3.07797873486465697063e-17
-1.07493494654789335383e-16
1.1419669922760986541e-17
9.91145255058573463816e-17
6.51299957214086755762e-17
0.238930660717393147546
-0.0414853193848422556264
-0.171966136966425355724
-0.4702878627384691985
0.938943846663096488885
-0.588997213104438832817
0.405521899485314593224
1.76426222586456723139
-2.28357652652383206559
0.145553680264708897883
-4.74585378779452804612
3.46635463763900593289
-7.49697600950091459897
-5.90085808825209292327
0.837820239983192579781
-0.0414853193848423495217
-1.62446629127104933373e-16
4.52411848462859317791e-17
-0.0308682951307517308189
0.40552189948531459679
-7.476237473615519842e-16
0.108590205335857355074
-4.74585378779452868869
0.27962138566801810948
-5.90085808825209296777
-0.17196613696642536476
1.34547161099514576648e-16
-0.058711945763135849391
1.76426222586456719701
0.108590205335857327893
3.46635463763900544016
-0.470287862738469192769
-0.030868295130751751119
-2.28357652652383176017
0.938943846663096427472
-1.81938546179034871458e-16
-5.08437986177422546594e-17
2.7327306639495061525e-17
-2.61251169328994651535e-17
-1.25179756080825209134e-16
2.74431589611653879089e-16
-9.8612670943986235796e-16
-7.46637521439624292207e-16
2.33691402787759847592e-16
-6.62455479498778140215e-16
1.97922728069753230846e-16
-5.15054571299953371594e-16
1.1233681022898560686e-15
1.04973304259636287493e-15
-9.88936310845755167913e-17
7.54024166705599304325e-17
-2.21100476549345953875e-16
-1.45354633149284921224e-16
8.61644072506236316614e-17
-5.84348271633650844783e-16
-6.63283640313330816746e-16
-4.74127286198467369122e-16
5.78559282903072182117e-16
8.32316031217707836103e-16
1.17271494492905217844e-15
7.26364275006756362761e-17
2.34925558846024323645e-16
3.60519679085085850493e-17
2.13612002445297796168e-16
2.46745328988989630245e-16
-3.34141956955915784032e-16
-1.4365358002956585933e-16
-8.38743412421658896931e-17
2.13434932438324132392e-16
7.42152496441467416994e-17
-2.78160240815891146057e-16
-2.6028586592399694376e-17
-1.91936311037695281751e-17
-2.60309941300203850184e-17
-2.78160122608242344233e-16
4.86897243855425502861e-16
-7.88638891360339635318e-16
-7.88632791909866250574e-16
4.86897412809849480792e-16
-1.02129969987253748635e-15
-5.14068642032158928164e-16
-1.02129065846786879003e-15
1.67337779238842727608e-15
1.673378595089539972e-15
-1.68866325714520719503e-16
1.55230580327734579695e-16
-2.47849818075538648197e-16
-2.4785664900129085709e-16
1.55232370943490819634e-16
-4.78980582275097545779e-16
8.96174636900688096488e-16
-4.78981180600338017991e-16
9.83147296112016545941e-16
9.83150720920522939286e-16
2.07152399762492483886e-15
5.93044560993594945035e-17
5.4354595451772083583e-16
5.93021851634713738171e-17
7.29153182947543307352e-16
7.29140882141711263186e-16
-3.40853096518673051886e-16
-1.66085881121698066371e-16
-1.66084819986013775499e-16
1.33541365625710589625e-16
1.35614459648368207353e-16
-0.322916644340236736884
3.49072002841419907882
-1.45382179161928760166
0.714565975487042917655
-0.0245521645146582735261
3.49072002841419847057
-0.279621385668020428025
-0.10859020533585669206
1.58674908161683028492
-1.45382179161928712528
-0.108590205335856768607
2.23099173980472271361
0.714565975487042828685
1.58674908161682994133
-0.0245521645146580424356
-3.9943677688008559144e-16
9.27883252105118954716e-17
2.44324688770039098816e-16
0.605204166153796715363
-3.05932094580957238076e-16
1.49047041737626052012e-15
1.8930219873820620141
3.9000495843369754037e-16
1.89302198738206178806
0.6052041661537968749
-1.74574312188793889195
2.97040520884926100999e-16
-1.48620106455725312134
-4.28450761840809147822e-18
-6.52157297775217908545
-1.48620106455725319384
0.763762615825973639566
-0.28749997369791062893
-0.287499973697910674649
-0.710823951100361729858
-0.146202821239288683147
1.48604061554094181297
1.41988692900523373348
-0.184722162260204731152
0.177813942710324367513
0.110255760506294918544
2.21376004807754535801
-0.163632415142776054739
-0.424488889227410896719
-0.917230462987783438678
-1.43574505075235761325
-0.875751154940404158622
0.943848536750312191763
0.717207830208289174846
-0.34192926396023680671
0.661277359772835499407
0.203709826931533861643
-6.48873325029339073039e-17
-0.0692687777018672310832
2.07561279579595293379e-16
5.40628402971260280292e-16
1.32510410927102258127
1.80676707538696671322e-16
-1.00538998176416101854
0.286420802533832759341
-0.755745554026097576504
-1.52729882556260861604
1.0826939054395347507
-5.85325178827093579273e-17
1.32510410927102231562
-0.98607605192464060544
0.66127735977283545243
0.323153760636485135541
-0.325638013318235786417
-0.186800697138967988967
0.364614639849292421952
-0.84599952203304038704
2.17563248303133157306
0.824763255768106176431
2.55758244725824038764e-17
-0.0988508759091750403577
-0.163632415142775914297
2.21376004807754527405
-4.72337985768973534599e-17
0.110324896984236257585
-1.43574505075235778821
-1.33231691290035174772e-16
0.430787027674456386236
1.58104059140605516481e-16
-6.35030628608164876747e-17
-0.392422538338352249316
1.52729882556260880422
5.72831641127027999236e-17
-0.824763255768106305129
1.61814894945581843315e-16
6.3709179114298940117e-16
-2.21376004807754551542
1.46678629545161896292e-16
1.43574505075235757674
-0.430787027674456228728
-1.01495457587531910895e-16
-1.52729882556260843476
-2.17563248303133107692
1.91703414128919248259e-17
0.16363241514277607771
-0.110324896984236292151
0.392422538338352252889
0.845999522033039999939
0.0988508759091751310474
-0.36461463984929232903
-0.938943846663096701286
2.2835765265238324373
-3.46635463763900641802
5.90085808825209261257
-0.837820239983192912135
0.0308682951307518117159
-0.108590205335857157114
-0.279621385668019511412
5.90085808825209146632
0.0587119457631356326147
-0.108590205335856878172
-3.46635463763900488834
0.03086829513075161442
2.28357652652383127971
-0.938943846663096174955
0.470287862738469242656
-1.76426222586456738905
4.74585378779452815786
7.49697600950091358516
-4.5453570523091110633e-16
6.29971565783660584804e-17
4.74585378779452826645
-3.36048704834538605409e-16
-1.76426222586456662806
0.470287862738468903626
0.171966136966425492716
-0.40552189948531493151
-0.145553680264708418674
2.94063099857861416407e-16
-0.405521899485314683856
0.171966136966425529217
0.0414853193848423257317
0.588997213104438439344
0.0414853193848423883145
-0.238930660717393015118
-0.14620282123928874353
0.110255760506295018465
-0.917230462987783552653
0.943848536750312253325
-0.341929263960236874235
1.48604061554094183146
2.21376004807754558625
-1.43574505075235786113
0.717207830208289041942
1.41988692900523355349
-0.163632415142775918356
-0.875751154940404140044
-0.184722162260204681573
-0.424488889227410828176
0.177813942710324360611
0.661277359772835469008
1.78682956789462105078e-16
2.26306662463803704685e-16
0.286420802533832644379
0.203709826931533787747
2.84145349265316301389e-16
-1.00538998176416128974
1.4962256186717429909e-16
1.32510410927102279256
-0.0692687777018670924489
-0.755745554026097711381
-1.50202684126246079608e-16
-0.986076051924640426412
-1.52729882556260862769
1.32510410927102238213
1.08269390543953491618
0.661277359772835477281
-0.325638013318235761664
0.323153760636485187802
-0.186800697138967997658
0.361726587629866040695
-0.535776706853594499096
-0.0632793451451252785593
-0.124753576409435107287
2.62598303356494006088e-17
-0.535776706853594471667
1.90624951620870179735
1.04559335401700765836
-6.45060424485369757862e-17
-0.0632793451451252981963
1.04559335401700762393
-1.11889184757652450208e-17
-0.124753576409435057409
-6.53876377967649669651e-17
3.15709399460498106018e-17
-0.411023130444159342719
0.860656162191694214639
3.37293545017570262098e-17
0.12475357640943501636
0.860656162191694126331
7.98274825171521733024e-17
-1.04559335401700766626
1.07451281581117535113e-16
-1.04559335401700743878
0.12475357640943503581
-1.8780479730804429385e-17
-0.860656162191694191409
0.0632793451451253067104
-0.860656162191694216819
-1.90624951620870167586
0.0632793451451253660803
0.411023130444159401884
0.535776706853594398871
0.535776706853594409121
-0.361726587629865996582
-1.36308257085089398362
2.35847704999654316458
-1.70873185514124398169
-0.101709415626348013173
0.241263792718194494843
1.10813971360420112804
-3.12061093446076384837
4.28626293777701786434
1.37358863135715845086
0.264509828017266343742
-0.321199473288572865275
2.07419054763818418865
-0.0826775368239741882827
-0.314429890566476296539
0.0610509978226708612188
0.677352685929744552723
-1.68486588370840598775
2.07250288969947246606
0.548825375589052185866
-0.778384934494210845892
3.54914980605793491399
9.97898383891366747541
-0.157567058145797188946
1.34243294185420287995
-0.103309046747910955034
0.154184931033030073962
-0.157567058145797352289
-0.101441935393147272234
-0.157567058145797145611
-0.184865883708406044946
-0.0972663294655968248927
0.0161733390852011234028
0.531569631466564013135
0.289113491590441415966
-0.303563642026621662767
0.364614639849292454547
-0.0988508759091750714568
0.110324896984236216736
0.430787027674456379057
6.74580051365845508785e-17
-0.845999522033040414561
-0.163632415142776036095
-1.43574505075235767104
-1.09016082490568797315e-16
2.17563248303133162635
2.213760048077545411
1.76479358000877545835e-16
0.824763255768105926442
-3.26456184419721921615e-16
9.90414759320466700069e-17
-0.39242253833835230951
1.09641240790336968335e-16
1.3375734388919097675e-16
-0.430787027674456441697
1.52729882556260900902
5.30873988722661090698e-16
1.43574505075235837407
-8.31886045231044593322e-16
-2.21376004807754648919
-0.824763255768106965132
-3.70898363353043238914e-17
-4.30764138988332514105e-17
-0.110324896984236286736
-1.52729882556260856493
0.163632415142775928267
-2.17563248303133164609
0.392422538338352269519
0.09885087590917517859
0.845999522033040055337
-0.364614639849292360497
-1.36308257085089397949
1.10813971360420112374
0.264509828017266290848
-0.0826775368239740307708
0.0610509978226707433713
2.35847704999654309608
-3.12061093446076388219
-0.321199473288573128171
-0.314429890566476136539
-1.70873185514124395168
4.28626293777701816064
2.0741905476381841714
-0.101709415626348170718
1.37358863135715837316
0.241263792718194644727
0.677352685929744638035
-0.778384934494211334683
-0.157567058145797110352
-0.103309046747910853537
-1.6848658837084061028
3.54914980605793506393
1.34243294185420295612
2.07250288969947298387
9.97898383891366775119
0.548825375589052452829
0.154184931033030039975
-0.15756705814579712036
-0.0972663294655967034599
-0.157567058145797158505
-0.184865883708405877349
-0.101441935393147092749
0.0161733390852010768524
0.289113491590441406333
0.531569631466563958647
-0.303563642026621632767
-0.938943846663096320928
0.0308682951307515722491
0.0587119457631357855947
0.0308682951307515722521
-0.938943846663096320927
2.28357652652383181101
-0.108590205335856752086
-0.108590205335856752101
2.28357652652383181102
-3.46635463763900564636
-0.279621385668020017333
-3.46635463763900564635
5.9008580882520921903
5.90085808825209219031
-0.837820239983192652454
0.470287862738469080351
-1.05310898961703376791e-16
-1.05316625074021130162e-16
0.470287862738469080354
-1.76426222586456715067
-4.39738879477828439914e-16
-1.76426222586456715068
4.74585378779452819371
4.7458537877945281937
7.49697600950091456412
0.171966136966425418063
-2.60558378690970287389e-17
0.171966136966425418064
-0.405521899485314971918
-0.405521899485314971915
-0.145553680264708046009
0.0414853193848423226565
0.0414853193848423226561
0.58899721310443840284
-0.23893066071739302674
0.106844180452996165604
-1.59287656706876543248
-0.0994210136591784383288
0.464264161823859503482
3.45631643273176194527e-17
-1.59287656706876518834
-3.29976668620754817507
3.01171183653154256607
-6.75776743469556296944e-17
-0.0994210136591783250137
3.01171183653154238434
-2.78801314192467838979e-17
0.464264161823859444811
7.36886579224194177294e-17
6.96692297754775021468e-17
1.33658457769545366836
3.62033012747416413189e-16
-2.21500357910372203491e-16
-0.464264161823859547639
7.7536932584066082662e-17
-5.69857341444488552116e-19
-3.01171183653154294965
-2.42366135788767057514e-16
-3.01171183653154272295
-0.464264161823859631823
-4.33633274679386063974e-16
-3.32969254236895423169e-17
0.0994210136591785184656
-1.47416706677440053368e-16
3.29976668620754928534
0.0994210136591785984608
-1.33658457769545383202
1.59287656706876519568
1.59287656706876533098
-0.106844180452996063529
0.186800697138967916059
-0.323153760636485005186
-1.08269390543953504988
0.069268777701867225489
-0.177813942710324427318
0.325638013318235899429
-1.32510410927102270317
-1.32510410927102256661
0.424488889227410921264
0.986076051924640418173
1.00538998176416157657
0.875751154940404181443
-0.286420802533832603979
-0.717207830208288896563
0.341929263960236817051
-0.661277359772835497928
1.5272988255626086929
2.56118530285242705035e-16
0.184722162260204658688
-1.08564130184291442981e-16
5.59705429977563560704e-17
0.163632415142776093239
-1.96242324610057449519e-16
1.43574505075235752963
-0.943848536750312012997
0.75574555402609763884
-0.203709826931534150989
-1.4198869290052336592
2.54718910235592825285e-16
-2.21376004807754557566
0.917230462987783368443
-0.66127735977283529121
-1.48604061554094183079
-0.110255760506294613036
0.146202821239288597746
-0.981026591342870840102
1.71983870714880046462
-0.709916884080809706669
-1.98139454352046210231
0.572239206137690889455
-0.779597351734605963243
3.01171183653154292191
-3.29976668620754816474
-1.98139454352046195408
-1.08143024897785908697
3.01171183653154274983
-0.709916884080809513192
-0.779597351734605715893
1.71983870714880009745
-0.981026591342870770355
1.255574545324940807
-3.08745889526299241175
3.79779040227056139849
1.0656227142035460119
1.77028844794040230796e-16
-8.18711872567099246285e-16
3.79779040227056122125
1.43561558823013782102e-16
-3.08745889526299180042
1.25557454532494075355
-0.610495870421630987197
3.79779040227056124034
7.77280629118870738295
-3.6572613504666159023e-16
3.79779040227056088547
-0.610495870421631175455
-0.388517976451697060972
-0.270961863491907326414
-0.388517976451697118484
0.465395025684694721178
0.186800697138968006364
0.325638013318235847427
0.98607605192464060552
-0.28642080253383270655
0.341929263960236857053
-0.32315376063648509861
-1.3251041092710229326
1.00538998176416149613
-0.717207830208288958462
-1.08269390543953496989
-1.3251041092710226169
0.875751154940404249629
0.0692687777018672675608
0.42448888922741093928
-0.177813942710324431793
-0.661277359772835580135
-1.67364627516611486877e-16
-1.72132057652259140001e-16
-0.943848536750312107139
1.52729882556260882803
-1.1111420329403112567e-16
1.43574505075235787085
1.12764473281432722221e-16
0.163632415142775837004
0.184722162260204720677
0.755745554026097716092
3.44957631659369443095e-16
0.917230462987783493344
-0.203709826931534397351
-2.21376004807754594146
-1.41988692900523402162
-0.661277359772835389171
-0.110255760506294737358
-1.48604061554094204411
0.146202821239288649443
-1.021153306890657021
0.390931883395911934445
1.14026098295767059339
0.341811352403436851111
-0.11676294488765361698
0.390931883395912088564
0.227005047269950453079
-1.48267116741682012758
-0.0340402690460437039877
1.14026098295767045452
-1.48267116741681991461
-1.17996023490513163128
0.341811352403436777197
-0.0340402690460436883825
-0.116762944887653610212
1.41462851324623077636
-1.68486588370840590493
-0.157567058145797218089
-0.129707728306271548819
-1.68486588370840589188
3.54914980605793463492
1.34243294185420285822
-0.157567058145797142165
1.34243294185420282588
-0.129707728306271632531
-0.791501392153460315773
2.07250288969947208039
0.654303618632950465083
2.07250288969947250527
9.77527401198213340127
0.654303618632950675755
-0.211965176132643547885
-0.11245198418378344973
-0.112451984183783374645
0.387466613957483331115
-0.981026591342870727549
-0.77959735173460584299
-1.08143024897785901683
-0.779597351734605842987
-0.981026591342870727547
1.71983870714880021622
3.01171183653154288551
3.01171183653154288551
1.71983870714880021622
-0.70991688408080955531
-3.29976668620754797059
-0.709916884080809555306
-1.98139454352046189817
-1.98139454352046189817
0.572239206137690690987
1.25557454532494070525
1.77355480098660862308e-16
1.77345175156316133131e-16
1.25557454532494070526
-3.08745889526299210948
-1.16554055020535258728e-15
-3.08745889526299210949
3.79779040227056130136
3.79779040227056130137
1.06562271420354632485
-0.610495870421631127041
-4.80865144234950052487e-16
-0.610495870421631127044
3.79779040227056057215
3.79779040227056057215
7.77280629118870764632
-0.388517976451696895108
-0.388517976451696895106
-0.270961863491907139373
0.465395025684694600821
0.710823951100361560298
0.287499973697910578767
1.48620106455725325221
-0.605204166153796447767
0.0245521645146579329245
0.28749997369791052564
6.52157297775217903229
-1.89302198738206122659
-1.5867490816168296465
1.48620106455725309702
-1.89302198738206104428
-2.23099173980472272346
-0.605204166153796354284
-1.58674908161682959071
0.0245521645146578348488
-0.763762615825973046918
-8.7283618998385842835e-17
-3.17493424807517900964e-16
-0.714565975487042092969
-1.32017094468874992244e-16
7.5404972416833792444e-16
0.108590205335856685359
-3.15570770401932438705e-16
0.108590205335856700778
-0.714565975487042149615
1.7457431218879388677
1.28762439642477801636e-15
1.45382179161928650683
1.34282531650943703606e-15
0.279621385668020721235
1.45382179161928662025
8.63102288271066180251e-16
-3.49072002841419750917
-3.49072002841419753055
0.322916644340236170017
-0.914391682148438066448
-0.134916303415327439897
1.65816720152367856825
0.328985293082752782109
0.471893290382968823228
-1.55588078648607815038
-1.89302198738206100578
6.52157297775217896533
0.328985293082752719753
-2.17227979404158699783
-1.8930219873820607622
1.65816720152367841949
-1.55588078648607805606
-0.134916303415327353069
-0.914391682148438188601
1.56901055103678897795
-1.76426222586456689149
-0.405521899485314630432
-0.174765402721535243233
3.9431268086556460545e-16
-9.04512311575028993312e-17
-0.405521899485314623028
3.453385630757057268e-16
-1.76426222586456678777
1.56901055103678900464
-2.01253284601971816494
4.74585378779452748727
1.60018944162323128556
-1.02065615097867653073e-15
4.74585378779452720718
-2.01253284601971824954
2.41013805983789245256
7.49697600950091317639
2.41013805983789242509
-0.514903595642956055401
-0.914391682148438077086
-1.55588078648607818553
-2.17227979404158718358
-1.55588078648607818553
-0.914391682148438077084
-0.134916303415327206731
-1.89302198738206066997
-1.89302198738206066997
-0.134916303415327206735
1.65816720152367828175
6.52157297775217894994
1.65816720152367828175
0.328985293082752858551
0.328985293082752858553
0.471893290382968860252
1.56901055103678891187
4.06448778149063708913e-16
4.06449042849546509845e-16
1.56901055103678891186
-1.76426222586456674697
8.47950643778100223411e-18
-1.76426222586456674697
-0.405521899485314574266
-0.405521899485314574269
-0.174765402721535233647
-2.01253284601971812245
-1.11497182824056236838e-15
-2.01253284601971812245
4.7458537877945270768
4.74585378779452707679
1.6001894416232313058
2.41013805983789243734
2.41013805983789243735
7.49697600950091325684
-0.514903595642956144492
-0.371720620026432885413
-2.48668415695269109099
-2.13595994441921254027
-2.48668415695269109099
-0.371720620026432885404
-2.4866841569526909436
-10.5189511216489691951
-10.5189511216489691951
-2.48668415695269094359
-2.13595994441921272102
-10.5189511216489694552
-2.13595994441921272102
-2.48668415695269069394
-2.48668415695269069394
-0.371720620026433227261
1.41016417794242663023
-3.3044480694500893031e-16
-3.3044022782368815039e-16
1.41016417794242663023
-3.30483970473398738053e-16
-1.47072906984882868753e-15
-3.30478226621932741415e-16
-3.30519554214301880097e-16
-3.30514350167582296374e-16
1.41016417794242663023
-2.66666666666666665217
2.19377010929370093159e-16
-2.66666666666666665217
2.19399897308038961411e-16
2.194088493603782245e-16
-2.66666666666666665219
6.75650248872424024268
6.75650248872424024267
6.75650248872424024268
2.49999999999999959033
