-1.0
-0.577350269189625764509
-0.408248290463863016366
-0.654653670707977153355
-0.577350269189625764509
-0.408248290463863016366
0.0
-0.577350269189625764509
-0.408248290463863016366
0.654653670707977153354
-0.577350269189625764509
-0.408248290463863016366
1.0
-0.577350269189625764509
-0.408248290463863016366
-0.827326835353988576677
-0.278271574919027966843
-0.408248290463863016366
-0.327375358136490292892
-0.189010251146152811885
-0.408248290463863016366
0.327375358136490292892
-0.189010251146152811885
-0.408248290463863016366
0.827326835353988576677
-0.278271574919027966843
-0.408248290463863016366
-0.5
0.288675134594812882255
-0.408248290463863016366
-6.61744490042422139897e-24
0.37802050229230562377
-0.408248290463863016366
0.5
0.288675134594812882255
-0.408248290463863016366
-0.172673164646011423323
0.855621844108653731352
-0.408248290463863016366
0.172673164646011423323
0.855621844108653731352
-0.408248290463863016366
0.0
1.15470053837925152902
-0.408248290463863016366
-0.827326835353988576677
-0.47765737109942649862
-0.126274193360985760805
-0.327375358136490292892
-0.447903596508468113634
-0.0421178102443350875896
0.327375358136490292892
-0.447903596508468113634
-0.0421178102443350875896
0.827326835353988576677
-0.47765737109942649862
-0.126274193360985760805
-0.551583572090993528594
-0.0595635784649951610102
-0.0421178102443350875896
0.0
0.0
0.0
0.551583572090993528594
-0.0595635784649951610102
-0.0421178102443350875896
-0.224208213954503235703
0.507467174973463274645
-0.0421178102443350875896
0.224208213954503235703
0.507467174973463274645
-0.0421178102443350875896
6.61744490042422139897e-24
0.955314742198852997241
-0.126274193360985760806
-0.5
-0.288675134594812882255
0.408248290463863016366
-6.61744490042422139897e-24
-0.258893345362315301749
0.492483910952533191545
0.5
-0.288675134594812882255
0.408248290463863016366
-0.224208213954503235703
0.129446672681157650875
0.492483910952533191545
0.224208213954503235703
0.129446672681157650875
0.492483910952533191545
0.0
0.577350269189625764509
0.408248290463863016366
-0.172673164646011423323
-0.0996928980901992658887
0.942770774288711793538
0.172673164646011423323
-0.0996928980901992658887
0.942770774288711793538
-6.61744490042422139897e-24
0.199385796180398531777
0.942770774288711793538
0.0
0.0
1.2247448713915890491
