-1.50000000000000002621
2.00000000000000001182
-0.499999999999999985606
-4.11571899542418026051e-23
4.11571899542418026051e-23
0.0
-4.30802334732170019393e-23
4.30802334732170019393e-23
0.0
0.0
-0.500000000000000020301
3.30553230360523837278e-22
0.500000000000000020301
-3.1231022603605470448e-23
3.1231022603605470448e-23
0.0
-1.90919957091791992263e-23
1.90919957091791992263e-23
0.0
0.0
0.499999999999999985607
-2.00000000000000001182
1.50000000000000002621
-2.13048552529691382909e-23
2.13048552529691382909e-23
0.0
4.89624205485860348668e-24
-4.89624205485860348668e-24
0.0
0.0
-0.500000000000000002954
1.00000000000000000591
-0.500000000000000002954
-1.0000000000000000406
1.0000000000000000406
0.0
-2.13667423937000250084e-23
2.13667423937000250084e-23
0.0
0.0
0.500000000000000002954
-1.00000000000000000591
0.500000000000000002954
-1.0000000000000000406
1.0000000000000000406
0.0
2.62149537033777770455e-24
-2.62149537033777770455e-24
0.0
0.0
0.500000000000000020301
-4.23421897981560904287e-22
-0.500000000000000020301
-2.00000000000000008121
2.00000000000000008121
0.0
3.46748685816951922429e-25
-3.46748685816951922429e-25
0.0
0.0
-0.500000000000000002954
1.00000000000000000591
-0.500000000000000002954
-2.19939921422585933483e-23
2.19939921422585933483e-23
0.0
-1.0000000000000000406
1.0000000000000000406
0.0
0.0
0.500000000000000002954
-1.00000000000000000591
0.500000000000000002954
-1.20678247916222611912e-23
1.20678247916222611912e-23
0.0
-1.0000000000000000406
1.0000000000000000406
0.0
0.0
0.500000000000000020301
-1.65229327357467284764e-22
-0.500000000000000020301
-1.0000000000000000406
1.0000000000000000406
0.0
-1.0000000000000000406
1.0000000000000000406
0.0
0.0
0.500000000000000020302
-3.30553230360523837278e-22
-0.500000000000000020301
3.37829957985737816203e-23
-3.37829957985737816203e-23
0.0
-2.00000000000000008121
2.00000000000000008121
0.0
0.0
