-1.50000000000000010331
-1.46489341073070624575e-17
-2.85265134841054739286e-17
2.00000000000000015291
7.17020278538822718904e-17
-0.500000000000000078125
-5.35484006648639151968e-23
5.8748287083320720514e-23
-5.16666906998665471823e-24
0.0
-0.500000000000000041889
-1.00000000000000008301
-2.15876570901049796109e-17
1.0000000000000001123
1.0000000000000001123
-0.500000000000000078125
-2.67493231675961825623e-23
3.19492095860529878795e-23
-5.16666906998665471823e-24
0.0
0.499999999999999957081
-2.00000000000000002647
-7.70987157371496105973e-17
7.17014027870783254051e-17
2.00000000000000015291
-0.500000000000000078125
-2.17335825519288582711e-23
2.69334689703856635883e-23
-5.16666906998665471823e-24
0.0
-0.500000000000000023385
3.85495511826954569165e-18
-3.08397619136839768621e-18
-2.54426642298650213352e-17
2.31309786873304562223e-18
0.500000000000000045744
-2.82780329513689174956e-23
1.29535004208537210877e-23
1.53685857831385223957e-23
0.0
0.49999999999999999987
-1.00000000000000000205
-2.0431009692519124571e-17
-1.00000000000000003829
1.00000000000000001516
0.500000000000000045744
-1.81767059179508377706e-23
2.85217338743564136266e-24
1.53685857831385223957e-23
0.0
0.500000000000000056538
2.23587278167206394851e-17
2.23586990189281818322e-17
-2.00000000000000020379
-6.70759914244096728423e-17
1.50000000000000016961
-3.00766523787391979443e-24
-3.28412862416132783385e-23
3.59038406362636995097e-23
0.0
-0.500000000000000034564
-7.32440121564484867011e-18
-1.42632627829947406844e-17
1.00000000000000007645
3.58509336105822823654e-17
-0.500000000000000056152
-1.00000000000000006836
7.42181134705710166641e-23
1.00000000000000006836
0.0
0.499999999999999988691
-1.00000000000000001323
-3.16105243148945900104e-17
3.58506730298474787838e-17
1.00000000000000007645
-0.500000000000000056152
-1.0000000000000000406
-2.77555884543054716367e-17
1.00000000000000006836
0.0
0.500000000000000045358
1.11793654714802434275e-17
1.11792959519697205347e-17
-1.0000000000000001019
-3.35379167205701978046e-17
0.500000000000000067717
-1.00000000000000006836
2.84233268081040172378e-23
1.00000000000000006836
0.0
0.500000000000000034179
3.09632577267630329918e-23
3.54069578089158565799e-24
-4.62535288987476878278e-22
-2.40091862793068156565e-23
-0.500000000000000034179
-2.00000000000000013672
2.25320084916591708205e-23
2.00000000000000013672
0.0
