-1.50000000000000010653
3.5311471328437828898e-18
4.88815257944150132695e-18
3.53115966717767802405e-18
7.97213173429912304961e-18
4.88807901824123685329e-18
2.00000000000000014381
-1.51114873705899334696e-17
-1.51113923571310467457e-17
-0.500000000000000031866
-0.500000000000000026793
-1.00000000000000006483
-6.49175583522137667867e-18
5.75162762247548515084e-18
5.75166377900131592283e-18
4.88807901824123685329e-18
1.00000000000000006435
1.00000000000000006435
-1.51113923571310467457e-17
-0.500000000000000031866
0.499999999999999990495
-2.00000000000000000829
-8.03215561848244019443e-17
7.97202642836141303917e-18
3.5312649731153880345e-18
4.88807901824123685329e-18
-1.51117805100101023722e-17
2.00000000000000014381
-1.51113923571310467457e-17
-0.500000000000000031866
-0.500000000000000028335
7.67908885935850189403e-18
3.34611369400473782812e-18
-1.00000000000000007755
6.90816305835636554141e-18
6.22968297247086304001e-18
1.00000000000000006435
-1.51114271298782899669e-17
1.00000000000000006435
-0.500000000000000031866
0.5000000000000000063
-0.999999999999999998229
-2.53808384589609005179e-17
-1.00000000000000003369
-3.69457607028071382923e-17
6.22968297247086304001e-18
-1.5111510207233807432e-17
1.00000000000000006435
1.00000000000000006435
-0.500000000000000031866
0.500000000000000061426
3.03307953747503316992e-17
2.72467781942310814472e-17
-2.00000000000000020026
-6.35446592195884777829e-17
6.30820148484365626639e-17
-1.51120238700825824023e-17
-1.51116178835337224635e-17
2.00000000000000014381
-0.500000000000000031866
-0.500000000000000035405
4.07851834385870930522e-18
3.21502973856367364141e-18
4.07854412429438884794e-18
6.29899585043148907514e-18
3.21501600430237566695e-18
4.62815449300347908936e-19
-1.0639587281091117634e-17
-1.06396041266607659454e-17
0.500000000000000035335
0.500000000000000006169
-1.00000000000000000183
-3.24509519223822687314e-17
6.29897413177419184264e-18
4.07856584295168608044e-18
3.21501600430237566695e-18
-1.00000000000000005124
1.00000000000000004107
-1.06396041266607659454e-17
0.500000000000000035335
0.500000000000000048573
1.7478393209130950815e-17
1.43943537722647643142e-17
-1.00000000000000009782
-2.94594715035160959052e-17
3.23121625129348882278e-17
-1.000000000000000079
-1.06396203755737142866e-17
1.00000000000000006882
0.500000000000000035335
0.500000000000000035721
4.62585202920846074358e-18
1.54190487612794357717e-18
4.6258196237629228612e-18
4.62583462136096811464e-18
1.54186922240409709535e-18
-2.00000000000000014288
-6.16762027760843507795e-18
-6.16751405742058657788e-18
1.50000000000000010254
