-0.0111111111111111100009
-2.31296585889681586481e-18
0.0666666666666666624725
-0.0444444444444444489779
-5.02683120912336818198e-18
-0.0111111111111111095177
0.0666666666666666624725
-2.31296546141973245869e-18
-0.0111111111111111100009
-5.02685185961521805642e-18
-0.0444444444444444489778
-0.0111111111111111095177
0.0
0.0
0.0
0.0
0.0
0.0
-0.0111111111111111100009
-2.31292782186340071077e-18
0.0666666666666666624725
-0.0444444444444444489778
-5.02683303017797230518e-18
-0.0111111111111111095177
-2.31291853736792315229e-18
0.355555555555555565424
-2.31296585889681586481e-18
0.177777777777777784562
0.177777777777777784562
-0.0444444444444444488648
-2.31296546141973245869e-18
0.355555555555555565424
-2.31291738646110094879e-18
0.177777777777777784562
0.177777777777777784562
-0.0444444444444444488648
0.0
0.0
0.0
0.0
0.0
0.0
0.0
0.0
0.0
0.0
0.0
0.0
0.0666666666666666624724
-2.31291853736792315229e-18
-0.0111111111111111100009
-5.02682895108000369528e-18
-0.0444444444444444489778
-0.0111111111111111095177
-0.0111111111111111100009
-2.31291738646110094879e-18
0.0666666666666666624725
-0.0444444444444444489778
-5.02686266746388074093e-18
-0.0111111111111111095177
0.0666666666666666624725
-2.31292782186340071077e-18
-0.0111111111111111100009
-5.02683303017797230518e-18
-0.0444444444444444489778
-0.0111111111111111095177
0.0
0.0
0.0
0.0
0.0
0.0
-0.0444444444444444489778
0.177777777777777784562
-5.02683120912336818198e-18
0.177777777777777795788
0.35555555555555555975
-7.09308376775517580631e-18
0.0
0.0
0.0
0.0
0.0
0.0
0.0
0.0
0.0
0.0
0.0
0.0
-2.31295502772479331819e-18
0.355555555555555565424
-2.31292782186340071077e-18
0.177777777777777784562
0.177777777777777784562
-0.0444444444444444488648
-5.02682895108000369528e-18
0.177777777777777784562
-0.0444444444444444489779
0.35555555555555555975
0.177777777777777795788
-7.09314052319025105435e-18
0.0
0.0
0.0
0.0
0.0
0.0
-2.31292782186340071077e-18
0.355555555555555565424
-2.31295502772479331819e-18
0.177777777777777784562
0.177777777777777784562
-0.0444444444444444488648
0.0
0.0
0.0
0.0
0.0
0.0
-0.0111111111111111095177
-0.0444444444444444488648
-0.0111111111111111095177
-7.09314052319025105435e-18
-7.09308376775517580631e-18
0.0666666666666666697505
0.0
0.0
0.0
0.0
0.0
0.0
-0.0111111111111111100009
-2.31295502772479331819e-18
0.0666666666666666624725
-0.0444444444444444489778
-5.02688149000902696144e-18
-0.0111111111111111095177
0.0666666666666666624725
-2.31295502772479331819e-18
-0.0111111111111111100009
-5.02688149000902696144e-18
-0.0444444444444444489778
-0.0111111111111111095177
0.0
0.0
0.0
0.0
0.0
0.0
-5.02685185961521805642e-18
0.177777777777777784562
-0.0444444444444444489778
0.35555555555555555975
0.177777777777777795788
-7.09307758752288472355e-18
0.0
0.0
0.0
0.0
0.0
0.0
-0.0444444444444444489778
0.177777777777777784562
-5.02683303017797230518e-18
0.177777777777777795788
0.35555555555555555975
-7.09307758752288472355e-18
0.0
0.0
0.0
0.0
0.0
0.0
-0.0444444444444444489778
0.177777777777777784562
-5.02686266746388074093e-18
0.177777777777777795788
0.35555555555555555975
-7.09307610507065561476e-18
-5.02683303017797230518e-18
0.177777777777777784562
-0.0444444444444444489778
0.35555555555555555975
0.177777777777777795788
-7.09307758752288472355e-18
0.0
0.0
0.0
0.0
0.0
0.0
0.0
0.0
0.0
0.0
0.0
0.0
0.0
0.0
0.0
0.0
0.0
0.0
-0.0444444444444444489778
0.177777777777777784562
-5.02688149000902696144e-18
0.177777777777777795788
0.35555555555555555975
-7.0930760999007767863e-18
-5.02688149000902696144e-18
0.177777777777777784562
-0.0444444444444444489778
0.35555555555555555975
0.177777777777777795788
-7.0930760999007767863e-18
0.0
0.0
0.0
0.0
0.0
0.0
-0.0111111111111111095177
-0.0444444444444444488648
-0.0111111111111111095177
-7.09307758752288472355e-18
-7.09307610507065561476e-18
0.0666666666666666697506
-0.0111111111111111095177
-0.0444444444444444488648
-0.0111111111111111095177
-7.09307758752288472355e-18
-7.0930760999007767863e-18
0.0666666666666666697506
-0.0111111111111111095177
-0.0444444444444444488648
-0.0111111111111111095177
-7.0930760999007767863e-18
-7.09307758752288472355e-18
0.0666666666666666697506
