1.0
2.13076666188694712199e-25
-1.76212901430504538018e-26
-1.02858038540723052387e-26
7.12105726504601973638e-26
1.97066137541468280214e-27
-4.6223127272437472995e-26
8.60244366120610773228e-26
9.38286577140837846901e-26
-3.60936589030346010217e-27
0.541612549639702868648
0.571428571428571416059
-0.113041121068274284707
2.75084478163529950923e-23
-2.74475230475566072002e-23
1.97066137541468280214e-27
2.2048236619015071977e-23
-2.20084353096754483727e-23
9.38286577140837846901e-26
-3.60936589030346010217e-27
7.69239325809754105404e-27
1.0
-2.25770848088896272928e-26
2.04300194645333285571e-26
4.0494749331854563568e-26
1.97066137541468280214e-27
5.4537815388483705964e-26
-1.47365060488601016362e-26
9.38286577140837846901e-26
-3.60936589030346010217e-27
-0.113041121068274284707
0.57142857142857141606
0.541612549639702868647
-2.3213516055722643126e-23
2.32744408245190310181e-23
1.97066137541468280214e-27
-1.16584876607933317344e-23
1.16982889701329553387e-23
9.38286577140837846901e-26
-3.60936589030346010217e-27
-5.97557073366986480314e-26
2.39253750101592216104e-26
1.0
-6.32489686960719166228e-26
1.24173737492459808748e-25
1.97066137541468280214e-27
1.97207091268368521712e-25
-1.57405781928744917384e-25
9.38286577140837846901e-26
-3.60936589030346010217e-27
0.541612549639702868648
-1.78060798923424300049e-22
5.83234217183596167567e-23
0.571428571428571416059
2.1923368010630854871e-23
-0.113041121068274284707
5.61916310035991052839e-24
1.2407293821831694415e-24
-6.71414485901772574384e-24
-3.60936589030346010217e-27
0.0569053019103269815462
0.494678270180666547048
-0.123669567545166636762
0.494678270180666547048
0.201077292818673197881
-0.123669567545166636762
3.25164551077911509329e-24
-4.61035358332102003029e-24
1.5083226714773875199e-24
-3.60936589030346010217e-27
-0.123669567545166636762
0.494678270180666547048
0.0569053019103269815461
0.201077292818673197881
0.494678270180666547048
-0.123669567545166636762
-1.08407077513960949588e-23
9.48199967885419002178e-24
1.5083226714773875199e-24
-3.60936589030346010217e-27
-1.2723748170865894295e-22
4.9490542923775676467e-22
0.541612549639702868647
6.52468774220934144818e-24
0.571428571428571416059
-0.113041121068274284707
6.41460775513443111834e-24
4.45284727408648851543e-25
-6.71414485901772574384e-24
-3.60936589030346010217e-27
6.48779250440356932384e-26
-7.1452722012415921862e-26
-2.24390852011128518727e-26
1.0
6.63156001840144130281e-26
4.45608840873494936119e-26
4.49425324762129194184e-26
-1.31166572405391113531e-27
1.28634400848286671681e-25
-3.60936589030346010217e-27
-0.123669567545166636762
0.201077292818673197881
-0.123669567545166636762
0.494678270180666547048
0.494678270180666547048
0.056905301910326981546
-2.2313546776448641001e-23
-2.8059989204907536679e-24
2.5296413478559167913e-23
-3.60936589030346010217e-27
7.45347291868491951358e-27
-7.1452722012415921862e-26
-1.17396830451272836813e-26
-3.98060407477386524929e-26
1.0
4.45608840873494936119e-26
7.58576730537037185026e-26
-3.22268063015447102195e-26
1.28634400848286671681e-25
-3.60936589030346010217e-27
-0.113041121068274284707
4.55330691243919477775e-23
8.80666970216106209865e-23
0.57142857142857141606
-2.30401799193509988247e-22
0.541612549639702868647
-2.86898221479884911526e-24
9.28710586122714777838e-24
-6.2146967758299720773e-24
-3.60936589030346010217e-27
-9.01252598040015133927e-23
8.59371432504200607076e-23
-0.113041121068274284707
4.21911442165380044151e-22
0.571428571428571416059
0.541612549639702868647
-3.66182674081447743758e-24
1.00799503872427761007e-23
-6.2146967758299720773e-24
-3.60936589030346010217e-27
1.46515698497675171841e-26
-6.45327691754840322378e-27
6.88944824538074944779e-27
8.24632686292454654691e-27
8.18879145807177067601e-26
1.0
9.42907414011705418521e-26
-2.64916889901170289675e-26
1.53937419889305845565e-25
-3.60936589030346010217e-27
0.541612549639702868647
1.32299479302067629239e-24
-1.20984156644666920317e-23
7.78019743685919965725e-24
-4.3259057391006552706e-23
-1.32182502733622830844e-24
0.571428571428571416059
-6.04964947565111685988e-24
-1.08742643386545788246e-23
-0.113041121068274284707
0.0569053019103269815461
0.494678270180666547048
-0.123669567545166636762
1.24108382358024784847e-22
1.21152140659429931867e-23
-3.29219351406112741283e-23
0.494678270180666547048
0.201077292818673197881
4.41272981216190644378e-23
-0.123669567545166636762
-0.123669567545166636762
0.494678270180666547048
0.056905301910326981546
1.59527734856397752955e-23
1.20270822938328002738e-22
-3.29219351406112741283e-23
0.201077292818673197881
0.494678270180666547048
4.41272981216190644378e-23
-0.123669567545166636762
-7.47404117915450764934e-23
3.59386550567427370125e-22
0.541612549639702868647
-3.78913013984349388505e-23
2.4124414442875858017e-24
-1.32182502733622830844e-24
6.82406927988642548253e-24
0.571428571428571416059
-1.08742643386545788246e-23
-0.113041121068274284707
0.0569053019103269815461
5.58653128458152635895e-23
-4.1687527831749907265e-23
0.494678270180666547048
-1.61743610727417464008e-23
-0.123669567545166636762
0.494678270180666547048
3.69887831901059516029e-25
0.201077292818673197881
-0.123669567545166636762
-0.125
0.25
-0.125
0.25
0.25
-0.125
0.25
0.25
0.25
-0.125
-6.45465329889813359833e-24
6.50519826097114908419e-23
0.0569053019103269815461
-8.04775811539570547752e-23
0.494678270180666547048
-0.123669567545166636762
-4.18627972934648121202e-23
0.494678270180666547048
0.201077292818673197881
-0.123669567545166636762
-0.123669567545166636762
4.34546273617471413841e-23
-1.24915729926983878668e-23
0.494678270180666547048
-1.63813565560371397306e-24
0.0569053019103269815459
0.201077292818673197881
3.13279299699458761225e-23
0.494678270180666547048
-0.123669567545166636762
-2.71623030776046417693e-23
9.03553982782435371941e-24
-0.123669567545166636762
7.4531250381109839134e-23
0.494678270180666547048
0.0569053019103269815459
-1.5142409463901625778e-23
0.201077292818673197882
0.494678270180666547048
-0.123669567545166636762
-9.99508541711647763693e-23
-1.95408285476332188748e-23
1.47269603779422521344e-23
4.02915338347980087475e-22
-5.57981798774188596015e-23
0.541612549639702868647
-2.25387248596603310738e-23
-2.26128941310317437541e-23
0.571428571428571416059
-0.113041121068274284707
9.2442864530387950575e-27
1.11961657287124276291e-25
-4.47090165714286673497e-26
-3.96067256696411906851e-27
-3.11277605055158296648e-26
6.55477156671862930019e-27
1.0
2.56269768745968501903e-25
8.00549764251236598906e-26
3.22542799500256640704e-27
-0.123669567545166636762
0.201077292818673197881
-0.123669567545166636762
2.63856740276132579546e-23
2.88326185564818665085e-23
-1.36110443750886254208e-23
0.494678270180666547048
0.494678270180666547048
6.0916140503174572427e-23
0.0569053019103269815461
1.08898083454314224336e-27
1.11961657287124276291e-25
-3.41957071440225791431e-26
-2.44648843698657093271e-26
-1.06235487026142394063e-26
6.55477156671862930019e-27
-1.1481247424804608797e-26
1.0
8.00549764251236598906e-26
3.22542799500256640704e-27
-0.123669567545166636762
1.609333013428144541e-23
-1.47777480852945713825e-23
0.201077292818673197881
-1.55775076154277579918e-24
-0.123669567545166636762
0.494678270180666547048
9.38517178903495194157e-24
0.494678270180666547048
0.0569053019103269815461
7.00686751215112844657e-23
-8.75305047780201996587e-23
-0.123669567545166636762
-1.30640883745489133086e-22
0.201077292818673197882
-0.123669567545166636762
-1.22280066354239858593e-22
0.494678270180666547048
0.494678270180666547048
0.0569053019103269815461
7.61744331616461466457e-27
1.92282766254921473965e-26
-1.11073230482212786977e-27
-6.67243283073639467638e-28
1.49950731486365673986e-26
-3.41000602374537098497e-28
1.30493298751993802404e-26
-7.74611908424546412306e-27
1.0
3.22542799500256640704e-27
-0.113041121068274284707
9.99048340956567127072e-24
-2.96263988148547427151e-23
-2.09380756882830651617e-23
-1.42500389320105407244e-23
5.29312625496604342247e-23
0.571428571428571416059
9.03677602993328144642e-23
-1.79530874610821982783e-22
0.541612549639702868648
6.51503652896401384658e-23
-9.91842118481240408839e-23
-0.113041121068274284707
-3.78485627175767674113e-24
-3.1403258348535929145e-23
5.29312625496604342247e-23
-1.68984682805018232284e-22
0.571428571428571416059
-1.79530874610821982783e-22
0.541612549639702868648
2.18873471376109467418e-23
3.46953776879043886934e-24
-2.03540596767295594017e-24
-1.02854112485433868341e-22
-7.11026181172318218142e-24
-0.113041121068274284707
1.87220826763307910172e-23
1.87088508352934389251e-23
0.57142857142857141606
0.541612549639702868647
-2.18309921467581704549e-26
-4.41135919910294533008e-26
1.27794864591292107789e-26
-4.2834779174308180387e-26
-5.45195770155735681909e-26
-1.79917196825765804532e-26
-2.3960179085607764341e-28
-2.79385697948333878032e-26
1.51749072171449991593e-25
1.0
