0.866025403784438646764
-1.11803398874989486889
1.32287565553229538398
-1.581138830084189666
1.87082869338697067202
2.2912878474779199503
-2.7386127875258306433
3.24037034920393016944
3.96862696659688610605
5.12347538297979951157
0.866025403784438646764
-1.11803398874989486889
1.32287565553229538398
-1.581138830084189666
1.87082869338697067202
2.2912878474779199503
-1.79284291400159053589
2.12132034355964263949
2.59807621135331612244
0.731925054711400148272
0.866025403784438646764
-1.11803398874989486889
1.32287565553229538398
-1.581138830084189666
1.87082869338697067202
2.2912878474779199503
0.0
0.0
0.0
-2.56173769148989954248
0.866025403784438646764
-1.11803398874989486889
1.32287565553229538398
-1.581138830084189666
1.87082869338697067202
2.2912878474779199503
1.79284291400159053589
-2.12132034355964263949
-2.59807621135331612244
0.731925054711400148272
0.866025403784438646764
-1.11803398874989486889
1.32287565553229538398
-1.581138830084189666
1.87082869338697067202
2.2912878474779199503
2.7386127875258306433
-3.24037034920393016945
-3.96862696659688610606
5.12347538297979951158
0.866025403784438646764
-1.11803398874989486889
1.32287565553229538398
-0.762078093478202179706
0.901702960393898244058
-0.190692658584045579677
-2.26572785076371058959
2.68084534638178640447
0.448618041405896814849
3.50686361990334224311
0.866025403784438646764
-1.11803398874989486889
1.32287565553229538398
-0.517625890762322864067
0.612463213509581712599
-0.666701706433578376253
-0.896554342113440802583
1.06081740356550075227
-0.157260270722722178706
-0.718129416426070644638
0.866025403784438646764
-1.11803398874989486889
1.32287565553229538398
-0.517625890762322864067
0.612463213509581712599
-0.666701706433578376253
0.896554342113440802583
-1.06081740356550075227
0.157260270722722178706
-0.718129416426070644637
0.866025403784438646764
-1.11803398874989486889
1.32287565553229538398
-0.762078093478202179706
0.901702960393898244058
-0.190692658584045579677
2.26572785076371058959
-2.68084534638178640447
-0.448618041405896814849
3.50686361990334224311
0.866025403784438646764
-1.11803398874989486889
1.32287565553229538398
0.790569415042094833
-0.935414346693485336011
-1.14564392373895986915
-1.36930639376291532165
1.62018517460196508472
-2.97647022494766457954
1.28086884574494987789
0.866025403784438646764
-1.11803398874989486889
1.32287565553229538398
1.03525178152464572813
-1.2249264270191634252
-0.848290225702772506265
0.0
0.0
0.0
-0.515107279916346433379
0.866025403784438646764
-1.11803398874989486889
1.32287565553229538398
0.790569415042094833
-0.935414346693485336011
-1.14564392373895986915
1.36930639376291532165
-1.62018517460196508472
2.97647022494766457954
1.28086884574494987789
0.866025403784438646764
-1.11803398874989486889
1.32287565553229538398
2.3432169235623918457
-2.77253165378086891608
2.80930734141595429064
-0.472884936762120053706
0.559525002822143764975
-2.14945816994741930759
0.152761653653657440069
0.866025403784438646764
-1.11803398874989486889
1.32287565553229538398
2.3432169235623918457
-2.77253165378086891608
2.80930734141595429064
0.472884936762120053706
-0.559525002822143764975
2.14945816994741930759
0.152761653653657440068
0.866025403784438646764
-1.11803398874989486889
1.32287565553229538398
3.162277660168379332
-3.74165738677394134404
6.87386354243375969191
5.79923815201579832215e-22
-6.86175111770412838479e-22
3.36155779606945418268e-21
2.29744581957619106094e-43
0.866025403784438646764
-0.345816120672904948594
-0.369732262667267233229
-1.3081185845488605039
-0.0557806690852663924928
1.56831708838497141159
-2.26572785076371058959
-0.096614952935867965669
2.71640487946126025437
3.50686361990334224311
0.866025403784438646764
-0.115344373717722499373
-0.645619266262484549902
-1.22663451697690073202
-0.501085672836315380089
1.37901822496035092427
-0.896554342113440802583
-0.366246448746145625588
1.00793248545528651442
-0.718129416426070644637
0.866025403784438646764
-0.115344373717722499373
-0.645619266262484549902
-1.22663451697690073202
-0.501085672836315380089
1.37901822496035092427
0.896554342113440802582
0.366246448746145625588
-1.00793248545528651442
-0.718129416426070644638
0.866025403784438646764
-0.345816120672904948594
-0.369732262667267233229
-1.3081185845488605039
-0.0557806690852663924928
1.56831708838497141159
2.26572785076371058959
0.096614952935867965669
-2.71640487946126025437
3.50686361990334224311
0.866025403784438646764
-0.115344373717722499373
-0.645619266262484549902
-0.163121577655033930089
-0.0666358922418397798851
-0.657519414072777186063
-1.51057382391757074949
-0.617076146521739972028
-0.755760845710585811542
1.55878888338143128537
0.866025403784438646764
1.18376453077663089896e-22
-0.744117556236916097555
0.0
0.0
-0.716027452336849921534
0.0
0.0
0.0
-0.64043442287247488562
0.866025403784438646764
-0.115344373717722499373
-0.645619266262484549902
-0.163121577655033930089
-0.0666358922418397798851
-0.657519414072777186063
1.51057382391757074949
0.617076146521739972028
0.755760845710585811542
1.55878888338143128537
0.866025403784438646764
-0.115344373717722499373
-0.645619266262484549902
1.38975609463193466211
0.567721565078155159974
0.506340769532379131432
-0.614019481804129946905
-0.25082969777559434644
-1.76369333116587232596
0.257553639958173238135
0.866025403784438646764
-0.115344373717722499373
-0.645619266262484549902
1.38975609463193466211
0.567721565078155159974
0.506340769532379131432
0.614019481804129946905
0.25082969777559434644
1.76369333116587232596
0.257553639958173238135
0.866025403784438646764
-0.345816120672904948594
-0.369732262667267233229
2.6162371690977210078
0.111561338170532784984
4.70495126515491412594
0.0
0.0
0.0
0.0
0.866025403784438646764
1.11803398874989486889
-0.330718913883073828785
-0.790569415042094833
-1.87082869338697067202
0.572821961869479987574
-1.36930639376291532165
-3.24037034920393016945
0.992156741649221526514
1.28086884574494987789
0.866025403784438646764
1.34872273618533986764
0.0632742460146523476203
-0.709008626214577867955
-1.93746458562881045191
0.46072595743918512276
0.0
0.0
0.0
-0.515107279916346433379
0.866025403784438646764
1.11803398874989486889
-0.330718913883073828785
-0.790569415042094833
-1.87082869338697067202
0.572821961869479987574
1.36930639376291532165
3.24037034920393016945
-0.992156741649221526514
1.28086884574494987789
0.866025403784438646764
1.34872273618533986764
0.0632742460146523476203
0.354504313107288933978
0.968732292814405225953
-0.230362978719592540067
-0.614019481804129946905
-1.6778935500872407243
-0.598500574987863632835
0.257553639958173238135
0.866025403784438646764
1.34872273618533986764
0.0632742460146523476203
0.354504313107288933978
0.968732292814405225953
-0.230362978719592540067
0.614019481804129946905
1.6778935500872407243
0.598500574987863632836
0.257553639958173238135
0.866025403784438646764
1.11803398874989486889
-0.330718913883073828785
1.581138830084189666
3.74165738677394134404
1.71846588560843992298
0.0
0.0
0.0
0.0
0.866025403784438646764
2.58188409817269468638
3.9603947562549261289
-0.273020245535329162098
-1.28052554047685544587
0.0683170883849714243869
-0.472884936762120053705
-2.21793529649551060516
0.118328668107944131929
0.152761653653657440068
0.866025403784438646764
2.58188409817269468638
3.9603947562549261289
-0.273020245535329162098
-1.28052554047685544587
0.0683170883849714243869
0.472884936762120053706
2.21793529649551060516
-0.118328668107944131929
0.152761653653657440068
0.866025403784438646764
2.58188409817269468638
3.9603947562549261289
0.546040491070658324196
2.56105108095371089174
0.20495126515491426842
0.0
0.0
0.0
0.0
0.866025403784438646764
3.35410196624968460668
7.93725393319377195968
0.0
0.0
0.0
0.0
0.0
0.0
0.0
