75.0000000000000057537
1.87499999999999941401
7.50000000000000072443
1.8750000000000005754
7.50000000000000243226
7.4999999999999993436
1.87500000000000105008
7.50000000000000045887
7.49999999999999948916
7.50000000000000081445
1.87499999999999941401
21.5624999999999996872
1.87499999999999941399
-5.15624999999999945243
-5.15624999999999945243
7.49999999999999934359
-5.15625000000000020179
-5.15625000000000020179
7.49999999999999948916
7.50000000000000081445
7.50000000000000072443
1.87499999999999941399
75.0000000000000057538
7.50000000000000243226
1.87500000000000057541
7.49999999999999934358
7.50000000000000045888
1.87500000000000105008
7.49999999999999948916
7.50000000000000081445
1.8750000000000005754
-5.15624999999999945243
7.50000000000000243226
21.562500000000001338
-5.15625000000000101217
1.87500000000000147832
-5.15625000000000022369
7.50000000000000057358
-5.15624999999999968571
7.50000000000000081445
7.50000000000000243226
-5.15624999999999945243
1.87500000000000057541
-5.15625000000000101217
21.562500000000001338
1.87500000000000147834
7.50000000000000057358
-5.15625000000000022369
-5.15624999999999968571
7.50000000000000081445
7.4999999999999993436
7.49999999999999934359
7.49999999999999934358
1.87500000000000147832
1.87500000000000147834
74.9999999999999955987
7.49999999999999948917
7.49999999999999948916
1.87499999999999913581
7.50000000000000081445
1.87500000000000105008
-5.15625000000000020179
7.50000000000000045888
-5.15625000000000022369
7.50000000000000057358
7.49999999999999948917
21.5625000000000007247
-5.15625000000000040152
-5.15624999999999986332
1.87500000000000003708
7.50000000000000045887
-5.15625000000000020179
1.87500000000000105008
7.50000000000000057358
-5.15625000000000022369
7.49999999999999948916
-5.15625000000000040152
21.5625000000000007247
-5.15624999999999986332
1.87500000000000003708
7.49999999999999948916
7.49999999999999948916
7.49999999999999948916
-5.15624999999999968571
-5.15624999999999968571
1.87499999999999913581
-5.15624999999999986332
-5.15624999999999986332
21.5624999999999994655
1.87500000000000003708
7.50000000000000081445
7.50000000000000081445
7.50000000000000081445
7.50000000000000081445
7.50000000000000081445
7.50000000000000081445
1.87500000000000003708
1.87500000000000003708
1.87500000000000003708
75.0000000000000034035
