-0.0577350269189625816144
0.230940107675850310255
-0.0577350269189625816144
0.230940107675850309543
0.230940107675850309543
-0.0577350269189625812583
0.23094010767585030794
0.23094010767585030794
0.23094010767585030794
-0.0577350269189625796558
-0.0248451997499976604968
-0.0993807989999906531355
-0.0248451997499976604968
-0.099380798999990652829
-0.0993807989999906528289
-0.02484519974999766065
0.0993807989999906499557
0.0993807989999906499557
0.0993807989999906499557
0.0745355992499929905699
0.0167984210226323203871
0.0167984210226323210865
0.0167984210226323203871
0.0167984210226323210347
0.0167984210226323210347
0.016798421022632320413
-0.0671936840905292828954
-0.0671936840905292828954
-0.0671936840905292828954
0.100790526135793924343
-0.0351364184463153239065
-0.140545673785261307491
-0.0351364184463153239064
0.0702728368926306516597
0.0702728368926306516597
0.0702728368926306519847
-0.0702728368926306518222
-0.0702728368926306518222
0.140545673785261303644
0.0
0.0237565548366599452302
0.0237565548366599462193
0.0237565548366599452302
-0.0118782774183299727571
-0.0118782774183299727571
-0.0475131096733198911655
-0.0593913870916498639226
-0.0593913870916498639226
0.118782774183299727845
0.0
0.0290957186981323187135
0.0290957186981323199249
0.0290957186981323187135
-0.0872871560943969573518
-0.0872871560943969573519
0.0872871560943969573518
1.00842466400491107413e-24
-2.79994282455062870662e-24
1.79246399580295977682e-24
0.0
-0.0608580619450184553617
6.03562425987179038708e-23
0.0608580619450184553616
-0.121716123890036910723
0.121716123890036910723
0.0
-0.121716123890036910723
0.121716123890036910723
0.0
0.0
0.0411475599898911753844
-3.06042553605145516142e-23
-0.0411475599898911753844
0.0205737799949455876922
-0.0205737799949455876922
0.0
-0.102868899974727938461
0.102868899974727938461
0.0
0.0
0.0503952630678969608311
-1.66535508374224553185e-23
-0.0503952630678969608311
-0.100790526135793921662
0.100790526135793921662
0.0
9.79620637495438548146e-25
-9.79620637495438548146e-25
0.0
0.0
0.0650600048632355430331
-0.130120009726471086066
0.0650600048632355430331
6.45796496105689632035e-25
-6.45796496105689632035e-25
0.0
1.56067486558874994408e-24
-1.56067486558874994408e-24
0.0
0.0
