-0.500000000000000020692
2.00000000000000021365
4.49999999999999993267
2.54241774754580013219e-16
2.00000000000000019207
-0.500000000000000009899
4.50000000000000000404
1.99999999999999988185
-0.500000000000000058133
2.00000000000000001001
-3.63019511509793049162e-16
-0.499999999999999911841
-3.0984552727432063343e-17
5.00000000000000092731
-1.81482103176347050583e-16
5.00000000000000062643
5.00000000000000039267
-1.47077902550574541814e-16
-0.500000000000000150188
2.00000000000000012239
4.50000000000000006248
-5.0133561392978855895e-16
2.00000000000000010546
-0.499999999999999948115
0.249999999999999955992
5.50000000000000021365
0.249999999999999955992
1.00000000000000022315
1.00000000000000022315
-0.500000000000000009899
0.249999999999999972954
5.49999999999999988184
0.249999999999999972954
0.999999999999999823497
0.999999999999999823497
-0.499999999999999911841
-0.375000000000000001861
-1.75000000000000005802
0.624999999999999942845
-1.7500000000000000542
0.749999999999999710092
0.625000000000000088001
0.624999999999999942844
-1.75000000000000005802
-0.37500000000000000186
0.749999999999999710092
-1.7500000000000000542
0.625000000000000088
4.49999999999999993267
2.00000000000000021366
-0.500000000000000020693
2.00000000000000019207
2.54241673542720495867e-16
-0.500000000000000009899
-0.500000000000000058133
1.99999999999999988185
4.50000000000000000404
-3.63020392451538972558e-16
2.00000000000000001001
-0.499999999999999911841
4.50000000000000006249
2.0000000000000001224
-0.500000000000000150191
2.00000000000000010547
-5.01336106924588152568e-16
-0.499999999999999948117
-1.81483682233230357544e-16
5.00000000000000092731
-3.09842938017132714583e-17
5.00000000000000039267
5.00000000000000062644
-1.47077722584383385889e-16
-0.500000000000000006429
1.00000000000000021737
0.249999999999999970255
1.000000000000000222
5.50000000000000019091
0.249999999999999967942
-0.375000000000000006949
-1.74999999999999986912
0.625000000000000136825
-1.75000000000000000647
0.750000000000000040153
0.625000000000000040777
0.625000000000000102883
-1.75000000000000032806
-0.374999999999999946754
0.749999999999999818377
-1.75000000000000009248
0.625000000000000100066
0.250000000000000098644
5.50000000000000055665
0.250000000000000004506
1.00000000000000024496
1.00000000000000010919
-0.500000000000000021051
0.249999999999999970255
1.00000000000000021737
-0.50000000000000000643
5.50000000000000019091
1.000000000000000222
0.249999999999999967942
0.625000000000000136826
-1.74999999999999986912
-0.375000000000000006949
0.750000000000000040153
-1.75000000000000000648
0.625000000000000040777
0.250000000000000004507
5.50000000000000055666
0.250000000000000098645
1.00000000000000010919
1.00000000000000024496
-0.500000000000000021052
-0.374999999999999946753
-1.75000000000000032806
0.625000000000000102883
-1.75000000000000009248
0.749999999999999818378
0.625000000000000100066
-0.499999999999999992166
2.21088677714746053111e-16
-0.499999999999999992167
2.00000000000000018975
2.00000000000000018976
4.49999999999999994578
-1.23040463661244728494e-16
4.99999999999999965672
-1.23042445936991265974e-16
4.99999999999999973255
4.99999999999999973255
5.53928132414739093115e-18
-0.499999999999999952278
2.00000000000000010313
4.49999999999999938548
-2.29793267232946688884e-16
1.99999999999999958536
-0.499999999999999875413
4.49999999999999938548
2.00000000000000010312
-0.499999999999999952276
1.99999999999999958535
-2.29794114265893943185e-16
-0.499999999999999875412
0.625000000000000014717
-1.75000000000000007666
-0.374999999999999938652
0.749999999999999885837
-1.75000000000000005199
0.625000000000000002381
0.2500000000000000127
1.0000000000000000145
-0.500000000000000099987
5.50000000000000003587
1.00000000000000017576
0.249999999999999921816
0.625000000000000041587
0.750000000000000116276
0.624999999999999990085
-1.7500000000000001424
-1.75000000000000008982
-0.374999999999999952765
-0.500000000000000164634
1.0000000000000001024
0.249999999999999999555
1.00000000000000036322
5.50000000000000017075
0.249999999999999933564
-0.374999999999999938652
-1.75000000000000007666
0.625000000000000014718
-1.75000000000000005199
0.749999999999999885837
0.625000000000000002381
-0.500000000000000099987
1.0000000000000000145
0.2500000000000000127
1.00000000000000017576
5.50000000000000003587
0.249999999999999921816
0.249999999999999999555
1.0000000000000001024
-0.500000000000000164635
5.50000000000000017075
1.00000000000000036322
0.249999999999999933564
0.624999999999999990085
0.750000000000000116274
0.625000000000000041587
-1.75000000000000008982
-1.7500000000000001424
-0.374999999999999952765
0.624999999999999979059
0.74999999999999992959
0.624999999999999979059
-1.7500000000000000491
-1.7500000000000000491
-0.374999999999999953878
0.624999999999999976939
0.749999999999999826383
0.624999999999999976939
-1.75000000000000014383
-1.75000000000000014383
-0.374999999999999893794
-0.500000000000000087401
1.00000000000000006982
0.249999999999999871937
1.00000000000000032009
5.49999999999999981868
0.249999999999999930923
0.249999999999999871937
1.00000000000000006982
-0.500000000000000087401
5.49999999999999981868
1.00000000000000032009
0.249999999999999930923
-1.00228235592153615851e-16
5.00000000000000065091
-1.0022829724621583746e-16
5.00000000000000063548
5.00000000000000063549
-9.25195900331714118429e-17
-0.499999999999999933117
-1.15263121077794051931e-16
-0.499999999999999933117
1.9999999999999996172
1.9999999999999996172
4.50000000000000036805
-0.499999999999999933117
-1.15263121095721338457e-16
-0.499999999999999933117
1.9999999999999996172
1.9999999999999996172
4.50000000000000036805
-0.499999999999999933117
-1.15263121095721338457e-16
-0.499999999999999933117
1.9999999999999996172
1.9999999999999996172
4.50000000000000036805
