0.0190476190476190471371
-0.0126984126984126995904
0.00317460317460317520909
-0.0126984126984127001015
-0.0190476190476190495569
0.00317460317460317538875
-0.012698412698412699705
-0.0190476190476190483709
-0.0190476190476190481849
0.0031746031746031751458
-0.0126984126984126995904
0.101587301587301589437
-0.0126984126984126995904
0.0507936507936507948859
0.050793650793650794886
-0.0190476190476190492627
0.0507936507936507957371
0.0507936507936507957371
0.0253968253968253983106
-0.0190476190476190487432
0.00317460317460317520909
-0.0126984126984126995904
0.0190476190476190471371
-0.0190476190476190495569
-0.0126984126984127001015
0.00317460317460317538875
-0.0190476190476190483709
-0.012698412698412699705
-0.0190476190476190481849
0.0031746031746031751458
-0.0126984126984127001015
0.0507936507936507948859
-0.0190476190476190495569
0.101587301587301587815
0.0507936507936507980933
-0.0126984126984127008607
0.0507936507936507946797
0.0253968253968253993581
0.0507936507936507953553
-0.0190476190476190486845
-0.0190476190476190495569
0.050793650793650794886
-0.0126984126984127001015
0.0507936507936507980933
0.101587301587301587815
-0.0126984126984127008607
0.0253968253968253993581
0.0507936507936507946797
0.0507936507936507953553
-0.0190476190476190486845
0.00317460317460317538875
-0.0190476190476190492627
0.00317460317460317538875
-0.0126984126984127008607
-0.0126984126984127008607
0.0190476190476190489375
-0.0190476190476190483709
-0.0190476190476190483709
-0.0126984126984126993232
0.00317460317460317511643
-0.012698412698412699705
0.0507936507936507957371
-0.0190476190476190483709
0.0507936507936507946797
0.0253968253968253993581
-0.0190476190476190483709
0.101587301587301586291
0.0507936507936507949901
0.0507936507936507935803
-0.0126984126984126990559
-0.0190476190476190483709
0.0507936507936507957371
-0.012698412698412699705
0.0253968253968253993581
0.0507936507936507946797
-0.0190476190476190483709
0.0507936507936507949901
0.101587301587301586291
0.0507936507936507935803
-0.0126984126984126990559
-0.0190476190476190481849
0.0253968253968253983106
-0.0190476190476190481849
0.0507936507936507953553
0.0507936507936507953553
-0.0126984126984126993232
0.0507936507936507935803
0.0507936507936507935803
0.101587301587301587701
-0.0126984126984126990559
0.0031746031746031751458
-0.0190476190476190487432
0.0031746031746031751458
-0.0190476190476190486845
-0.0190476190476190486845
0.00317460317460317511643
-0.0126984126984126990559
-0.0126984126984126990559
-0.0126984126984126990559
0.0190476190476190475045
