0.866025403784438646764
-1.11803398874989486889
1.32287565553229538398
-1.581138830084189666
1.87082869338697067202
2.2912878474779199503
-2.7386127875258306433
3.24037034920393016944
3.96862696659688610605
5.12347538297979951157
0.866025403784438646764
-1.11803398874989486889
1.32287565553229538398
-1.581138830084189666
1.87082869338697067202
2.2912878474779199503
0.0
0.0
0.0
-2.56173769148989954248
0.866025403784438646764
-1.11803398874989486889
1.32287565553229538398
-1.581138830084189666
1.87082869338697067202
2.2912878474779199503
2.7386127875258306433
-3.24037034920393016945
-3.96862696659688610606
5.12347538297979951158
0.866025403784438646764
-1.11803398874989486889
1.32287565553229538398
0.790569415042094833
-0.935414346693485336011
-1.14564392373895986915
-1.36930639376291532165
1.62018517460196508472
-2.97647022494766457954
1.28086884574494987789
0.866025403784438646764
-1.11803398874989486889
1.32287565553229538398
0.790569415042094833
-0.935414346693485336011
-1.14564392373895986915
1.36930639376291532165
-1.62018517460196508472
2.97647022494766457954
1.28086884574494987789
0.866025403784438646764
-1.11803398874989486889
1.32287565553229538398
3.162277660168379332
-3.74165738677394134404
6.87386354243375969191
5.79923815201579832215e-22
-6.86175111770412838479e-22
3.36155779606945418268e-21
2.29744581957619106094e-43
0.866025403784438646764
1.11803398874989486889
-0.330718913883073828785
-0.790569415042094833
-1.87082869338697067202
0.572821961869479987574
-1.36930639376291532165
-3.24037034920393016945
0.992156741649221526514
1.28086884574494987789
0.866025403784438646764
1.11803398874989486889
-0.330718913883073828785
-0.790569415042094833
-1.87082869338697067202
0.572821961869479987574
1.36930639376291532165
3.24037034920393016945
-0.992156741649221526514
1.28086884574494987789
0.866025403784438646764
1.11803398874989486889
-0.330718913883073828785
1.581138830084189666
3.74165738677394134404
1.71846588560843992298
0.0
0.0
0.0
0.0
0.866025403784438646764
3.35410196624968460668
7.93725393319377195968
0.0
0.0
0.0
0.0
0.0
0.0
0.0
