0.0
0.0
0.0
0.0
0.0
0.0
2.73861278752583075449
-3.24037034920393030101
-3.96862696659688626719
-15.3704261489393981989
0.0
0.0
0.0
0.0
0.0
0.0
2.73861278752583075449
-3.24037034920393030101
-3.96862696659688626719
0.0
0.0
0.0
0.0
0.0
0.0
0.0
2.73861278752583075449
-3.24037034920393030101
-3.96862696659688626719
15.3704261489393981989
0.0
0.0
0.0
0.0
0.0
0.0
2.73861278752583075449
-3.24037034920393030101
5.95294044989532940079
-7.68521307446969909945
0.0
0.0
0.0
0.0
0.0
0.0
2.73861278752583075449
-3.24037034920393030101
5.95294044989532940079
7.68521307446969909945
0.0
0.0
0.0
0.0
0.0
0.0
2.73861278752583075449
-3.24037034920393030101
15.8745078663875450688
3.25481434037267599053e-21
0.0
0.0
0.0
0.0
0.0
0.0
2.73861278752583075449
6.48074069840786060202
-1.9843134832984431336
-7.68521307446969909945
0.0
0.0
0.0
0.0
0.0
0.0
2.73861278752583075449
6.48074069840786060202
-1.9843134832984431336
7.68521307446969909945
0.0
0.0
0.0
0.0
0.0
0.0
2.73861278752583075449
6.48074069840786060202
7.93725393319377253438
0.0
0.0
0.0
0.0
0.0
0.0
0.0
2.73861278752583075449
16.2018517460196515051
0.0
0.0
