0.0
0.0
0.0
2.37170824512628466112
-2.80624304008045619986
-9.16515138991168063969
1.36930639376291541525
-1.62018517460196519547
-11.9058808997906588566
-5.1234753829797998618
0.0
0.0
0.0
2.37170824512628466112
-2.80624304008045619986
-9.16515138991168063969
1.36930639376291537725
-1.62018517460196515051
-1.9843134832984431336
2.56173769148989971759
0.0
0.0
0.0
2.37170824512628466112
-2.80624304008045619986
-9.16515138991168063969
1.36930639376291533924
-1.62018517460196510554
7.93725393319377258946
10.2469507659595983371
0.0
0.0
0.0
2.37170824512628466112
-2.80624304008045619986
2.29128784747792015992
1.36930639376291541525
-1.62018517460196519547
-1.98431348329844305098
-2.5617376914898999309
0.0
0.0
0.0
2.37170824512628466112
-2.80624304008045619986
2.29128784747792015992
1.36930639376291533924
-1.62018517460196510554
7.93725393319377245177
5.12347538297979916855
0.0
0.0
0.0
2.37170824512628466112
-2.80624304008045619986
13.7477270848675209595
1.36930639376291541525
-1.62018517460196519547
7.93725393319377275469
1.08493811345755876138e-21
0.0
0.0
0.0
2.37170824512628466112
5.61248608016091239972
-4.58257569495584031984
1.36930639376291541525
3.24037034920393039095
-5.95294044989532942833
-2.5617376914898999309
0.0
0.0
0.0
2.37170824512628466112
5.61248608016091239972
-4.58257569495584031984
1.36930639376291533924
3.24037034920393021107
3.96862696659688629473
5.12347538297979916855
0.0
0.0
0.0
2.37170824512628466112
5.61248608016091239972
6.87386354243376047977
1.36930639376291541525
3.24037034920393039095
3.96862696659688637734
0.0
0.0
0.0
0.0
2.37170824512628466112
14.0312152004022809993
0.0
1.36930639376291541525
8.10092587300982597738
0.0
0.0
