0.0
2.23606797749978984926
-6.61437827766147711199
0.790569415042094887042
-6.54790042685439786199
-2.29128784747792010692
1.36930639376291541525
-11.3412962222137564763
-3.96862696659688637734
-5.1234753829797998618
0.0
2.23606797749978984926
-6.61437827766147711199
0.790569415042094887042
-6.54790042685439786199
-2.29128784747792010692
1.36930639376291537725
-1.62018517460196515051
-1.9843134832984431336
2.56173769148989971759
0.0
2.23606797749978984926
-6.61437827766147711199
0.790569415042094887042
-6.54790042685439786199
-2.29128784747792010692
1.36930639376291533924
8.10092587300982617524
1.10152757362919028649e-16
10.2469507659595983371
0.0
2.23606797749978984926
-6.61437827766147711199
0.790569415042094887042
1.87082869338697083106
2.29128784747792002743
1.36930639376291541525
-6.48074069840786083586
1.98431348329844325752
-2.5617376914898999309
0.0
2.23606797749978984926
-6.61437827766147711199
0.790569415042094887042
1.87082869338697083106
2.29128784747792002743
1.36930639376291533924
3.24037034920393053485
3.96862696659688614327
5.12347538297979916855
0.0
2.23606797749978984926
-6.61437827766147711199
0.790569415042094887041
10.2895578136283395241
6.87386354243376079774
1.36930639376291541525
-1.62018517460196519547
7.93725393319377275469
1.08493811345755876138e-21
0.0
2.23606797749978984926
3.30718913883073855599
0.790569415042094887042
-0.93541434669348543111
-1.14564392373896005346
1.36930639376291541525
-1.62018517460196524944
-1.98431348329844318867
-2.5617376914898999309
0.0
2.23606797749978984926
3.30718913883073855599
0.790569415042094887042
-0.93541434669348543111
-1.14564392373896005346
1.36930639376291533924
8.10092587300982585146
5.50757797387186223816e-17
5.12347538297979916855
0.0
2.23606797749978984926
3.30718913883073855599
0.790569415042094887041
7.48331477354788326194
3.43693177121688039887
1.36930639376291541525
3.24037034920393039095
3.96862696659688637734
0.0
0.0
2.23606797749978984926
13.228756555322954224
0.790569415042094887042
4.67707173346742699977
0.0
1.36930639376291541525
8.10092587300982597738
0.0
0.0
