-3.00000000000000020811
-2.00000000000000020514
0.499999999999999958283
-1.99999999999999978071
5.00000000000000055207
0.50000000000000011036
-2.00000000000000009103
5.00000000000000024176
5.00000000000000060605
0.499999999999999964744
0.874999999999999968741
-9.57033975956723908402e-22
-0.87499999999999996874
1.74999999999999993748
-1.74999999999999993748
2.82686585457953012836e-24
1.74999999999999993748
-1.74999999999999993748
-1.14529463973644735804e-22
-1.33766759592629542329e-23
-0.499999999999999958286
2.00000000000000020515
3.00000000000000020811
-5.00000000000000055208
1.99999999999999978072
-0.500000000000000110361
-5.00000000000000024176
2.00000000000000009103
-5.00000000000000060605
-0.499999999999999964744
0.250000000000000142398
-1.00000000000000006783
1.125000000000000184
-4.50000000000000054483
-2.75000000000000046164
-0.625000000000000017112
-1.00000000000000017571
0.74999999999999990748
-2.75000000000000053213
1.12500000000000014945
-1.125000000000000184
1.00000000000000006783
-0.250000000000000142398
2.75000000000000046164
4.50000000000000054484
0.625000000000000017112
-0.749999999999999907482
1.00000000000000017572
2.75000000000000053213
-1.12500000000000014945
-9.11768180898367010914e-22
5.24048960163900414893e-22
-9.14457174381713992065e-22
3.55630662832638732189e-21
3.54084491579714216629e-21
6.06351992350117122338e-22
5.80315793727436169177e-22
5.4468663007308862699e-22
3.58826711434915053387e-21
-8.77840652719106690686e-22
0.250000000000000017621
-1.00000000000000017577
1.12500000000000005922
-1.00000000000000006812
0.750000000000000015081
1.12500000000000009647
-4.50000000000000026126
-2.75000000000000017806
-2.75000000000000008699
-0.625000000000000018102
-1.12500000000000005922
1.00000000000000017577
-0.250000000000000017621
-0.750000000000000015081
1.00000000000000006812
-1.12500000000000009647
2.75000000000000017807
4.50000000000000026126
2.75000000000000008699
0.625000000000000018102
-2.70893248772088144735e-23
9.11210093450358074631e-23
-6.74242271274135873888e-23
1.68174839309185809229e-22
7.74213092462250699081e-23
-2.42169794947508806941e-23
1.47387842908571490869e-22
3.64668617205083645686e-23
1.2484350779823341125e-22
-3.0807705464806294118e-23
-2.70893248772088192604e-23
9.11210093450358235646e-23
-6.7424227127413599303e-23
1.68174839309185838946e-22
7.74213092462250835889e-23
-2.42169794947508849734e-23
1.47387842908571516913e-22
3.64668617205083710125e-23
1.2484350779823343331e-22
-3.08077054648062995619e-23
