-3.00000000000000020182
-2.00000000000000022155
0.500000000000000062461
-2.00000000000000009891
5.00000000000000039793
0.500000000000000106516
-2.00000000000000029913
5.00000000000000019771
5.00000000000000033853
0.500000000000000015948
0.250000000000000062495
-4.5000000000000001789
-0.624999999999999906245
-1.00000000000000003467
-2.74999999999999997216
1.1250000000000000881
-1.0000000000000000821
-2.75000000000000001958
0.75000000000000003907
1.12500000000000004031
1.20036915162802422685e-16
-5.47972455168254208777e-19
2.21499909717851388249e-17
-1.77932860675630613878e-16
-3.41985561888620827391e-16
-1.57398609081350217748e-17
-6.7835793739904971798e-17
-2.3188892688054115696e-16
-3.62684097475387212542e-16
3.93086975005551454478e-17
0.875000000000000080701
1.74999999999999999914
-2.34107424532422000009e-17
-1.30187259075791855612e-16
-1.75000000000000031263
-0.875000000000000032475
1.75000000000000003414
-1.76067434547574624045e-16
-1.75000000000000023598
5.96605353344658646912e-17
-1.12500000000000021336
2.75000000000000006103
0.624999999999999932354
1.00000000000000016486
4.50000000000000043051
-0.249999999999999993555
-0.750000000000000081567
2.75000000000000021183
1.00000000000000033183
-1.12500000000000010267
-0.499999999999999955471
-5.00000000000000019665
-0.499999999999999955469
2.0000000000000000814
2.0000000000000000814
3.0000000000000000602
-5.00000000000000003984
-5.00000000000000003984
2.00000000000000011485
-0.500000000000000022105
0.250000000000000011263
-1.00000000000000016797
1.12500000000000007535
-1.00000000000000014568
0.749999999999999980509
1.12500000000000008659
-4.50000000000000028355
-2.7500000000000001296
-2.7500000000000001281
-0.625000000000000007283
1.01839270696969244628e-17
1.8448282939132024944e-18
-1.23055695237626464034e-17
-3.25879434443436317903e-17
-7.55842886899528065388e-17
-2.27689616793418164496e-17
6.4325375124984476352e-17
-6.42677342080673299505e-18
-5.42156412088153350857e-18
3.26265756966731915656e-17
-1.12500000000000003076
-0.74999999999999993856
-1.12500000000000003076
1.00000000000000012941
1.00000000000000012941
-0.250000000000000026073
2.75000000000000011752
2.75000000000000011752
4.5000000000000001562
0.624999999999999982945
-2.5634723814527067282e-23
2.50601016029216212172e-23
1.98416280015224359605e-23
9.60199825527750833429e-24
1.02473760877163158027e-22
-2.1845854761439141368e-23
-5.36384419656629990482e-24
1.10439246256239234447e-22
4.80969040585584391861e-23
-1.70681032699540479255e-23
