-3.00000000000000017301
-2.00000000000000040278
0.500000000000000043116
-2.00000000000000021476
5.00000000000000016495
0.500000000000000128535
-2.00000000000000027325
5.00000000000000012034
5.0000000000000003381
0.500000000000000093795
0.250000000000000067229
-4.50000000000000036013
-0.624999999999999901511
-1.00000000000000020909
-2.75000000000000014657
1.12500000000000011011
-1.00000000000000010785
-2.75000000000000004533
0.750000000000000038639
1.12500000000000011816
1.00692478596324734422e-16
-1.81776054013213974682e-16
5.09619089174118492551e-17
-4.10910300411012058873e-16
-4.57833785925822197572e-16
6.27929872190718043274e-18
-1.45211858993751118482e-16
-2.0601337124989958333e-16
-3.6311530308713991664e-16
1.17155354265008830611e-16
0.250000000000000102485
-1.00000000000000020515
1.12500000000000013469
-4.50000000000000053829
-2.7500000000000004325
-0.624999999999999987798
-1.00000000000000017587
0.749999999999999891754
-2.7500000000000003845
1.125000000000000189
-5.52560486224704032749e-17
-1.43270263099127827622e-16
-4.58607837685014143623e-17
4.4996779354146005485e-17
2.24016497655391369297e-17
5.11225748040657500167e-17
-1.37451363011034260568e-17
1.82372946085874543696e-18
1.83317029390542868598e-16
2.6666634764783604422e-17
3.78234699923291353786e-17
-1.71451311539989698469e-16
3.78235267645164438726e-17
-2.9995641693417622915e-16
-2.99956275116585263643e-16
1.52039646736588490685e-17
-2.27891104539920286223e-17
-2.27889490093785408588e-17
-9.57829473793066896506e-17
9.82768044178788634546e-17
0.875000000000000001854
1.75000000000000009089
-4.6295355329485345647e-17
1.75000000000000009406
-9.42307084770866832148e-18
-6.98760290457046411286e-18
-3.35594622322649108884e-18
-1.75000000000000007561
-1.75000000000000005488
-0.875000000000000063357
-1.12500000000000011146
2.75000000000000026071
0.624999999999999978284
-0.750000000000000022521
2.75000000000000016416
-1.12500000000000011634
1.00000000000000011831
4.50000000000000027377
1.0000000000000000678
-0.250000000000000023447
-1.12500000000000005743
-0.750000000000000034881
-1.12500000000000005743
2.75000000000000018967
2.75000000000000018967
0.625000000000000008967
1.00000000000000006763
1.00000000000000006763
4.50000000000000024978
-0.250000000000000050966
-0.499999999999999895209
-5.00000000000000062783
-0.499999999999999895208
-5.00000000000000061241
-5.00000000000000061241
-0.499999999999999902917
1.99999999999999998175
1.99999999999999998175
1.99999999999999998175
3.00000000000000037247
