-1.0
-1.0
-1.0
-0.959935045267260913321
-1.0
-1.0
-0.867801053830347266344
-1.0
-1.0
-0.728868599091326141125
-1.0
-1.0
-0.550639402928647060549
-1.0
-1.0
-0.34272401334271285329
-1.0
-1.0
-0.116331868883703862392
-1.0
-1.0
0.116331868883703862392
-1.0
-1.0
0.34272401334271285329
-1.0
-1.0
0.550639402928647060549
-1.0
-1.0
0.728868599091326141124
-1.0
-1.0
0.867801053830347266344
-1.0
-1.0
0.959935045267260913322
-1.0
-1.0
1.0
-1.0
-1.0
-1.0
-0.959935045267260913321
-1.0
-0.941119289633188362139
-0.942803184205537434102
-1.0
-0.827742213229585316595
-0.930151819416717646632
-1.0
-0.666529522721841224082
-0.921170374831489745052
-1.0
-0.466869508840525790774
-0.915219854054863896026
-1.0
-0.240339183791675057249
-0.911837070599361668096
-1.0
1.10850778290696658224e-16
-0.910740904338547077558
-1.0
0.240339183791674972922
-0.911837070599361648671
-1.0
0.466869508840525881156
-0.91521985405486391192
-1.0
0.66652952272184125731
-0.921170374831489810753
-1.0
0.827742213229585247384
-0.93015181941671765435
-1.0
0.941119289633188620063
-0.942803184205537175954
-1.0
1.00000000000000011329
-0.959935045267260926397
-1.0
-1.0
-0.867801053830347266344
-1.0
-0.923819637597538470997
-0.833758159728193388611
-1.0
-0.788433407982141429652
-0.808672646094890701632
-1.0
-0.602371048739330403465
-0.791132712417727742058
-1.0
-0.377604472627841329932
-0.78005396215851953264
-1.0
-0.128614922802287888013
-0.774700545617026353976
-1.0
0.128614922802288119578
-0.774700545617026345575
-1.0
0.377604472627841222629
-0.780053962158519507605
-1.0
0.602371048739330551892
-0.79113271241772774586
-1.0
0.788433407982141353172
-0.808672646094890778978
-1.0
0.923819637597538554913
-0.833758159728193573108
-1.0
1.0
-0.867801053830347266344
-1.0
-1.0
-0.728868599091326141124
-1.0
-0.906136949483507934826
-0.679673199086141981116
-1.0
-0.745887605262402154199
-0.643896888996330201317
-1.0
-0.530400529767546607794
-0.619695844696426041231
-1.0
-0.275458833850926567331
-0.605722756526266733558
-1.0
1.47315758428231101396e-16
-0.601156936530936086525
-1.0
0.275458833850926716218
-0.605722756526266816624
-1.0
0.53040052976754653965
-0.619695844696426113351
-1.0
0.745887605262402299231
-0.643896888996330222765
-1.0
0.906136949483507855424
-0.679673199086141960152
-1.0
1.00000000000000012843
-0.728868599091326173124
-1.0
-1.0
-0.550639402928647060549
-1.0
-0.886160572884731202282
-0.48946894926467688373
-1.0
-0.695797714898489177225
-0.446051187735723743657
-1.0
-0.444011923299277864503
-0.41829388073717693026
-1.0
-0.152568707807674597609
-0.40477489692833861669
-1.0
0.152568707807674798118
-0.404774896928338643497
-1.0
0.444011923299277980641
-0.418293880737177008769
-1.0
0.695797714898489230302
-0.446051187735723831369
-1.0
0.88616057288473130151
-0.489468949264676986674
-1.0
1.0
-0.550639402928647060549
-1.0
-1.0
-0.342724013342712853289
-1.0
-0.861577767531782556789
-0.273826145245577905696
-1.0
-0.632696735057577355021
-0.226776214027342888643
-1.0
-0.334940964596023463358
-0.199421531734531913528
-1.0
1.41616073726156914414e-16
-0.190450206143322588365
-1.0
0.334940964596023654482
-0.199421531734531851801
-1.0
0.632696735057577551334
-0.226776214027342869144
-1.0
0.861577767531782595246
-0.273826145245577978926
-1.0
1.00000000000000016537
-0.342724013342712889973
-1.0
-1.0
-0.116331868883703862392
-1.0
-0.829108613964044940994
-0.0446295478307263998214
-1.0
-0.548734680821786867385
0.00147675964436936139225
-1.0
-0.19204105617493157551
0.0240166372634438873746
-1.0
0.19204105617493199545
0.0240166372634438920011
-1.0
0.548734680821787065543
0.00147675964436937263576
-1.0
0.829108613964045099321
-0.0446295478307263975223
-1.0
1.0
-0.116331868883703862392
-1.0
-1.0
0.116331868883703862392
-1.0
-0.783473051651192611768
0.185663215844939647022
-1.0
-0.431586764503152510859
0.226105149894243364008
-1.0
9.48191974562513292812e-17
0.239391689392852154583
-1.0
0.431586764503152528972
0.226105149894243251262
-1.0
0.783473051651192588697
0.185663215844939554367
-1.0
1.0
0.116331868883703862392
-1.0
-1.0
0.34272401334271285329
-1.0
-0.715173689264094449023
0.404688803319540996387
-1.0
-0.260608031482556100142
0.435029601414058085763
-1.0
0.260608031482556453531
0.435029601414058068477
-1.0
0.715173689264094792059
0.404688803319540910386
-1.0
1.00000000000000033783
0.342724013342712842864
-1.0
-1.0
0.550639402928647060549
-1.0
-0.60501888474047367847
0.600843573917631705204
-1.0
2.02129378027425012088e-16
0.617345292189781480611
-1.0
0.60501888474047392191
0.600843573917631791869
-1.0
1.0
0.550639402928647060549
-1.0
-1.0
0.728868599091326141124
-1.0
-0.408291969899439873121
0.763909979144911302205
-1.0
0.408291969899440840856
0.763909979144911126302
-1.0
1.00000000000000081896
0.728868599091326168668
-1.0
-1.0
0.867801053830347266344
-1.0
-2.25666507219578855656e-15
0.885606368411074610056
-1.0
1.0
0.867801053830347266344
-1.0
-0.999999999999999999995
0.959935045267260913321
-1.0
1.00000000000000554211
0.959935045267260989197
-1.0
-1.0
1.0
-1.0
-1.0
-1.0
-0.959935045267260865098
-0.941119289633188362139
-1.0
-0.942803184205537434102
-0.827742213229585316595
-1.0
-0.930151819416717646632
-0.666529522721841224082
-1.0
-0.921170374831489745052
-0.466869508840525790774
-1.0
-0.915219854054863896027
-0.240339183791675057249
-1.0
-0.911837070599361668096
1.10850778290696658224e-16
-1.0
-0.910740904338547077558
0.240339183791674972922
-1.0
-0.911837070599361648671
0.466869508840525881156
-1.0
-0.91521985405486391192
0.66652952272184125731
-1.0
-0.921170374831489810753
0.827742213229585247384
-1.0
-0.93015181941671765435
0.941119289633188620063
-1.0
-0.942803184205537175954
1.00000000000000011329
-1.0
-0.959935045267260878175
-1.0
-0.941119289633188362139
-0.942803184205537434102
-0.906281435960061693493
-0.910476445450143510571
-0.914311992937411571461
-0.78359570538256187682
-0.890024518561942222122
-0.895756626173585867578
-0.605508908512643953112
-0.879060375006570914418
-0.885956560414770151519
-0.382423996358669666258
-0.873110350149668474449
-0.880680551659781027287
-0.130734036855690434371
-0.870444510064399084909
-0.878326260529122202307
0.130734036855690633169
-0.87044451006439907589
-0.878326260529122194352
0.382423996358669541732
-0.873110350149668460434
-0.880680551659781014894
0.605508908512644117041
-0.879060375006570933674
-0.885956560414770168641
0.783595705382561807067
-0.890024518561942264228
-0.895756626173585905408
0.906281435960061760644
-0.910476445450143531579
-0.914311992937411590707
1.0
-0.941119289633188362139
-0.942803184205537434102
-1.0
-0.827742213229585316595
-0.930151819416717646632
-0.877498446100352870734
-0.795495288625469866048
-0.895756626173585867596
-0.724217752920269088131
-0.757637403636826052904
-0.878949633492781685171
-0.517417816039813060846
-0.735270373204362980342
-0.87032102456111300487
-0.269572345235051348572
-0.723472369073947217205
-0.866071090441717769417
1.39964994753721469478e-16
-0.719774269596421432986
-0.864778902764373633441
0.269572345235051487795
-0.723472369073947229219
-0.866071090441717764879
0.517417816039812994906
-0.735270373204362979765
-0.870321024561113000794
0.724217752920269222614
-0.757637403636826075201
-0.87894963349278170312
0.877498446100352809808
-0.795495288625469905185
-0.89575662617358588483
1.00000000000000012588
-0.827742213229585262827
-0.930151819416717680213
-1.0
-0.666529522721841224082
-0.921170374831489745052
-0.851549872887991453589
-0.629363710846508641511
-0.885956560414770151718
-0.665173577084251447239
-0.58129471676881489014
-0.870321024561113005226
-0.424172433123756882264
-0.552898979511613327576
-0.862734772136254077122
-0.145754831885459921756
-0.539817591112903369963
-0.859540725292414692001
0.145754831885460152876
-0.539817591112903405116
-0.859540725292414692328
0.424172433123756993929
-0.552898979511613405331
-0.862734772136254078788
0.665173577084251455448
-0.581294716768814929363
-0.870321024561113004688
0.851549872887991545654
-0.629363710846508678997
-0.885956560414770172331
1.0
-0.666529522721841224082
-0.921170374831489745052
-1.0
-0.466869508840525790774
-0.915219854054863896027
-0.821484082020195548196
-0.421605997787677348817
-0.880680551659781027843
-0.596476167650180220509
-0.370564059702563332009
-0.866071090441717770491
-0.314342131651227081344
-0.342309131507015861612
-0.859540725292414692885
1.201583998316005375e-16
-0.33333333333333327573
-0.857638092950340712656
0.314342131651227247505
-0.342309131507015875017
-0.859540725292414696549
0.596476167650180395913
-0.370564059702563387387
-0.866071090441717777448
0.8214840820201955737
-0.421605997787677403026
-0.880680551659781027732
1.00000000000000015807
-0.466869508840525738443
-0.915219854054863935533
-1.0
-0.240339183791675057249
-0.911837070599361668096
-0.781717298844681468972
-0.187043125725441960965
-0.878326260529122202982
-0.508424579782316094641
-0.140112865201789220142
-0.864778902764373634728
-0.176682333858790163267
-0.117873277380080603944
-0.859540725292414693157
0.176682333858790450358
-0.117873277380080581471
-0.859540725292414695785
0.508424579782316286834
-0.140112865201789191561
-0.864778902764373642155
0.781717298844681653807
-0.187043125725441994844
-0.878326260529122217634
1.0
-0.240339183791675057249
-0.911837070599361668096
-1.0
1.10850778290696658224e-16
-0.910740904338547077558
-0.725084794947659716007
0.0574876357898412170086
-0.878326260529122194444
-0.389539183010180752056
0.0940364287765107183991
-0.866071090441717764879
2.16995441526448423764e-16
0.105797959023226846522
-0.862734772136254076804
0.389539183010181046715
0.0940364287765106809596
-0.866071090441717771003
0.725084794947659908693
0.0574876357898411806836
-0.87832626052912220886
1.00000000000000023242
8.13958428246388046579e-17
-0.910740904338547115532
-1.0
0.240339183791674972922
-0.911837070599361648671
-0.640174135670851395901
0.294716347937345818524
-0.880680551659781014782
-0.225296738835751211782
0.316565089973177891625
-0.870321024561113000256
0.225296738835751256813
0.31656508997317785203
-0.870321024561113000613
0.64017413567085139155
0.294716347937345750718
-0.880680551659781015339
1.0
0.240339183791674972922
-0.911837070599361648671
-1.0
0.466869508840525881156
-0.91521985405486391192
-0.507951380395406770925
0.508424085853079697645
-0.885956560414770173208
1.88137240771731224787e-16
0.51527480727365224787
-0.878949633492781712586
0.507951380395407154542
0.508424085853079705323
-0.885956560414770184304
1.00000000000000043493
0.466869508840525789483
-0.915219854054863948104
-1.0
0.66652952272184125731
-0.921170374831489810753
-0.300588819572513779223
0.685519807187412079121
-0.895756626173585922643
0.300588819572514027108
0.68551980718741208174
-0.89575662617358592266
1.0
0.66652952272184125731
-0.921170374831489810753
-0.999999999999999999999
0.827742213229585247384
-0.93015181941671765435
2.53312614414686991526e-16
0.820952890900287105383
-0.914311992937411591473
1.00000000000000133567
0.827742213229585208604
-0.930151819416717680213
-1.0
0.941119289633188620063
-0.942803184205537175954
1.0
0.941119289633188620063
-0.942803184205537175954
-1.0
1.00000000000000002171
-0.959935045267260927527
-1.0
-1.0
-0.867801053830347266344
-0.923819637597538470997
-1.0
-0.83375815972819338861
-0.788433407982141429652
-1.0
-0.808672646094890701632
-0.602371048739330403464
-1.0
-0.791132712417727742058
-0.377604472627841329932
-1.0
-0.78005396215851953264
-0.128614922802287888013
-1.0
-0.774700545617026353976
0.128614922802288119578
-1.0
-0.774700545617026345575
0.377604472627841222629
-1.0
-0.780053962158519507605
0.602371048739330551892
-1.0
-0.79113271241772774586
0.788433407982141353172
-1.0
-0.808672646094890778978
0.923819637597538554913
-1.0
-0.833758159728193573108
1.0
-1.0
-0.867801053830347266344
-1.0
-0.923819637597538470997
-0.83375815972819338861
-0.877498446100352870933
-0.884568702741746893243
-0.806154419164008866252
-0.724217752920269089875
-0.863397927707513810569
-0.772306444195527666375
-0.517417816039813060353
-0.852001412033602343619
-0.752435306589951547146
-0.269572345235051346836
-0.846234573183520540259
-0.741989891110277897251
1.39964994753721469478e-16
-0.844459073893888805657
-0.738720484965834784095
0.269572345235051486058
-0.846234573183520536094
-0.741989891110277909088
0.517417816039812994413
-0.852001412033602338968
-0.752435306589951547145
0.724217752920269224358
-0.863397927707513832271
-0.772306444195527685147
0.877498446100352810007
-0.884568702741746914585
-0.806154419164008901587
1.00000000000000012588
-0.923819637597538505346
-0.833758159728193333829
-1.0
-0.788433407982141429652
-0.808672646094890701632
-0.843261224327462003068
-0.743053966146553937165
-0.772306444195527666232
-0.656647948477605398695
-0.706956493114783433728
-0.744406500787875789394
-0.418467699656619985864
-0.685621372514969462799
-0.728325673464538630248
-0.143781850862163172134
-0.675805147248991110053
-0.721026098679050888558
0.143781850862163417257
-0.675805147248991125543
-0.721026098679050900028
0.418467699656620098236
-0.685621372514969493275
-0.728325673464538653006
0.65664794847760539337
-0.706956493114783436874
-0.744406500787875791787
0.843261224327462094381
-0.743053966146553966761
-0.772306444195527689473
1.0
-0.788433407982141429652
-0.808672646094890701632
-1.0
-0.602371048739330403464
-0.791132712417727742058
-0.809418753772937581957
-0.553128556941737054269
-0.752435306589951547146
-0.583570921715652037165
-0.509878362866702130096
-0.728325673464538630726
-0.306757174539544107387
-0.485198424065654596871
-0.715677351348789918613
1.30955317052014290347e-16
-0.47728054829999470767
-0.711746908024049534794
0.306757174539544283896
-0.485198424065654641241
-0.715677351348789936958
0.583570921715652195079
-0.509878362866702194038
-0.728325673464538654
0.80941875377293759094
-0.553128556941737072216
-0.752435306589951547146
1.00000000000000015473
-0.60237104873933041942
-0.791132712417727773855
-1.0
-0.377604472627841329932
-0.78005396215851953264
-0.768028976340473236374
-0.325729605281797548013
-0.741989891110277898618
-0.494461599425976729727
-0.282572609253404375456
-0.721026098679050892094
-0.17118100255221616966
-0.261359725850002557789
-0.711746908024049539359
0.171181002552216410156
-0.261359725850002555599
-0.711746908024049547139
0.494461599425976914923
-0.282572609253404390358
-0.721026098679050911329
0.768028976340473427883
-0.325729605281797605434
-0.741989891110277923408
1.0
-0.377604472627841329932
-0.78005396215851953264
-1.0
-0.128614922802287888013
-0.774700545617026353976
-0.711365394695448485541
-0.077770463053055485892
-0.738720484965834787848
-0.377519336256849973658
-0.0416222434976043409215
-0.721026098679050908807
1.69278052201114227737e-16
-0.0296031518686906215156
-0.715677351348789949531
0.377519336256850235686
-0.0416222434976043379529
-0.721026098679050920249
0.711365394695448698125
-0.0777704630530555035945
-0.738720484965834809907
1.00000000000000022172
-0.128614922802287915336
-0.774700545617026389146
-1.0
0.128614922802288119578
-0.774700545617026345575
-0.628601993253164854335
0.171964178465318257908
-0.741989891110277913419
-0.218449909064533788618
0.195499735381671758178
-0.728325673464538663468
0.218449909064534160665
0.195499735381671729631
-0.728325673464538668599
0.628601993253165122033
0.171964178465318207001
-0.741989891110277930453
1.00000000000000028717
0.128614922802288087385
-0.774700545617026378836
-1.0
0.377604472627841222629
-0.780053962158519507605
-0.502417065080683809239
0.405129968975339374052
-0.752435306589951547145
4.68133934123770439895e-18
0.41391298622956686632
-0.74440650078787579418
0.502417065080683811135
0.405129968975339351453
-0.752435306589951547145
1.0
0.377604472627841222629
-0.780053962158519507605
-1.0
0.602371048739330551892
-0.79113271241772774586
-0.3057922517770542642
0.606451893854067865609
-0.77230644419552768328
0.305792251777054742559
0.606451893854067877992
-0.772306444195527689541
1.00000000000000062354
0.602371048739330541964
-0.791132712417727767439
-0.999999999999999999999
0.788433407982141353172
-0.808672646094890778978
8.27483426831671087243e-17
0.769137405483493730841
-0.806154419164008936921
1.0
0.788433407982141353172
-0.808672646094890778978
-1.0
0.923819637597538554912
-0.833758159728193573108
1.00000000000000317896
0.92381963759753863322
-0.83375815972819349718
-1.0
1.0
-0.867801053830347266344
-1.0
-1.0
-0.728868599091326025645
-0.906136949483507934826
-1.0
-0.679673199086141981115
-0.745887605262402154199
-1.0
-0.643896888996330201317
-0.530400529767546607794
-1.0
-0.619695844696426041231
-0.275458833850926567331
-1.0
-0.605722756526266733558
1.47315758428231101396e-16
-1.0
-0.601156936530936086524
0.275458833850926716217
-1.0
-0.605722756526266816624
0.53040052976754653965
-1.0
-0.619695844696426113351
0.745887605262402299231
-1.0
-0.643896888996330222765
0.906136949483507855424
-1.0
-0.679673199086141960152
1.00000000000000012843
-1.0
-0.728868599091326057645
-1.0
-0.906136949483507934826
-0.679673199086141981115
-0.851549872887991455504
-0.861807239331584293015
-0.650498029471593633195
-0.665173577084251442755
-0.838752200741170241804
-0.608443352838949413038
-0.424172433123756874567
-0.826639865081898561313
-0.583584691239339180573
-0.145754831885459918103
-0.821314095475268332679
-0.572136034805638892332
0.145754831885460149223
-0.821314095475268336801
-0.57213603480563892494
0.424172433123756986232
-0.826639865081898571305
-0.583584691239339252619
0.665173577084251450964
-0.838752200741170244824
-0.608443352838949449831
0.851549872887991547569
-0.861807239331584320633
-0.650498029471593664723
1.0
-0.906136949483507934826
-0.679673199086141981115
-1.0
-0.745887605262402154199
-0.643896888996330201317
-0.809418753772937577278
-0.692168588998686772374
-0.608443352838949412681
-0.583570921715652032307
-0.655335153821265506804
-0.576455095711025335403
-0.30675717453954410605
-0.635105626400560476617
-0.558383297865389654307
1.30955317052014290347e-16
-0.628687756083095405544
-0.552618297394244718815
0.306757174539544282559
-0.635105626400560507968
-0.558383297865389687647
0.583570921715652190221
-0.655335153821265547165
-0.576455095711025384956
0.809418753772937586261
-0.692168588998686775384
-0.608443352838949428407
1.00000000000000015473
-0.745887605262402194115
-0.643896888996330209284
-1.0
-0.530400529767546607794
-0.619695844696426041231
-0.764789532823007450073
-0.474085205465370651916
-0.58358469123933917918
-0.49081097207217655462
-0.433237377813893411619
-0.558383297865389652643
-0.169709121670467580281
-0.413282299224609115893
-0.546361243362955911404
0.169709121670467814358
-0.413282299224609129703
-0.54636124336295591966
0.490810972072176737504
-0.433237377813893453054
-0.5583832978653896778
0.764789532823007640707
-0.474085205465370710983
-0.583584691239339216211
1.0
-0.530400529767546607794
-0.619695844696426041231
-1.0
-0.275458833850926567331
-0.605722756526266733558
-0.707569806621485499248
-0.222075617160673955867
-0.572136034805638891452
-0.373659466619080752793
-0.185656121958452213487
-0.552618297394244718814
1.4196822767397788978e-16
-0.173435401550781591688
-0.546361243362955923666
0.373659466619080992935
-0.185656121958452214117
-0.552618297394244727943
0.707569806621485720802
-0.22207561716067398736
-0.572136034805638915272
1.00000000000000021684
-0.275458833850926603637
-0.605722756526266761882
-1.0
1.47315970186467914971e-16
-0.601156936530936086524
-0.626418601420017750189
0.0433897126359424918116
-0.572136034805638929526
-0.216676576787208573727
0.0683430042144540568561
-0.558383297865389699539
0.216676576787208915395
0.0683430042144540497137
-0.558383297865389702723
0.626418601420018022641
0.0433897126359424702726
-0.57213603480563894386
1.00000000000000027736
1.16010267730659415164e-16
-0.601156936530936113244
-1.0
0.275458833850926716217
-0.605722756526266816624
-0.504171742425322667956
0.300725070547269367306
-0.583584691239339266523
2.04377615227674738763e-16
0.310670307642531185459
-0.576455095711025416596
0.504171742425323029809
0.300725070547269334411
-0.583584691239339275524
1.00000000000000038171
0.275458833850926697015
-0.605722756526266838325
-1.0
0.53040052976754653965
-0.619695844696426113351
-0.312492236995945338222
0.530920789739857034631
-0.608443352838949465557
0.312492236995945337591
0.530920789739857034301
-0.6084433528389494652
1.0
0.53040052976754653965
-0.619695844696426113351
-1.0
0.745887605262402299231
-0.643896888996330222765
3.16179399759901162692e-16
0.723614478663168687671
-0.650498029471593659363
1.00000000000000106309
0.745887605262402336992
-0.643896888996330209284
-1.0
0.906136949483507855424
-0.679673199086141960152
1.0
0.906136949483507855424
-0.679673199086141960152
-1.0
1.00000000000000004211
-0.728868599091326181995
-1.0
-1.0
-0.550639402928647060549
-0.886160572884731202282
-1.0
-0.489468949264676883731
-0.695797714898489177225
-1.0
-0.446051187735723743657
-0.444011923299277864503
-1.0
-0.41829388073717693026
-0.152568707807674597609
-1.0
-0.40477489692833861669
0.152568707807674798118
-1.0
-0.404774896928338643497
0.444011923299277980641
-1.0
-0.418293880737177008769
0.695797714898489230302
-1.0
-0.446051187735723831369
0.88616057288473130151
-1.0
-0.489468949264676986674
1.0
-1.0
-0.550639402928647060549
-1.0
-0.886160572884731202282
-0.489468949264676883731
-0.821484082020195540487
-0.836112358412008298325
-0.456112824421310163046
-0.59647616765018021544
-0.81039485758274658251
-0.412713894262977180955
-0.314342131651227082258
-0.797681780121383392732
-0.388498522692179078159
1.201583998316005375e-16
-0.79379603678657626086
-0.380787302349886387314
0.314342131651227248419
-0.797681780121383399651
-0.388498522692179089418
0.596476167650180390845
-0.810394857582746598999
-0.412713894262977230435
0.821484082020195565991
-0.836112358412008303914
-0.456112824421310214053
1.00000000000000015807
-0.886160572884731250694
-0.489468949264676823087
-1.0
-0.695797714898489177225
-0.446051187735723743657
-0.768028976340473234331
-0.634731264500901943456
-0.412713894262977181248
-0.494461599425976743321
-0.596463258788447594895
-0.382644368308947768209
-0.171181002552216179804
-0.57852109127011446842
-0.367817397290852813649
0.1711810025522164203
-0.578521091270114478332
-0.367817397290852808902
0.494461599425976928517
-0.596463258788447624447
-0.382644368308947774133
0.76802897634047342584
-0.634731264500901989322
-0.412713894262977222904
1.0
-0.695797714898489177225
-0.446051187735723743657
-1.0
-0.444011923299277864503
-0.41829388073717693026
-0.707569806621485509521
-0.38370267133627237493
-0.388498522692179076396
-0.37365946661908076643
-0.345845865841661030667
-0.367817397290852809084
1.4196822767397788978e-16
-0.333333333333333266311
-0.360916269911132116222
0.373659466619081006572
-0.345845865841661042471
-0.367817397290852805856
0.707569806621485731075
-0.383702671336272416116
-0.388498522692179091887
1.00000000000000021684
-0.444011923299277911849
-0.418293880737176949147
-1.0
-0.152568707807674597609
-0.40477489692833861669
-0.62613798787111325561
-0.10310198160671177495
-0.380787302349886381463
-0.216314687399048205502
-0.0756330428882243201773
-0.367817397290852795688
0.21631468739904852974
-0.0756330428882243204761
-0.367817397290852795828
0.626137987871113529449
-0.103101981606711791828
-0.380787302349886389508
1.00000000000000027428
-0.152568707807674636253
-0.404774896928338635755
-1.0
0.152568707807674798118
-0.404774896928338643497
-0.505706383811371255095
0.181384451457655931772
-0.388498522692179085304
2.0681834066518800519e-16
0.192926517576895358595
-0.382644368308947763828
0.505706383811371620078
0.181384451457655911727
-0.388498522692179091887
1.00000000000000037304
0.152568707807674776289
-0.404774896928338657727
-1.0
0.444011923299277980641
-0.418293880737177008769
-0.316582921044133657306
0.445126122083648727051
-0.412713894262977245458
0.316582921044134131222
0.445126122083648718477
-0.412713894262977248307
1.00000000000000056317
0.4440119232992779856
-0.418293880737177012893
-0.999999999999999999999
0.695797714898489230302
-0.446051187735723831369
1.86601358280122364697e-18
0.672224716824016654269
-0.45611282442131026506
1.0
0.695797714898489230302
-0.446051187735723831369
-0.999999999999999999998
0.88616057288473130151
-0.489468949264676986674
1.00000000000000261906
0.886160572884731387896
-0.489468949264676888583
-1.0
1.0
-0.550639402928647060549
-1.0
-1.0
-0.342724013342712695158
-0.861577767531782556789
-1.0
-0.273826145245577905696
-0.632696735057577355021
-1.0
-0.226776214027342888644
-0.334940964596023463358
-1.0
-0.199421531734531913528
1.41616073726156914414e-16
-1.0
-0.190450206143322588365
0.334940964596023654482
-1.0
-0.199421531734531851801
0.632696735057577551335
-1.0
-0.226776214027342869144
0.861577767531782595246
-1.0
-0.273826145245577978926
1.00000000000000016537
-1.0
-0.342724013342712731841
-1.0
-0.861577767531782556789
-0.273826145245577905696
-0.781717298844681470052
-0.80319667908726577592
-0.236500877186212835344
-0.508424579782316107462
-0.774302419881203776907
-0.19825030613489574159
-0.176682333858790171718
-0.761898063909416604628
-0.17982471720976718554
0.176682333858790458809
-0.761898063909416604632
-0.179824717209767163486
0.508424579782316299654
-0.774302419881203783683
-0.198250306134895711748
0.781717298844681654887
-0.803196679087265803736
-0.236500877186212861207
1.0
-0.861577767531782556789
-0.273826145245577905696
-1.0
-0.63269673505757735502
-0.226776214027342888644
-0.711365394695448503331
-0.563898271176821911351
-0.198250306134895744055
-0.377519336256849994305
-0.525273400601807610639
-0.175303434332950311561
1.69278052201114227737e-16
-0.512961030110668648571
-0.1675560529204305802
0.377519336256850256333
-0.525273400601807626864
-0.175303434332950303523
0.711365394695448715915
-0.563898271176821950069
-0.198250306134895749274
1.00000000000000022172
-0.632696735057577415028
-0.226776214027342897565
-1.0
-0.334940964596023463359
-0.199421531734531913528
-0.626418601420017751981
-0.274699099021691477326
-0.179824717209767189298
-0.216676576787208567906
-0.243519484944665529699
-0.167556052920430579519
0.216676576787208909574
-0.243519484944665537656
-0.167556052920430583384
0.626418601420018024434
-0.274699099021691507436
-0.179824717209767198751
1.00000000000000027736
-0.334940964596023514402
-0.199421531734531925231
-1.0
1.41616285484393727989e-16
-0.190450206143322588365
-0.505706383811371228206
0.0365971629311083318239
-0.179824717209767160137
2.0681834066518800519e-16
0.0505468012036154528893
-0.175303434332950284298
0.505706383811371593189
0.0365971629311083118542
-0.179824717209767170163
1.00000000000000037304
1.11718140028685061771e-16
-0.190450206143322595496
-1.0
0.334940964596023654483
-0.199421531734531851801
-0.317927422802476364953
0.338200691058025870664
-0.198250306134895695538
0.317927422802476848407
0.338200691058025860585
-0.198250306134895699156
1.00000000000000055672
0.334940964596023658093
-0.199421531734531850503
-0.999999999999999999999
0.632696735057577551335
-0.226776214027342869144
3.12858183573717051063e-16
0.606393358174531755908
-0.236500877186212852433
1.00000000000000098555
0.632696735057577599021
-0.226776214027342851427
-1.0
0.861577767531782595245
-0.273826145245577978926
1.0
0.861577767531782595245
-0.273826145245577978926
-1.0
1.00000000000000006435
-0.342724013342712911555
-1.0
-1.0
-0.116331868883703862392
-0.829108613964044940994
-1.0
-0.0446295478307263998214
-0.548734680821786867385
-1.0
0.00147675964436936139219
-0.19204105617493157551
-1.0
0.0240166372634438873745
0.19204105617493199545
-1.0
0.0240166372634438920012
0.548734680821787065543
-1.0
0.00147675964436937263565
0.829108613964045099321
-1.0
-0.0446295478307263975223
1.0
-1.0
-0.116331868883703862392
-1.0
-0.829108613964044940994
-0.0446295478307263998214
-0.725084794947659718912
-0.758307294758254384652
-0.00684660175554261120756
-0.389539183010180748325
-0.726459409076648572436
0.0207748758149730501466
2.16995441526448423764e-16
-0.717006874080034399143
0.0299041546149326731259
0.389539183010181042985
-0.726459409076648593766
0.020774875814973018564
0.725084794947659911598
-0.758307294758254419648
-0.00684660175554263770034
1.00000000000000023242
-0.829108613964045015195
-0.0446295478307264089748
-1.0
-0.548734680821786867385
0.00147675964436936139219
-0.628601993253164841254
-0.473032089317654263488
0.0207748758149730458157
-0.218449909064533771384
-0.438047084981581428785
0.0331064426401028183248
0.218449909064534143432
-0.438047084981581451954
0.0331064426401027967222
0.628601993253165108951
-0.473032089317654316768
0.020774875814973011457
1.00000000000000028717
-0.548734680821786938432
0.00147675964436935159564
-1.0
-0.19204105617493157551
0.0240166372634438873745
-0.50417174242532260945
-0.141496562959982602403
0.0299041546149326572379
2.04377615227674738763e-16
-0.123905830036836788168
0.033106442640102779682
0.504171742425322971303
-0.14149656295998263883
0.0299041546149326370463
1.00000000000000038171
-0.192041056174931621286
0.0240166372634438857973
-1.0
0.19204105617493199545
0.0240166372634438920012
-0.316582921044133623373
0.199491498394303119392
0.0207748758149729970961
0.316582921044134097289
0.199491498394303108676
0.0207748758149729930988
1.00000000000000056317
0.192041056174931994931
0.0240166372634438984948
-1.0
0.548734680821787065543
0.00147675964436937263565
3.12858183573717051063e-16
0.516614589516508952987
-0.0068466017555426377004
1.00000000000000098555
0.548734680821787123964
0.00147675964436938742346
-1.0
0.829108613964045099321
-0.0446295478307263975223
1.00000000000000248764
0.829108613964045220473
-0.0446295478307263644707
-1.0
1.0
-0.116331868883703862392
-1.0
-1.0
0.116331868883703862392
-0.783473051651192611768
-1.0
0.185663215844939647022
-0.431586764503152510859
-1.0
0.226105149894243364008
9.48191974562513292812e-17
-1.0
0.239391689392852154582
0.431586764503152528972
-1.0
0.226105149894243251262
0.783473051651192588697
-1.0
0.185663215844939554366
1.0
-1.0
0.116331868883703862392
-1.0
-0.783473051651192611768
0.185663215844939647022
-0.640174135670851367952
-0.695040324993268144588
0.217473927740872320078
-0.22529673883575119272
-0.662645884143464402547
0.231199683990014017572
0.225296738835751237751
-0.662645884143464419619
0.231199683990013980779
0.640174135670851363602
-0.695040324993268170717
0.217473927740872256678
1.0
-0.783473051651192611768
0.185663215844939647022
-1.0
-0.431586764503152510859
0.226105149894243364008
-0.502417065080683772564
-0.355971405696371166506
0.231199683990014017034
4.68133934123770439895e-18
-0.333333333333333327092
0.233219502363627375361
0.502417065080683774461
-0.355971405696371183094
0.231199683990013997233
1.0
-0.431586764503152510859
0.226105149894243364008
-1.0
9.48191974562513292812e-17
0.239391689392852154582
-0.312492236995945324043
0.0186172898398356302432
0.231199683990013960978
0.312492236995945323411
0.0186172898398356304579
0.231199683990013960439
1.0
9.48191974562513292812e-17
0.239391689392852154582
-1.0
0.431586764503152528972
0.226105149894243251262
1.86601358280122364697e-18
0.390080649986536325797
0.217473927740872193278
1.0
0.431586764503152528972
0.226105149894243251262
-0.999999999999999999998
0.783473051651192588697
0.185663215844939554366
1.0
0.783473051651192588697
0.185663215844939554366
-1.0
1.0
0.116331868883703862392
-1.0
-1.0
0.342724013342713011421
-0.715173689264094449023
-1.0
0.404688803319540996386
-0.260608031482556100142
-1.0
0.435029601414058085762
0.260608031482556453531
-1.0
0.435029601414058068477
0.715173689264094792059
-1.0
0.404688803319540910386
1.00000000000000033783
-1.0
0.342724013342713000995
-1.0
-0.715173689264094449023
0.404688803319540996386
-0.50795138039540679147
-0.605105120555260046526
0.422411150301134068335
1.88137240771731224787e-16
-0.580005217902141990991
0.423562521883837145469
0.507951380395407175087
-0.605105120555260074278
0.422411150301134083943
1.00000000000000043493
-0.715173689264094599889
0.404688803319540935138
-1.0
-0.260608031482556100142
0.435029601414058085762
-0.30579225177705429951
-0.209997391048928847316
0.423562521883837156802
0.305792251777054777868
-0.209997391048928847108
0.423562521883837172804
1.00000000000000062354
-0.260608031482556165543
0.435029601414058094161
-1.0
0.260608031482556453531
0.435029601414058068477
3.16179399759901162692e-16
0.210210241110520456109
0.422411150301134101277
1.00000000000000106309
0.260608031482556544249
0.435029601414058087746
-1.0
0.715173689264094792059
0.404688803319540910386
1.00000000000000261906
0.715173689264095040434
0.404688803319540882213
-1.0
1.00000000000000013145
0.342724013342712796625
-1.0
-1.0
0.550639402928647060549
-0.60501888474047367847
-1.0
0.600843573917631705204
2.02129378027425012088e-16
-1.0
0.61734529218978148061
0.60501888474047392191
-0.999999999999999999999
0.600843573917631791869
1.0
-1.0
0.550639402928647060549
-1.0
-0.60501888474047367847
0.600843573917631705204
-0.300588819572513771513
-0.481804635397023418099
0.597667671511180689329
0.300588819572514019398
-0.481804635397023414971
0.597667671511180691825
1.0
-0.60501888474047367847
0.600843573917631705204
-1.0
2.02129801543898639238e-16
0.61734529218978148061
8.27483426831671087243e-17
-0.0363907292059527147914
0.597667671511180694321
1.0
2.02129801543898639238e-16
0.61734529218978148061
-0.999999999999999999998
0.60501888474047392191
0.600843573917631791869
1.0
0.60501888474047392191
0.600843573917631791869
-1.0
1.0
0.550639402928647060549
-1.0
-1.0
0.728868599091326256603
-0.408291969899439873121
-0.999999999999999999999
0.763909979144911302205
0.408291969899440840855
-1.0
0.763909979144911126301
1.00000000000000081896
-1.0
0.728868599091326284146
-1.0
-0.40829196989943987312
0.763909979144911302205
2.53312614414686991526e-16
-0.333333333333333216776
0.742935978812234814767
1.00000000000000133567
-0.408291969899440126773
0.763909979144911288415
-1.0
0.408291969899440840856
0.763909979144911126301
1.00000000000000317896
0.408291969899441476687
0.763909979144911125064
-1.0
1.00000000000000026852
0.728868599091326102918
-1.0
-1.0
0.867801053830347266344
-2.25666507219578855656e-15
-0.999999999999999999999
0.885606368411074610056
1.0
-1.0
0.867801053830347266344
-0.999999999999999999999
-2.2566647545584333362e-15
0.885606368411074610056
0.999999999999999999999
-2.2566647545584333362e-15
0.885606368411074610056
-1.0
1.0
0.867801053830347266344
-1.0
-0.999999999999999999998
0.959935045267260961544
1.00000000000000554212
-0.999999999999999999997
0.95993504526726103742
-1.0
1.00000000000000106181
0.959935045267260900575
-1.0
-1.0
1.0
