-1.0
-1.0
-1.0
-0.959935045267260913321
-1.0
-1.0
-0.867801053830347266344
-1.0
-1.0
-0.728868599091326141125
-1.0
-1.0
-0.550639402928647060549
-1.0
-1.0
-0.34272401334271285329
-1.0
-1.0
-0.116331868883703862392
-1.0
-1.0
0.116331868883703862392
-1.0
-1.0
0.34272401334271285329
-1.0
-1.0
0.550639402928647060549
-1.0
-1.0
0.728868599091326141124
-1.0
-1.0
0.867801053830347266344
-1.0
-1.0
0.959935045267260913321
-1.0
-1.0
1.0
-1.0
-1.0
-1.0
-0.959935045267260913321
-1.0
-0.942803184205537175954
-0.942803184205537434102
-1.0
-0.833758159728193551962
-0.930151819416717646632
-1.0
-0.679673199086141960152
-0.921170374831489745052
-1.0
-0.489468949264676949227
-0.915219854054863896026
-1.0
-0.273826145245577978926
-0.911837070599361668096
-1.0
-0.0446295478307263553175
-0.910740904338547077558
-1.0
0.185663215844939554366
-0.911837070599361648671
-1.0
0.404688803319540943461
-0.915219854054863911921
-1.0
0.600843573917631791868
-0.921170374831489810753
-1.0
0.763909979144911138853
-0.93015181941671765435
-1.0
0.885606368411074610056
-0.942803184205537175954
-1.0
0.95993504526726103742
-0.959935045267260926397
-1.0
-1.0
-0.867801053830347266344
-1.0
-0.930151819416717646632
-0.833758159728193388611
-1.0
-0.808672646094890778978
-0.808672646094890701632
-1.0
-0.643896888996330201317
-0.791132712417727742058
-1.0
-0.446051187735723831369
-0.78005396215851953264
-1.0
-0.226776214027342842506
-0.774700545617026353976
-1.0
0.00147675964436939721998
-0.774700545617026345575
-1.0
0.226105149894243251261
-0.780053962158519507605
-1.0
0.435029601414058079347
-0.79113271241772774586
-1.0
0.61734529218978148061
-0.808672646094890778978
-1.0
0.763909979144911289653
-0.833758159728193573108
-1.0
0.867801053830347266344
-0.867801053830347266344
-1.0
-1.0
-0.728868599091326141124
-1.0
-0.921170374831489810753
-0.679673199086141981116
-1.0
-0.791132712417727735643
-0.643896888996330201317
-1.0
-0.619695844696426113351
-0.619695844696426041231
-1.0
-0.418293880737176994005
-0.605722756526266733558
-1.0
-0.1994215317345318388
-0.601156936530936086525
-1.0
0.0240166372634439000718
-0.605722756526266816624
-1.0
0.239391689392852154582
-0.619695844696426113351
-1.0
0.435029601414058074892
-0.643896888996330222765
-1.0
0.600843573917631705204
-0.679673199086141960152
-1.0
0.728868599091326284146
-0.728868599091326173124
-1.0
-1.0
-0.550639402928647060549
-1.0
-0.915219854054863908598
-0.48946894926467688373
-1.0
-0.780053962158519507605
-0.446051187735723743657
-1.0
-0.605722756526266810001
-0.41829388073717693026
-1.0
-0.404774896928338638662
-0.40477489692833861669
-1.0
-0.190450206143322588365
-0.404774896928338643497
-1.0
0.0240166372634438793034
-0.418293880737177008769
-1.0
0.226105149894243364008
-0.446051187735723831369
-1.0
0.404688803319540963311
-0.489468949264676986674
-1.0
0.550639402928647060549
-0.550639402928647060549
-1.0
-1.0
-0.34272401334271285329
-1.0
-0.911837070599361648671
-0.273826145245577905696
-1.0
-0.774700545617026343666
-0.226776214027342888643
-1.0
-0.601156936530936086525
-0.199421531734531913528
-1.0
-0.404774896928338621524
-0.190450206143322588365
-1.0
-0.199421531734531926529
-0.199421531734531851801
-1.0
0.00147675964436933680762
-0.226776214027342869144
-1.0
0.185663215844939647022
-0.273826145245577978926
-1.0
0.342724013342713000995
-0.342724013342712889973
-1.0
-1.0
-0.116331868883703862392
-1.0
-0.910740904338547077558
-0.0446295478307263998215
-1.0
-0.774700545617026355885
0.00147675964436936139208
-1.0
-0.605722756526266740181
0.0240166372634438873744
-1.0
-0.418293880737176945024
0.024016637263443892001
-1.0
-0.226776214027342915281
0.00147675964436937263553
-1.0
-0.0446295478307264420266
-0.0446295478307263975224
-1.0
0.116331868883703862392
-0.116331868883703862392
-1.0
-1.0
0.116331868883703862392
-1.0
-0.911837070599361668096
0.185663215844939647022
-1.0
-0.78005396215851953264
0.226105149894243364008
-1.0
-0.619695844696426041231
0.239391689392852154582
-1.0
-0.446051187735723743657
0.226105149894243251261
-1.0
-0.273826145245577905696
0.185663215844939554366
-1.0
-0.116331868883703862392
0.116331868883703862392
-1.0
-1.0
0.34272401334271285329
-1.0
-0.915219854054863899349
0.404688803319540996386
-1.0
-0.791132712417727752275
0.435029601414058085762
-1.0
-0.643896888996330222766
0.435029601414058068477
-1.0
-0.489468949264676921178
0.404688803319540910386
-1.0
-0.342724013342712731842
0.342724013342712842864
-1.0
-1.0
0.550639402928647060549
-1.0
-0.921170374831489745052
0.600843573917631705204
-1.0
-0.808672646094890701632
0.61734529218978148061
-1.0
-0.679673199086141981116
0.600843573917631791868
-1.0
-0.550639402928647060549
0.550639402928647060549
-1.0
-1.0
0.728868599091326141124
-1.0
-0.93015181941671765435
0.763909979144911302205
-1.0
-0.833758159728193409757
0.763909979144911126301
-1.0
-0.728868599091326057645
0.728868599091326168667
-1.0
-1.0
0.867801053830347266344
-1.0
-0.942803184205537434102
0.885606368411074610056
-1.0
-0.867801053830347266344
0.867801053830347266344
-1.0
-1.0
0.959935045267260913321
-1.0
-0.959935045267260878175
0.959935045267260989197
-1.0
-1.0
1.0
-1.0
-1.0
-1.0
-0.959935045267260865098
-0.942803184205537175954
-1.0
-0.942803184205537434102
-0.833758159728193551962
-1.0
-0.930151819416717646632
-0.679673199086141960152
-1.0
-0.921170374831489745052
-0.489468949264676949227
-1.0
-0.915219854054863896027
-0.273826145245577978926
-1.0
-0.911837070599361668096
-0.0446295478307263553176
-1.0
-0.910740904338547077558
0.185663215844939554367
-1.0
-0.911837070599361648671
0.404688803319540943461
-1.0
-0.91521985405486391192
0.600843573917631791869
-1.0
-0.921170374831489810753
0.763909979144911138854
-1.0
-0.93015181941671765435
0.885606368411074610056
-1.0
-0.942803184205537175954
0.959935045267260989197
-1.0
-0.959935045267260878175
-1.0
-0.942803184205537175954
-0.942803184205537434102
-0.914311992937411572993
-0.914311992937411572227
-0.914311992937411571461
-0.806154419164008936921
-0.89575662617358588483
-0.895756626173585867578
-0.650498029471593622475
-0.885956560414770156284
-0.885956560414770151519
-0.45611282442131026506
-0.880680551659781027732
-0.880680551659781027287
-0.236500877186212817796
-0.878326260529122203074
-0.878326260529122202307
-0.00684660175554261120764
-0.87832626052912219512
-0.878326260529122194352
0.217473927740872193278
-0.880680551659781015339
-0.880680551659781014894
0.422411150301134103002
-0.885956560414770173407
-0.885956560414770168641
0.597667671511180694321
-0.89575662617358592266
-0.895756626173585905408
0.742935978812234814766
-0.914311992937411591473
-0.914311992937411590707
0.885606368411074610056
-0.942803184205537175954
-0.942803184205537434102
-1.0
-0.833758159728193551962
-0.930151819416717646632
-0.895756626173585922643
-0.806154419164008901587
-0.895756626173585867596
-0.772306444195527664575
-0.772306444195527664365
-0.878949633492781685171
-0.608443352838949465557
-0.752435306589951547146
-0.87032102456111300487
-0.412713894262977221382
-0.741989891110277902949
-0.866071090441717769417
-0.198250306134895675263
-0.7387204849658347916
-0.864778902764373633441
0.0207748758149730103202
-0.741989891110277914785
-0.866071090441717764879
0.231199683990013960978
-0.752435306589951547145
-0.870321024561113000794
0.423562521883837156802
-0.772306444195527683137
-0.87894963349278170312
0.597667671511180689329
-0.806154419164008936921
-0.89575662617358588483
0.763909979144911288415
-0.83375815972819349718
-0.930151819416717680213
-1.0
-0.679673199086141960152
-0.921170374831489745052
-0.885956560414770168059
-0.650498029471593627835
-0.885956560414770151718
-0.752435306589951547145
-0.608443352838949428407
-0.870321024561113005226
-0.58358469123933925379
-0.583584691239339193084
-0.862734772136254077122
-0.388498522692179074045
-0.572136034805638896039
-0.859540725292414692001
-0.179824717209767153602
-0.572136034805638928647
-0.859540725292414692328
0.0299041546149326572377
-0.58358469123933926513
-0.862734772136254078788
0.231199683990014017034
-0.6084433528389494652
-0.870321024561113004688
0.42241115030113406661
-0.650498029471593659363
-0.885956560414770172331
0.600843573917631705204
-0.679673199086141960152
-0.921170374831489745052
-1.0
-0.489468949264676949227
-0.915219854054863896027
-0.880680551659781014783
-0.456112824421310214053
-0.880680551659781027843
-0.741989891110277908627
-0.412713894262977196271
-0.866071090441717770491
-0.572136034805638925506
-0.388498522692179072282
-0.859540725292414692885
-0.380787302349886381463
-0.380787302349886375611
-0.857638092950340712656
-0.179824717209767195832
-0.388498522692179083541
-0.859540725292414696549
0.0207748758149730325911
-0.41271389426297724575
-0.866071090441717777448
0.217473927740872320078
-0.45611282442131026506
-0.880680551659781027732
0.404688803319540935138
-0.489468949264676888583
-0.915219854054863935533
-1.0
-0.273826145245577978926
-0.911837070599361668096
-0.878326260529122193625
-0.23650087718621282657
-0.878326260529122202982
-0.738720484965834787848
-0.198250306134895727846
-0.864778902764373634728
-0.572136034805638895473
-0.179824717209767185948
-0.859540725292414693157
-0.388498522692179087655
-0.179824717209767163894
-0.859540725292414695785
-0.198250306134895764331
-0.198250306134895698003
-0.864778902764373642155
-0.00684660175554263770061
-0.236500877186212852433
-0.878326260529122217634
0.185663215844939647022
-0.273826145245577978926
-0.911837070599361668096
-1.0
-0.0446295478307263553174
-0.910740904338547077558
-0.878326260529122203802
-0.00684660175554261120761
-0.878326260529122194444
-0.74198989111027790341
0.0207748758149730243477
-0.866071090441717764879
-0.583584691239339191913
0.0299041546149326413498
-0.862734772136254076804
-0.412713894262977205324
0.0207748758149729927651
-0.866071090441717771003
-0.236500877186212869981
-0.00684660175554263770045
-0.87832626052912220886
-0.044629547830726408975
-0.0446295478307263644709
-0.910740904338547115532
-1.0
0.185663215844939554366
-0.911837070599361648671
-0.880680551659781027843
0.217473927740872256678
-0.880680551659781014782
-0.752435306589951547146
0.231199683990013997233
-0.870321024561113000256
-0.608443352838949412681
0.231199683990013960439
-0.870321024561113000613
-0.456112824421310163046
0.217473927740872193278
-0.880680551659781015339
-0.273826145245577905696
0.185663215844939554366
-0.911837070599361648671
-1.0
0.404688803319540943461
-0.91521985405486391192
-0.885956560414770156867
0.422411150301134085668
-0.885956560414770173208
-0.772306444195527684937
0.423562521883837168135
-0.878949633492781712586
-0.650498029471593670084
0.422411150301134101277
-0.885956560414770184304
-0.489468949264676823087
0.404688803319540882213
-0.915219854054863948104
-1.0
0.600843573917631791869
-0.921170374831489810753
-0.895756626173585867596
0.597667671511180691825
-0.895756626173585922643
-0.806154419164008866253
0.597667671511180694321
-0.89575662617358592266
-0.679673199086141981116
0.600843573917631791869
-0.921170374831489810753
-1.0
0.763909979144911138854
-0.93015181941671765435
-0.914311992937411589941
0.742935978812234814767
-0.914311992937411591473
-0.833758159728193333829
0.763909979144911125064
-0.930151819416717680213
-1.0
0.885606368411074610056
-0.942803184205537175954
-0.942803184205537434102
0.885606368411074610056
-0.942803184205537175954
-1.0
0.959935045267260948797
-0.959935045267260927527
-1.0
-1.0
-0.867801053830347266344
-0.930151819416717646632
-1.0
-0.83375815972819338861
-0.808672646094890778978
-1.0
-0.808672646094890701632
-0.643896888996330201317
-1.0
-0.791132712417727742058
-0.446051187735723831369
-1.0
-0.78005396215851953264
-0.226776214027342842506
-1.0
-0.774700545617026353976
0.00147675964436939721998
-1.0
-0.774700545617026345575
0.226105149894243251261
-1.0
-0.780053962158519507605
0.435029601414058079347
-1.0
-0.79113271241772774586
0.61734529218978148061
-1.0
-0.808672646094890778978
0.763909979144911289653
-1.0
-0.833758159728193573108
0.867801053830347266344
-1.0
-0.867801053830347266344
-1.0
-0.930151819416717646632
-0.83375815972819338861
-0.89575662617358592266
-0.895756626173585905409
-0.806154419164008866252
-0.772306444195527664433
-0.878949633492781694637
-0.772306444195527666375
-0.6084433528389494652
-0.870321024561113004688
-0.752435306589951547146
-0.412713894262977221674
-0.866071090441717770491
-0.741989891110277897251
-0.198250306134895677728
-0.864778902764373636015
-0.738720484965834784095
0.0207748758149730059893
-0.866071090441717765953
-0.741989891110277909088
0.23119968399001396044
-0.870321024561113000613
-0.752435306589951547145
0.423562521883837168135
-0.878949633492781712586
-0.772306444195527685147
0.597667671511180691825
-0.895756626173585922643
-0.806154419164008901587
0.763909979144911125064
-0.930151819416717680213
-0.833758159728193333829
-1.0
-0.808672646094890778978
-0.808672646094890701632
-0.878949633492781704103
-0.772306444195527666442
-0.772306444195527666232
-0.74440650078787579418
-0.744406500787875791787
-0.744406500787875789394
-0.576455095711025398682
-0.728325673464538641188
-0.728325673464538630248
-0.382644368308947747599
-0.721026098679050900872
-0.721026098679050888558
-0.17530343433295027311
-0.721026098679050912342
-0.721026098679050900028
0.0331064426401027842442
-0.728325673464538663947
-0.728325673464538653006
0.233219502363627375361
-0.74440650078787579418
-0.744406500787875791787
0.423562521883837150138
-0.772306444195527689683
-0.772306444195527689473
0.61734529218978148061
-0.808672646094890778978
-0.808672646094890701632
-1.0
-0.643896888996330201317
-0.791132712417727742058
-0.870321024561113000256
-0.608443352838949449831
-0.752435306589951547146
-0.728325673464538655309
-0.576455095711025367042
-0.728325673464538630726
-0.558383297865389691122
-0.558383297865389664534
-0.715677351348789918613
-0.367817397290852790408
-0.552618297394244718815
-0.711746908024049534794
-0.167556052920430579519
-0.558383297865389697874
-0.715677351348789936958
0.0331064426401028137623
-0.576455095711025416596
-0.728325673464538654
0.231199683990014017572
-0.608443352838949465557
-0.752435306589951547146
0.435029601414058094161
-0.643896888996330209284
-0.791132712417727773855
-1.0
-0.446051187735723831369
-0.78005396215851953264
-0.866071090441717762972
-0.412713894262977206358
-0.741989891110277898618
-0.721026098679050906257
-0.382644368308947757904
-0.721026098679050892094
-0.552618297394244718815
-0.367817397290852795871
-0.711746908024049539359
-0.367817397290852814364
-0.367817397290852791123
-0.711746908024049547139
-0.175303434332950322748
-0.382644368308947763828
-0.721026098679050911329
0.0207748758149730372557
-0.412713894262977248014
-0.741989891110277923408
0.226105149894243364008
-0.446051187735723831369
-0.78005396215851953264
-1.0
-0.226776214027342842506
-0.774700545617026353976
-0.864778902764373634728
-0.198250306134895691472
-0.738720484965834787848
-0.721026098679050894644
-0.175303434332950292336
-0.721026098679050908807
-0.55838329786538966106
-0.167556052920430578838
-0.715677351348789949531
-0.382644368308947784437
-0.175303434332950284298
-0.721026098679050920249
-0.198250306134895763019
-0.198250306134895696691
-0.738720484965834809907
0.00147675964436935159543
-0.226776214027342851427
-0.774700545617026389146
-1.0
0.00147675964436939722005
-0.774700545617026345575
-0.866071090441717772398
0.0207748758149730317882
-0.741989891110277913419
-0.728325673464538638886
0.0331064426401028012845
-0.728325673464538663468
-0.576455095711025353317
0.0331064426401027796819
-0.728325673464538668599
-0.412713894262977207588
0.0207748758149729974295
-0.741989891110277930453
-0.226776214027342897565
0.00147675964436938742335
-0.774700545617026378836
-1.0
0.226105149894243251261
-0.780053962158519507605
-0.870321024561113005227
0.231199683990013980779
-0.752435306589951547145
-0.744406500787875789394
0.233219502363627375361
-0.74440650078787579418
-0.608443352838949413038
0.231199683990013960978
-0.752435306589951547145
-0.446051187735723743657
0.226105149894243251261
-0.780053962158519507605
-1.0
0.435029601414058079347
-0.79113271241772774586
-0.878949633492781693654
0.423562521883837145469
-0.77230644419552768328
-0.772306444195527691483
0.423562521883837161471
-0.772306444195527689541
-0.643896888996330209284
0.435029601414058087746
-0.791132712417727767439
-1.0
0.61734529218978148061
-0.808672646094890778978
-0.895756626173585867578
0.597667671511180689329
-0.806154419164008936921
-0.808672646094890701632
0.61734529218978148061
-0.808672646094890778978
-1.0
0.763909979144911289653
-0.833758159728193573108
-0.930151819416717680213
0.763909979144911288415
-0.83375815972819349718
-1.0
0.867801053830347266344
-0.867801053830347266344
-1.0
-1.0
-0.728868599091326025645
-0.921170374831489810753
-1.0
-0.679673199086141981115
-0.791132712417727735643
-1.0
-0.643896888996330201317
-0.619695844696426113351
-1.0
-0.619695844696426041231
-0.418293880737176994005
-1.0
-0.605722756526266733558
-0.1994215317345318388
-1.0
-0.601156936530936086524
0.0240166372634439000718
-1.0
-0.605722756526266816624
0.239391689392852154582
-1.0
-0.619695844696426113351
0.435029601414058074892
-1.0
-0.643896888996330222765
0.600843573917631705204
-1.0
-0.679673199086141960152
0.728868599091326168667
-1.0
-0.728868599091326057645
-1.0
-0.921170374831489810753
-0.679673199086141981115
-0.885956560414770168258
-0.885956560414770163492
-0.650498029471593633195
-0.752435306589951547145
-0.870321024561113000794
-0.608443352838949413038
-0.583584691239339252398
-0.862734772136254075138
-0.583584691239339180573
-0.388498522692179072282
-0.859540725292414693713
-0.572136034805638892332
-0.17982471720976715736
-0.85954072529241469404
-0.57213603480563892494
0.0299041546149326413497
-0.862734772136254076804
-0.583584691239339252619
0.231199683990013997233
-0.870321024561113000256
-0.608443352838949449831
0.422411150301134083943
-0.885956560414770184105
-0.650498029471593664723
0.600843573917631791868
-0.921170374831489810753
-0.679673199086141981115
-1.0
-0.791132712417727735643
-0.643896888996330201317
-0.870321024561113000613
-0.752435306589951547145
-0.608443352838949412681
-0.728325673464538655787
-0.728325673464538644847
-0.576455095711025335403
-0.558383297865389689457
-0.715677351348789931185
-0.558383297865389654307
-0.367817397290852785843
-0.711746908024049543924
-0.552618297394244718815
-0.167556052920430578838
-0.715677351348789949531
-0.558383297865389687647
0.033106442640102796722
-0.72832567346453866812
-0.576455095711025384956
0.231199683990013980779
-0.752435306589951547145
-0.608443352838949428407
0.435029601414058087746
-0.791132712417727767439
-0.643896888996330209284
-1.0
-0.619695844696426113351
-0.619695844696426041231
-0.862734772136254073154
-0.583584691239339239886
-0.58358469123933917918
-0.715677351348789943758
-0.55838329786538967923
-0.558383297865389652643
-0.546361243362955919416
-0.54636124336295591541
-0.546361243362955911404
-0.360916269911132116222
-0.546361243362955923666
-0.54636124336295591966
-0.167556052920430584746
-0.558383297865389704387
-0.5583832978653896778
0.0299041546149326688222
-0.583584691239339276917
-0.583584691239339216211
0.239391689392852154582
-0.619695844696426113351
-0.619695844696426041231
-1.0
-0.418293880737176994005
-0.605722756526266733558
-0.859540725292414692065
-0.388498522692179078159
-0.572136034805638891452
-0.711746908024049539359
-0.367817397290852803621
-0.552618297394244718814
-0.546361243362955915654
-0.360916269911132116222
-0.546361243362955923666
-0.367817397290852823635
-0.367817397290852800393
-0.552618297394244727943
-0.179824717209767198343
-0.388498522692179093651
-0.572136034805638915272
0.0240166372634438857972
-0.418293880737177012893
-0.605722756526266761882
-1.0
-0.1994215317345318388
-0.601156936530936086524
-0.859540725292414693976
-0.179824717209767156952
-0.572136034805638929526
-0.715677351348789924386
-0.1675560529204305802
-0.558383297865389699539
-0.558383297865389667573
-0.167556052920430584064
-0.558383297865389702723
-0.388498522692179097765
-0.179824717209767166405
-0.57213603480563894386
-0.199421531734531925231
-0.199421531734531850503
-0.601156936530936113244
-1.0
0.0240166372634439000719
-0.605722756526266816624
-0.862734772136254080772
0.0299041546149326731258
-0.583584691239339266523
-0.728325673464538643059
0.0331064426401028137624
-0.576455095711025416596
-0.583584691239339203699
0.0299041546149326529342
-0.583584691239339275524
-0.418293880737176949148
0.0240166372634438984948
-0.605722756526266838325
-1.0
0.239391689392852154582
-0.619695844696426113351
-0.87032102456111300487
0.231199683990014017572
-0.608443352838949465557
-0.752435306589951547146
0.231199683990014017034
-0.6084433528389494652
-0.619695844696426041231
0.239391689392852154582
-0.619695844696426113351
-1.0
0.435029601414058074892
-0.643896888996330222765
-0.885956560414770167565
0.42241115030113406661
-0.650498029471593659363
-0.791132712417727773855
0.435029601414058094161
-0.643896888996330209284
-1.0
0.600843573917631705204
-0.679673199086141960152
-0.921170374831489745052
0.600843573917631705204
-0.679673199086141960152
-1.0
0.728868599091326218397
-0.728868599091326181995
-1.0
-1.0
-0.550639402928647060549
-0.915219854054863908598
-1.0
-0.489468949264676883731
-0.780053962158519507605
-1.0
-0.446051187735723743657
-0.605722756526266810001
-1.0
-0.41829388073717693026
-0.404774896928338638662
-1.0
-0.40477489692833861669
-0.190450206143322588365
-1.0
-0.404774896928338643497
0.0240166372634438793035
-1.0
-0.418293880737177008769
0.226105149894243364008
-1.0
-0.446051187735723831369
0.404688803319540963311
-1.0
-0.489468949264676986674
0.550639402928647060549
-1.0
-0.550639402928647060549
-1.0
-0.915219854054863908598
-0.489468949264676883731
-0.880680551659781015339
-0.880680551659781014894
-0.456112824421310163046
-0.741989891110277909994
-0.866071090441717762972
-0.412713894262977180955
-0.572136034805638924627
-0.859540725292414691237
-0.388498522692179078159
-0.380787302349886375611
-0.857638092950340712656
-0.380787302349886387314
-0.179824717209767192482
-0.859540725292414694901
-0.388498522692179089418
0.0207748758149730111233
-0.866071090441717769929
-0.412713894262977230435
0.217473927740872256678
-0.880680551659781014783
-0.456112824421310214053
0.404688803319540882213
-0.915219854054863948104
-0.489468949264676823087
-1.0
-0.780053962158519507605
-0.446051187735723743657
-0.866071090441717764047
-0.741989891110277904296
-0.412713894262977181248
-0.721026098679050909793
-0.721026098679050897479
-0.382644368308947768209
-0.552618297394244718815
-0.711746908024049534794
-0.367817397290852813649
-0.367817397290852801151
-0.711746908024049542574
-0.367817397290852808902
-0.175303434332950303523
-0.721026098679050916714
-0.382644368308947774133
0.0207748758149730188975
-0.741989891110277929086
-0.412713894262977222904
0.226105149894243251261
-0.780053962158519507605
-0.446051187735723743657
-1.0
-0.605722756526266810001
-0.41829388073717693026
-0.859540725292414692949
-0.57213603480563892092
-0.388498522692179076396
-0.711746908024049543925
-0.552618297394244718815
-0.367817397290852809084
-0.54636124336295591966
-0.546361243362955915654
-0.360916269911132116222
-0.367817397290852813607
-0.552618297394244727943
-0.367817397290852805856
-0.179824717209767169755
-0.57213603480563894474
-0.388498522692179091887
0.0240166372634438984947
-0.605722756526266838325
-0.418293880737176949147
-1.0
-0.404774896928338638662
-0.40477489692833861669
-0.857638092950340712656
-0.380787302349886387314
-0.380787302349886381463
-0.711746908024049538009
-0.36781739729085281893
-0.367817397290852795688
-0.552618297394244727943
-0.367817397290852819069
-0.367817397290852795828
-0.38078730234988640121
-0.380787302349886395359
-0.380787302349886389508
-0.190450206143322595496
-0.404774896928338657727
-0.404774896928338635755
-1.0
-0.190450206143322588365
-0.404774896928338643497
-0.859540725292414694837
-0.179824717209767192074
-0.388498522692179085304
-0.721026098679050899015
-0.175303434332950322748
-0.382644368308947763828
-0.572136034805638911566
-0.179824717209767202101
-0.388498522692179091887
-0.404774896928338635755
-0.190450206143322595496
-0.404774896928338657727
-1.0
0.0240166372634438793035
-0.418293880737177008769
-0.866071090441717776374
0.0207748758149730369222
-0.412713894262977245458
-0.74198989111027791771
0.0207748758149730329249
-0.412713894262977248307
-0.605722756526266761882
0.0240166372634438857973
-0.418293880737177012893
-1.0
0.226105149894243364008
-0.446051187735723831369
-0.880680551659781027286
0.217473927740872320078
-0.45611282442131026506
-0.78005396215851953264
0.226105149894243364008
-0.446051187735723831369
-1.0
0.404688803319540963311
-0.489468949264676986674
-0.915219854054863935533
0.404688803319540935138
-0.489468949264676888583
-1.0
0.550639402928647060549
-0.550639402928647060549
-1.0
-1.0
-0.342724013342712695158
-0.911837070599361648671
-1.0
-0.273826145245577905696
-0.774700545617026343666
-1.0
-0.226776214027342888644
-0.601156936530936086524
-1.0
-0.199421531734531913528
-0.404774896928338621524
-1.0
-0.190450206143322588365
-0.199421531734531926529
-1.0
-0.199421531734531851801
0.00147675964436933680767
-1.0
-0.226776214027342869144
0.185663215844939647022
-1.0
-0.273826145245577978926
0.342724013342712842864
-1.0
-0.342724013342712731841
-1.0
-0.911837070599361648671
-0.273826145245577905696
-0.8783262605291221943
-0.878326260529122193532
-0.236500877186212835344
-0.7387204849658347916
-0.864778902764373633441
-0.19825030613489574159
-0.572136034805638900059
-0.859540725292414693092
-0.17982471720976718554
-0.388498522692179083541
-0.859540725292414695721
-0.179824717209767163486
-0.198250306134895748121
-0.864778902764373640868
-0.198250306134895711748
-0.00684660175554263770051
-0.878326260529122208185
-0.236500877186212861207
0.185663215844939554367
-0.911837070599361648671
-0.273826145245577905696
-1.0
-0.774700545617026343666
-0.226776214027342888644
-0.864778902764373636015
-0.738720484965834784095
-0.198250306134895744055
-0.721026098679050903422
-0.721026098679050891108
-0.175303434332950311561
-0.558383297865389672951
-0.715677351348789924385
-0.1675560529204305802
-0.382644368308947774133
-0.721026098679050902551
-0.175303434332950303523
-0.198250306134895712901
-0.738720484965834806155
-0.198250306134895749274
0.00147675964436938742325
-0.774700545617026378836
-0.226776214027342897565
-1.0
-0.601156936530936086524
-0.199421531734531913528
-0.859540725292414694805
-0.572136034805638896352
-0.179824717209767189298
-0.715677351348789936958
-0.558383297865389662724
-0.167556052920430579519
-0.558383297865389692496
-0.558383297865389665908
-0.167556052920430583384
-0.388498522692179097765
-0.572136034805638910686
-0.179824717209767198751
-0.199421531734531850503
-0.601156936530936113244
-0.199421531734531925231
-1.0
-0.404774896928338621524
-0.190450206143322588365
-0.859540725292414694073
-0.388498522692179089418
-0.179824717209767160137
-0.721026098679050907936
-0.382644368308947784437
-0.175303434332950284298
-0.572136034805638940153
-0.388498522692179096002
-0.179824717209767170163
-0.404774896928338657727
-0.404774896928338635755
-0.190450206143322595496
-1.0
-0.199421531734531926529
-0.199421531734531851801
-0.864778902764373639581
-0.198250306134895761866
-0.198250306134895695538
-0.738720484965834802402
-0.198250306134895765484
-0.198250306134895699156
-0.601156936530936113244
-0.199421531734531925231
-0.199421531734531850503
-1.0
0.00147675964436933680765
-0.226776214027342869144
-0.878326260529122216867
-0.0068466017555426377005
-0.236500877186212852433
-0.774700545617026389146
0.00147675964436935159555
-0.226776214027342851427
-1.0
0.185663215844939647022
-0.273826145245577978926
-0.911837070599361668096
0.185663215844939647022
-0.273826145245577978926
-1.0
0.342724013342712954757
-0.342724013342712911555
-1.0
-1.0
-0.116331868883703862392
-0.910740904338547077558
-1.0
-0.0446295478307263998214
-0.774700545617026355885
-1.0
0.00147675964436936139219
-0.605722756526266740181
-1.0
0.0240166372634438873745
-0.418293880737176945024
-1.0
0.0240166372634438920012
-0.226776214027342915281
-1.0
0.00147675964436937263565
-0.0446295478307264420266
-1.0
-0.0446295478307263975223
0.116331868883703862392
-1.0
-0.116331868883703862392
-1.0
-0.910740904338547077558
-0.0446295478307263998214
-0.878326260529122203894
-0.878326260529122203126
-0.00684660175554261120756
-0.74198989111027790774
-0.866071090441717771324
0.0207748758149730501466
-0.583584691239339205817
-0.862734772136254080772
0.0299041546149326731259
-0.412713894262977220347
-0.866071090441717777448
0.020774875814973018564
-0.236500877186212861207
-0.878326260529122217542
-0.00684660175554263770034
-0.044629547830726364471
-0.910740904338547115532
-0.0446295478307264089748
-1.0
-0.774700545617026355885
0.00147675964436936139219
-0.866071090441717772398
-0.741989891110277902043
0.0207748758149730458157
-0.728325673464538649348
-0.728325673464538638407
0.0331064426401028183248
-0.576455095711025384956
-0.728325673464538643538
0.0331064426401027967222
-0.412713894262977232992
-0.741989891110277919077
0.020774875814973011457
-0.226776214027342851427
-0.774700545617026389146
0.00147675964436935159564
-1.0
-0.605722756526266740181
0.0240166372634438873745
-0.862734772136254078788
-0.583584691239339193305
0.0299041546149326572379
-0.728325673464538657658
-0.576455095711025353317
0.033106442640102779682
-0.583584691239339263013
-0.583584691239339202307
0.0299041546149326370463
-0.418293880737177012893
-0.605722756526266761882
0.0240166372634438857973
-1.0
-0.418293880737176945024
0.0240166372634438920012
-0.866071090441717769929
-0.412713894262977205032
0.0207748758149729970961
-0.741989891110277924755
-0.412713894262977207881
0.0207748758149729930988
-0.605722756526266838325
-0.418293880737176949148
0.0240166372634438984948
-1.0
-0.226776214027342915281
0.00147675964436937263565
-0.878326260529122208093
-0.236500877186212869981
-0.0068466017555426377004
-0.774700545617026378836
-0.226776214027342897565
0.00147675964436938742346
-1.0
-0.0446295478307264420265
-0.0446295478307263975223
-0.910740904338547115532
-0.0446295478307264089749
-0.0446295478307263644707
-1.0
0.116331868883703862392
-0.116331868883703862392
-1.0
-1.0
0.116331868883703862392
-0.911837070599361668096
-1.0
0.185663215844939647022
-0.78005396215851953264
-1.0
0.226105149894243364008
-0.619695844696426041231
-1.0
0.239391689392852154582
-0.446051187735723743657
-1.0
0.226105149894243251262
-0.273826145245577905696
-1.0
0.185663215844939554366
-0.116331868883703862392
-1.0
0.116331868883703862392
-1.0
-0.911837070599361668096
0.185663215844939647022
-0.880680551659781027732
-0.880680551659781027286
0.217473927740872320078
-0.752435306589951547145
-0.87032102456111300487
0.231199683990014017572
-0.608443352838949428407
-0.870321024561113005227
0.231199683990013980779
-0.456112824421310214053
-0.880680551659781027843
0.217473927740872256678
-0.273826145245577978926
-0.911837070599361668096
0.185663215844939647022
-1.0
-0.78005396215851953264
0.226105149894243364008
-0.870321024561113004688
-0.752435306589951547146
0.231199683990014017034
-0.744406500787875791787
-0.744406500787875789394
0.233219502363627375361
-0.608443352838949449831
-0.752435306589951547145
0.231199683990013997233
-0.446051187735723831369
-0.78005396215851953264
0.226105149894243364008
-1.0
-0.619695844696426041231
0.239391689392852154582
-0.870321024561113000794
-0.608443352838949413038
0.231199683990013960978
-0.752435306589951547145
-0.608443352838949412681
0.231199683990013960439
-0.619695844696426113351
-0.619695844696426041231
0.239391689392852154582
-1.0
-0.446051187735723743657
0.226105149894243251262
-0.880680551659781014894
-0.456112824421310163046
0.217473927740872193278
-0.780053962158519507605
-0.446051187735723743657
0.226105149894243251262
-1.0
-0.273826145245577905696
0.185663215844939554366
-0.911837070599361648671
-0.273826145245577905696
0.185663215844939554366
-1.0
-0.116331868883703862392
0.116331868883703862392
-1.0
-1.0
0.342724013342713011421
-0.915219854054863899349
-1.0
0.404688803319540996386
-0.791132712417727752275
-1.0
0.435029601414058085762
-0.643896888996330222766
-1.0
0.435029601414058068477
-0.489468949264676921178
-1.0
0.404688803319540910386
-0.342724013342712889973
-1.0
0.342724013342713000995
-1.0
-0.915219854054863899349
0.404688803319540996386
-0.885956560414770161434
-0.885956560414770156668
0.422411150301134068335
-0.77230644419552768307
-0.878949633492781693654
0.423562521883837145469
-0.650498029471593664723
-0.885956560414770167764
0.422411150301134083943
-0.489468949264676888583
-0.915219854054863935533
0.404688803319540935138
-1.0
-0.791132712417727752275
0.435029601414058085762
-0.87894963349278170312
-0.772306444195527685079
0.423562521883837156802
-0.77230644419552769155
-0.77230644419552769134
0.423562521883837172804
-0.643896888996330209284
-0.791132712417727773855
0.435029601414058094161
-1.0
-0.643896888996330222766
0.435029601414058068477
-0.885956560414770179538
-0.650498029471593670084
0.422411150301134101277
-0.791132712417727767439
-0.643896888996330209284
0.435029601414058087746
-1.0
-0.489468949264676921178
0.404688803319540910386
-0.915219854054863948104
-0.489468949264676823087
0.404688803319540882213
-1.0
-0.342724013342712753424
0.342724013342712796625
-1.0
-1.0
0.550639402928647060549
-0.921170374831489745052
-1.0
0.600843573917631705204
-0.808672646094890701632
-1.0
0.61734529218978148061
-0.679673199086141981116
-1.0
0.600843573917631791869
-0.550639402928647060549
-1.0
0.550639402928647060549
-1.0
-0.921170374831489745052
0.600843573917631705204
-0.89575662617358588483
-0.895756626173585867578
0.597667671511180689329
-0.806154419164008901587
-0.895756626173585867596
0.597667671511180691825
-0.679673199086141960152
-0.921170374831489745052
0.600843573917631705204
-1.0
-0.808672646094890701632
0.61734529218978148061
-0.895756626173585905409
-0.806154419164008866252
0.597667671511180694321
-0.808672646094890778978
-0.808672646094890701632
0.61734529218978148061
-1.0
-0.679673199086141981116
0.600843573917631791869
-0.921170374831489810753
-0.679673199086141981116
0.600843573917631791869
-1.0
-0.550639402928647060549
0.550639402928647060549
-1.0
-1.0
0.728868599091326256603
-0.93015181941671765435
-1.0
0.763909979144911302205
-0.833758159728193409757
-1.0
0.763909979144911126301
-0.728868599091326173124
-1.0
0.728868599091326284146
-1.0
-0.93015181941671765435
0.763909979144911302205
-0.914311992937411590707
-0.914311992937411589941
0.742935978812234814767
-0.83375815972819349718
-0.930151819416717680213
0.763909979144911288415
-1.0
-0.833758159728193409757
0.763909979144911126301
-0.930151819416717680213
-0.833758159728193333829
0.763909979144911125064
-1.0
-0.728868599091326066516
0.728868599091326102918
-1.0
-1.0
0.867801053830347266344
-0.942803184205537434102
-1.0
0.885606368411074610056
-0.867801053830347266344
-1.0
0.867801053830347266344
-1.0
-0.942803184205537434102
0.885606368411074610056
-0.942803184205537175954
-0.942803184205537434102
0.885606368411074610056
-1.0
-0.867801053830347266344
0.867801053830347266344
-1.0
-1.0
0.959935045267260961544
-0.959935045267260926397
-1.0
0.95993504526726103742
-1.0
-0.959935045267260879304
0.959935045267260900575
-1.0
-1.0
1.0
