-1.0
-0.577350269189625764509
-0.408248290463863016366
-0.959935045267260913321
-0.577350269189625764509
-0.408248290463863016366
-0.867801053830347266344
-0.577350269189625764509
-0.408248290463863016366
-0.728868599091326141124
-0.577350269189625764509
-0.408248290463863016366
-0.550639402928647060549
-0.577350269189625764509
-0.408248290463863016366
-0.34272401334271285329
-0.577350269189625764509
-0.408248290463863016366
-0.116331868883703862392
-0.577350269189625764509
-0.408248290463863016366
0.116331868883703862392
-0.577350269189625764509
-0.408248290463863016366
0.34272401334271285329
-0.577350269189625764509
-0.408248290463863016366
0.550639402928647060549
-0.577350269189625764509
-0.408248290463863016366
0.728868599091326141124
-0.577350269189625764509
-0.408248290463863016366
0.867801053830347266344
-0.577350269189625764509
-0.408248290463863016366
0.959935045267260913321
-0.577350269189625764509
-0.408248290463863016366
1.0
-0.577350269189625764509
-0.408248290463863016366
-0.979967522633630456661
-0.542653000589600140801
-0.408248290463863016366
-0.914204776308305893005
-0.527816373696042162928
-0.408248290463863016366
-0.798834069436552375278
-0.516859970396380277115
-0.408248290463863016366
-0.640258386501886832678
-0.509081811222890723566
-0.408248290463863016366
-0.44707887629210889724
-0.503928509064585631218
-0.408248290463863016366
-0.229744680545258812974
-0.500998932656618995631
-0.408248290463863016366
1.05903506999968055852e-16
-0.500049624827982161574
-0.408248290463863016366
0.229744680545258730031
-0.500998932656618978808
-0.408248290463863016366
0.447078876292108987501
-0.503928509064585644983
-0.408248290463863016366
0.640258386501886886492
-0.509081811222890780465
-0.408248290463863016366
0.798834069436552311679
-0.516859970396380283799
-0.408248290463863016366
0.914204776308306022079
-0.527816373696041939365
-0.408248290463863016366
0.979967522633630574221
-0.542653000589600152125
-0.408248290463863016366
-0.933900526915173633172
-0.462862623453174987038
-0.408248290463863016366
-0.847030899280814340937
-0.433380612342366290124
-0.408248290463863016366
-0.713008969142336129794
-0.411655920268945290045
-0.408248290463863016366
-0.539463245205194072346
-0.396465892123827964245
-0.408248290463863016366
-0.336078168814983597688
-0.386871412957170220361
-0.408248290463863016366
-0.114126486835856019494
-0.38223521823519729726
-0.408248290463863016366
0.114126486835856224432
-0.382235218235197289985
-0.408248290463863016366
0.336078168814983497459
-0.386871412957170198681
-0.408248290463863016366
0.539463245205194206418
-0.396465892123827967537
-0.408248290463863016366
0.713008969142336091121
-0.411655920268945357028
-0.408248290463863016366
0.847030899280814503099
-0.433380612342366449904
-0.408248290463863016366
0.933900526915173633172
-0.462862623453174987038
-0.408248290463863016366
-0.864434299545663070562
-0.342543588239050970457
-0.408248290463863016366
-0.761006974374560801311
-0.299939122085224383189
-0.408248290463863016366
-0.613081156915892836302
-0.268955928693777850122
-0.408248290463863016366
-0.429543767044639133967
-0.247997209531948262581
-0.408248290463863016366
-0.221155259000310360784
-0.235896160207270485204
-0.408248290463863016366
1.17937952591210142342e-16
-0.23194204410220719783
-0.408248290463863016366
0.22115525900031049176
-0.235896160207270557141
-0.408248290463863016366
0.429543767044639097907
-0.247997209531948325039
-0.408248290463863016366
0.613081156915892963509
-0.268955928693777868697
-0.408248290463863016366
0.761006974374560725128
-0.299939122085224365034
-0.408248290463863016366
0.864434299545663197584
-0.342543588239050998169
-0.408248290463863016366
-0.775319701464323530275
-0.18819257666609089669
-0.408248290463863016366
-0.659954328687202350463
-0.135217409832073829837
-0.408248290463863016366
-0.503079556026381379433
-0.0976165253725457204371
-0.408248290463863016366
-0.314869696894855275131
-0.0735779923711605916112
-0.408248290463863016366
-0.107162345392507947007
-0.0618702089593561027751
-0.408248290463863016366
0.107162345392508089887
-0.0618702089593561259905
-0.408248290463863016366
0.314869696894855374919
-0.0735779923711606596023
-0.408248290463863016366
0.503079556026381448324
-0.097616525372545796398
-0.408248290463863016366
0.659954328687202469974
-0.135217409832073918989
-0.408248290463863016366
0.775319701464323530275
-0.18819257666609089669
-0.408248290463863016366
-0.671362006671356426645
-0.00813256744693335486881
-0.408248290463863016366
-0.548750143222150601519
0.0515347365917749316817
-0.408248290463863016366
-0.388088652630697787988
0.0922811722730769776481
-0.408248290463863016366
-0.200867702398202043289
0.115971022051103636336
-0.408248290463863016366
8.4293398607769181891e-17
0.123740417918712359924
-0.408248290463863016366
0.20086770239820214757
0.115971022051103689793
-0.408248290463863016366
0.388088652630697902236
0.0922811722730769945356
-0.408248290463863016366
0.548750143222150657559
0.0515347365917748682619
-0.408248290463863016366
0.671362006671356556009
-0.00813256744693338663739
-0.408248290463863016366
-0.558165934441851931196
0.187928780871804870891
-0.408248290463863016366
-0.433055678253910277469
0.25002481241399113396
-0.408248290463863016366
-0.273962165794841675189
0.289954045962120422472
-0.408248290463863016366
-0.0937144378945447964936
0.309474152578431270421
-0.408248290463863016366
0.0937144378945450009763
0.309474152578431274427
-0.408248290463863016366
0.273962165794841771037
0.289954045962120432209
-0.408248290463863016366
0.433055678253910359212
0.250024812413991135951
-0.408248290463863016366
0.558165934441851931196
0.187928780871804870891
-0.408248290463863016366
-0.441834065558148068804
0.389421488317820893618
-0.408248290463863016366
-0.319005462676891844585
0.449464196064844127369
-0.408248290463863016366
-0.167001387211397850635
0.484487938329716016759
-0.408248290463863016366
3.60600454491876842161e-17
0.49599441906389658762
-0.408248290463863016366
0.167001387211397881974
0.484487938329715919118
-0.408248290463863016366
0.319005462676891871488
0.449464196064844047127
-0.408248290463863016366
0.441834065558148068804
0.389421488317820893618
-0.408248290463863016366
-0.328637993328643573355
0.585482836636559119378
-0.408248290463863016366
-0.212875452395093401156
0.639145918896659648662
-0.408248290463863016366
-0.0736179117106987093936
0.665421820817605937678
-0.408248290463863016366
0.073617911710698811473
0.665421820817605922708
-0.408248290463863016366
0.212875452395093534015
0.639145918896659574183
-0.408248290463863016366
0.32863799332864368959
0.585482836636559110349
-0.408248290463863016366
-0.224680298535676469725
0.7655428458557166612
-0.408248290463863016366
-0.12074858787267389245
0.8090209333081150886
-0.408248290463863016366
3.86729038634507854902e-17
0.823311840537890647073
-0.408248290463863016366
0.120748587872673914819
0.809020933308115163654
-0.408248290463863016366
0.224680298535676469725
0.7655428458557166612
-0.408248290463863016366
-0.135565700454336929438
0.919893857428676734966
-0.408248290463863016366
-0.0481968298442620032476
0.950240582738746798436
-0.408248290463863016366
0.0481968298442621533939
0.950240582738746646099
-0.408248290463863016366
0.135565700454337026689
0.919893857428676758819
-0.408248290463863016366
-0.0660994730848263668282
1.04021289264280075155
-0.408248290463863016366
-1.2907408334594209099e-16
1.05563274739208410229
-0.408248290463863016366
0.0660994730848263668282
1.04021289264280075155
-0.408248290463863016366
-0.0200324773663695433393
1.12000326977922590531
-0.408248290463863016366
0.0200324773663696164237
1.12000326977922597102
-0.408248290463863016366
0.0
1.15470053837925152902
-0.408248290463863016366
-0.979967522633630432549
-0.565784512989617209352
-0.375535391909557397181
-0.914204776308305893005
-0.560838970691764563982
-0.361547285927731373371
-0.798834069436552375278
-0.557186836258543935378
-0.351217489833590594201
-0.640258386501886832678
-0.554594116534047417528
-0.343884171037960174087
-0.44707887629210889724
-0.552876349147945720079
-0.339025591169105771385
-0.229744680545258812974
-0.551899823678623508216
-0.336263560043669323823
1.05903506999968055852e-16
-0.551583387735744563531
-0.335368544039585880658
0.229744680545258730031
-0.551899823678623502609
-0.336263560043669307962
0.447078876292108987501
-0.552876349147945724667
-0.339025591169105784363
0.640258386501886886492
-0.554594116534047436494
-0.343884171037960227731
0.798834069436552311679
-0.557186836258543937606
-0.351217489833590600503
0.914204776308306022079
-0.560838970691764489461
-0.361547285927731162594
0.97996752263363055011
-0.565784512989617213127
-0.375535391909557407858
-0.942803184205537305028
-0.511305075198180738838
-0.361547285927731373371
-0.828623985874823144837
-0.478406281301809799369
-0.338284325670748723671
-0.701911045337594813125
-0.456980389309795803218
-0.323133932150225071941
-0.536454589886363776376
-0.445664248101939216904
-0.315132211965285158802
-0.336793376081091292569
-0.43957203795205962684
-0.310824368855891790258
-0.114827137715335020487
-0.436853536715986385109
-0.308902098197200389345
0.114827137715335194056
-0.436853536715986375924
-0.30890209819720038285
0.336793376081091178162
-0.43957203795205961253
-0.310824368855891780139
0.536454589886363931978
-0.445664248101939236676
-0.315132211965285172782
0.701911045337594780287
-0.456980389309795846901
-0.32313393215022510283
0.828623985874823223676
-0.478406281301809821592
-0.338284325670748739386
0.942803184205537305028
-0.511305075198180738838
-0.361547285927731373371
-0.881954989572455599297
-0.413217179411284602459
-0.351217489833590594201
-0.746712148842383307234
-0.379382601804350037436
-0.323133932150225071956
-0.597934483039682339343
-0.345217634740720319646
-0.309411080090671140714
-0.419821518414481741565
-0.325517859927479658513
-0.302365850399801224423
-0.216744385038975057565
-0.315245014465063557749
-0.298895793722146928488
1.12216927042922393523e-16
-0.312040603237007810407
-0.297840726901678501833
0.216744385038975170488
-0.315245014465063566689
-0.298895793722146924783
0.419821518414481687008
-0.325517859927479657336
-0.302365850399801221096
0.597934483039682463673
-0.345217634740720341085
-0.30941108009067115537
0.746712148842383278453
-0.379382601804350073012
-0.323133932150225086028
0.881954989572455699719
-0.413217179411284564711
-0.351217489833590621619
-0.800421786958815852602
-0.277182969429646018053
-0.343884171037960174087
-0.654183855357952057835
-0.241751178767384022429
-0.315132211965285158964
-0.491817495289982763962
-0.200817170038557833736
-0.302365850399801224714
-0.306744422927135888893
-0.17709897514939828351
-0.296171701232849239069
-0.104336902741205868065
-0.166262105936066200636
-0.293563772905531386642
0.10433690274120603591
-0.16626210593606622897
-0.293563772905531386909
0.306744422927135985279
-0.177098975149398346385
-0.29617170123284924043
0.49181749528998278209
-0.200817170038557865444
-0.302365850399801224275
0.654183855357952150763
-0.241751178767384055684
-0.315132211965285175795
0.800421786958815852602
-0.277182969429646018053
-0.343884171037960174087
-0.702344401659770422627
-0.110743489790393842128
-0.339025591169105771385
-0.54907723970032663573
-0.0718856005365215300659
-0.310824368855891790712
-0.381382383462625392008
-0.0300836363388564167171
-0.298895793722146929365
-0.19615565879793580809
-0.00722735535803741380099
-0.293563772905531387363
7.44036021818716532811e-17
4.63352625456012333059e-17
-0.292010280103465470845
0.196155658797935914123
-0.00722735535803742460894
-0.293563772905531390355
0.381382383462625520992
-0.0300836363388564615757
-0.298895793722146935045
0.549077239700326673682
-0.0718856005365215742072
-0.310824368855891790622
0.70234440165977052308
-0.110743489790393801013
-0.339025591169105803642
-0.592831607922469823511
0.0769851821027771245547
-0.336263560043669323823
-0.435739829386789708401
0.118983550052658829843
-0.308902098197200389896
-0.270235089415469469135
0.156020301618503956476
-0.297840726901678502884
-0.0918187560567298350252
0.173489461294103746983
-0.293563772905531387585
0.0918187560567299825056
0.173489461294103765323
-0.293563772905531389731
0.27023508941546956559
0.156020301618503980177
-0.297840726901678508948
0.435739829386789827266
0.118983550052658803216
-0.30890209819720040186
0.592831607922469823511
0.0769851821027771245547
-0.336263560043669323823
-0.477685226084636716438
0.275791693867872373481
-0.335368544039585880658
-0.320912691671454606628
0.31786998666332769317
-0.308902098197200382925
-0.164637998423650273675
0.345328650803920110315
-0.298895793722146924783
9.03601802754301146835e-17
0.354197950298796721316
-0.29617170123284923881
0.164637998423650405557
0.345328650803920081196
-0.298895793722146929783
0.320912691671454706739
0.317869986663327666065
-0.308902098197200394696
0.477685226084636851024
0.275791693867872354591
-0.335368544039585911664
-0.363086927377211047152
0.474914641575846309027
-0.336263560043669307962
-0.212283863619235406895
0.511457638488581149622
-0.310824368855891780049
-0.0719959768755010486573
0.526335029966037508035
-0.302365850399801220656
0.0719959768755010672321
0.526335029966037476069
-0.302365850399801220947
0.212283863619235425924
0.511457638488581094556
-0.310824368855891780503
0.363086927377211047152
0.474914641575846309027
-0.336263560043669307962
-0.25526552536766148423
0.663619838938339642669
-0.339025591169105784363
-0.117729265471588200637
0.687415426869323362945
-0.315132211965285176511
4.28375895028103190155e-17
0.690435269481440764948
-0.309411080090671163099
0.117729265471588288403
0.687415426869323373259
-0.315132211965285185571
0.255265525367661643968
0.663619838938339579181
-0.339025591169105813906
-0.160163400456929009442
0.831777085963693491669
-0.343884171037960227731
-0.0448011035047884830045
0.836362991114145857515
-0.323133932150225116902
0.044801103504788519578
0.836362991114145859672
-0.323133932150225116916
0.160163400456929009442
0.831777085963693491669
-0.343884171037960227731
-0.0831209201359032577483
0.970404015669828483872
-0.351217489833590600503
2.17058710917141379744e-17
0.956812562603619678569
-0.338284325670748740011
0.0831209201359033885968
0.970404015669828464464
-0.351217489833590621619
-0.028598407897231282949
1.07214404588994537734
-0.361547285927731162594
0.028598407897231282949
1.07214404588994537734
-0.361547285927731162594
1.06352861287208912393e-17
1.13156902597923447317
-0.375535391909557448154
-0.933900526915173633172
-0.539187720610808838685
-0.300308302914093055687
-0.847030899280814340937
-0.529360383573872606381
-0.272512396274799764796
-0.713008969142336129794
-0.522118819549398939688
-0.252030160162392262731
-0.539463245205194072346
-0.517055476834359831088
-0.237708864285289629052
-0.336078168814983597688
-0.513857317112140583127
-0.228663102577693967528
-0.114126486835856019494
-0.512311918871482942093
-0.224292056275282855166
0.114126486835856224432
-0.512311918871482939668
-0.224292056275282848307
0.336078168814983497459
-0.5138573171121405759
-0.228663102577693947087
0.539463245205194206418
-0.517055476834359832185
-0.237708864285289632155
0.713008969142336091121
-0.522118819549398962016
-0.252030160162392325884
0.847030899280814503099
-0.529360383573872659641
-0.272512396274799915438
0.933900526915173633172
-0.539187720610808838685
-0.300308302914093055687
-0.881954989572455517621
-0.468870084780627118987
-0.272512396274799764796
-0.746712148842383308491
-0.43111446014131389389
-0.249974036483327123079
-0.597934483039682344939
-0.406788108788730154598
-0.222337280650234968052
-0.419821518414481741117
-0.39357921093174202961
-0.206112564736137706114
-0.216744385038975055545
-0.386883328300441976382
-0.197583918710614627597
1.122169274565126998e-16
-0.384820464686612522462
-0.194914459772012726508
0.216744385038975168469
-0.386883328300441975868
-0.197583918710614637261
0.41982151841448168656
-0.39357921093174202608
-0.206112564736137706114
0.597934483039682469269
-0.406788108788730175561
-0.222337280650234983379
0.74671214884238327971
-0.431114460141313919016
-0.24997403648332715193
0.881954989572455618043
-0.468870084780627132254
-0.272512396274799720067
-0.808672646094890740305
-0.356424470628718532207
-0.252030160162392262731
-0.65125607768830937044
-0.314432397716715408897
-0.222337280650234967935
-0.48881300157575158477
-0.282216318043149139088
-0.199557072249810160855
-0.3047807691755640344
-0.263647778075307950519
-0.186427131721816214089
-0.103670466987998642315
-0.255218955140565646889
-0.180467053867239233812
0.103670466987998820704
-0.255218955140565660133
-0.180467053867239243177
0.304780769175564125768
-0.263647778075307976799
-0.186427131721816232672
0.488813001575751582377
-0.282216318043149141852
-0.199557072249810162809
0.65125607768830946056
-0.314432397716715435733
-0.222337280650234986911
0.808672646094890740305
-0.356424470628718532207
-0.252030160162392262731
-0.717514800707028971688
-0.2086611363385119167
-0.237708864285289629052
-0.550760354275563498744
-0.166786494536426666559
-0.206112564736137706114
-0.380716058052320654193
-0.132123999653345632253
-0.18642713172181621448
-0.195413622472479482696
-0.112822107537805916638
-0.176099819959834849203
8.27876544417786913645e-17
-0.106694849421178421845
-0.172890626423654121834
0.195413622472479603065
-0.112822107537805950807
-0.176099819959834864182
0.380716058052320778465
-0.132123999653345681886
-0.186427131721816233483
0.550760354275563511221
-0.166786494536426680178
-0.206112564736137706114
0.717514800707029102592
-0.208661136338511932779
-0.237708864285289655013
-0.613052574947121682004
-0.0341235732950606150153
-0.228663102577693967528
-0.443422983128345315461
0.00573552057883278578062
-0.197583918710614628712
-0.272861332173050231256
0.0378282195364799722922
-0.180467053867239236699
-0.0924004500516958864295
0.0533474247105892765699
-0.172890626423654125562
0.0924004500516960165045
0.0533474247105892784354
-0.172890626423654131914
0.272861332173050339673
0.0378282195364799616093
-0.180467053867239252404
0.443422983128345451545
0.00573552057883274254928
-0.197583918710614648953
0.613052574947121682004
-0.0341235732950606150153
-0.228663102577693967528
-0.500738379822184598241
0.157319522591219840021
-0.224292056275282855166
-0.333264298314738874388
0.192410232343306345427
-0.194914459772012729572
-0.169190865185051495215
0.21739073560408580658
-0.180467053867239250344
7.47560553622792197049e-17
0.225644215075611974589
-0.176099819959834874447
0.169190865185051613289
0.217390735604085810238
-0.180467053867239259687
0.333264298314738983683
0.19241023234330633454
-0.194914459772012747583
0.500738379822184731309
0.157319522591219822142
-0.224292056275282883882
-0.386611892986328474178
0.354992396280263278341
-0.224292056275282848307
-0.226678598089370213214
0.3811478077216093221
-0.197583918710614640797
-0.0759352888767565699776
0.395771777728653714038
-0.186427131721816241214
0.0759352888767567022247
0.395771777728653693849
-0.186427131721816245403
0.2266785980893703259
0.381147807721609287427
-0.197583918710614654705
0.386611892986328606729
0.354992396280263260256
-0.224292056275282875464
-0.276974406132138128172
0.547980890407201107727
-0.228663102577693947087
-0.13093883586108178841
0.560365705468168678082
-0.206112564736137706114
1.19649028627835283482e-18
0.564432636086298278868
-0.199557072249810164763
0.130938835861081793878
0.560365705468168660933
-0.206112564736137706114
0.276974406132138128172
0.547980890407201107727
-0.228663102577693947087
-0.178051555501834833256
0.725716613172871864446
-0.237708864285289632155
-0.0533215946486269625595
0.721220506505445660859
-0.222337280650234981854
0.0533215946486270444823
0.72122050650544567291
-0.222337280650234986966
0.178051555501834950869
0.72571661317287186549
-0.237708864285289649775
-0.0956636769525546491838
0.878543290178117449567
-0.252030160162392325884
8.62594861554382959321e-18
0.862228920282627777998
-0.24997403648332718078
0.0956636769525546491838
0.878543290178117449567
-0.252030160162392325884
-0.0349240902916411417277
0.998230468354499892434
-0.272512396274799915438
0.0349240902916412154048
0.99823046835449991328
-0.272512396274799853443
1.32348898008484427979e-23
1.07837544122161767737
-0.300308302914093055687
-0.864434299545663012823
-0.499081375539434133156
-0.186870428639786165056
-0.761006974374560801311
-0.484879886821491970736
-0.146702552738181557152
-0.613081156915892836302
-0.474552155691009793047
-0.117491317871640131877
-0.429543767044639133967
-0.467565915970399930533
-0.0977312479458879520229
-0.221155259000310360784
-0.463532232862174004741
-0.0863222692299512215993
1.17937952591210142342e-16
-0.462214194160486242283
-0.0825942928146323022571
0.22115525900031049176
-0.46353223286217402872
-0.0863222692299512894223
0.429543767044639097907
-0.467565915970399951352
-0.0977312479458880109087
0.613081156915892963509
-0.474552155691009799238
-0.11749131787164014939
0.761006974374560725128
-0.484879886821491964684
-0.146702552738181540035
0.864434299545663139845
-0.499081375539434142393
-0.186870428639786191184
-0.800421786958815895934
-0.416611428854756986691
-0.146702552738181557152
-0.654183855357952066601
-0.377693224990420827892
-0.122881126499916348469
-0.491817495289982754062
-0.352012314302101413508
-0.0885436268173412080439
-0.306744422927135880253
-0.338266349499537895252
-0.0682466146148200963982
-0.104336902741205865305
-0.332195281354967281948
-0.0588988257804875976912
0.10433690274120603315
-0.332195281354967291644
-0.0588988257804876243159
0.306744422927135976638
-0.338266349499537917493
-0.0682466146148201552236
0.491817495289982772189
-0.352012314302101423663
-0.0885436268173412380853
0.654183855357952159529
-0.377693224990420854844
-0.122881126499916374212
0.800421786958815895934
-0.416611428854756986691
-0.146702552738181557152
-0.71751480070702896848
-0.293667778625211987227
-0.117491317871640131877
-0.550760354275563480526
-0.249920287795707860052
-0.0885436268173412077527
-0.380716058052320645912
-0.219806518601320508244
-0.062425324242554237276
-0.195413622472479482204
-0.203635871658374453445
-0.0476697630903756584157
8.2787654855368997641e-17
-0.198567795604067384121
-0.0429626599166390888858
0.195413622472479602573
-0.203635871658374478957
-0.0476697630903756856378
0.380716058052320770184
-0.219806518601320542704
-0.0624253242425542777361
0.550760354275563493003
-0.249920287795707864592
-0.088543626817341220593
0.717514800707029099384
-0.293667778625212017063
-0.117491317871640138383
-0.619695844696426077291
-0.138212856312722491063
-0.0977312479458879520229
-0.446319463375593282687
-0.0965152879743285114917
-0.068246614614820095261
-0.274060649214179609695
-0.0674152254775216614963
-0.0476697630903756570566
-0.0927224867259118328229
-0.0535333526711366960703
-0.0378537966934117327297
0.0927224867259119621148
-0.0535333526711367056033
-0.0378537966934117394706
0.274060649214179724161
-0.0674152254775216905452
-0.0476697630903756775973
0.446319463375593422258
-0.0965152879743285542514
-0.0682466146148201254967
0.619695844696426077291
-0.138212856312722491063
-0.0977312479458879520229
-0.512008318631721863782
0.0402400439562911129522
-0.0863222692299512215993
-0.339858004041323676871
0.0757392323514131231375
-0.0588988257804875969732
-0.171964755366598300577
0.09928389780203374836
-0.0429626599166390888858
6.44022546601070610181e-17
0.10706670534227351119
-0.0378537966934117427415
0.171964755366598412197
0.0992838978020337485203
-0.0429626599166390963394
0.339858004041323797195
0.0757392323514131028456
-0.058898825780487616422
0.51200831863172199841
0.0402400439562910884187
-0.086322269229951244726
-0.400289234132733962662
0.231107097080243223279
-0.0825942928146323022571
-0.235521101300117737215
0.25645604900355430321
-0.0588988257804876280605
-0.078647026741700064255
0.271051097135896236665
-0.0476697630903756953473
0.0786470267417001890336
0.271051097135896232399
-0.0476697630903756979469
0.235521101300117847102
0.256456049003554290885
-0.058898825780487639764
0.400289234132734092896
0.23110709708024320543
-0.0825942928146323240737
-0.290853059631411458276
0.423292188905883017206
-0.0863222692299512894223
-0.139575040448457377471
0.434781637473866536079
-0.0682466146148201665763
5.5524176017183086995e-17
0.43961303720264115644
-0.0624253242425543035696
0.139575040448457485005
0.434781637473866515994
-0.068246614614820173926
0.290853059631411580937
0.423292188905883009576
-0.0863222692299513071413
-0.190152077651786979384
0.605778772283122400777
-0.0977312479458880109087
-0.0589428589855807288622
0.601932602097809307515
-0.0885436268173412509255
0.0589428589855807287715
0.601932602097809307152
-0.0885436268173412506344
0.190152077651786979384
0.605778772283122400777
-0.0977312479458880109087
-0.104433643791136073937
0.768219934316221893535
-0.11749131787164014939
3.60582256518400675552e-17
0.755386449980841740401
-0.122881126499916369835
0.104433643791136168584
0.768219934316221914114
-0.117491317871640138382
-0.0394148125842551274739
0.901491315676248888425
-0.146702552738181540035
0.0394148125842551274739
0.901491315676248888425
-0.146702552738181540035
1.8200957943816700171e-17
0.998162751078868388105
-0.186870428639786292716
-0.775319701464323530275
-0.447631038348447475236
-0.0413468993514618013446
-0.659954328687202350463
-0.429972649403775119618
0.00859856691896773954812
-0.503079556026381379433
-0.417439021250599083152
0.0440490207588933370521
-0.314869696894855275131
-0.40942617691680404021
0.0667127670189680514614
-0.107162345392507947007
-0.405523582446202543931
0.07775097107650182148
0.107162345392508089887
-0.40552358244620255167
0.0777509710765017995923
0.314869696894855374919
-0.409426176916804062874
0.0667127670189679873588
0.503079556026381448324
-0.417439021250599108472
0.0440490207588932654355
0.659954328687202469974
-0.429972649403775149336
0.00859856691896765549508
0.775319701464323530275
-0.447631038348447475236
-0.0413468993514618013446
-0.702344401659770396164
-0.356550889278734997214
0.00859856691896773954812
-0.549077239700326604308
-0.317009892146880235481
0.0358337288065750480415
-0.381382383462625381958
-0.291829535591706253313
0.0712688068967751037199
-0.196155658797935809325
-0.279183697828957686873
0.0910405749902262131218
7.44036023886668064194e-17
-0.275309932316458135783
0.0973367600344885244117
0.196155658797935915358
-0.279183697828957693296
0.0910405749902262039293
0.381382383462625510941
-0.291829535591706273621
0.0712688068967750633201
0.54907723970032664226
-0.317009892146880250109
0.0358337288065750063943
0.702344401659770496618
-0.356550889278735013921
0.00859856691896778906351
-0.613052574947121625631
-0.226960165018143517323
0.0440490207588933370521
-0.443422983128345306819
-0.184372064838638631125
0.0712688068967751034812
-0.272861332173050242636
-0.157536563581550443746
0.0958204720283576384664
-0.0924004500516958930362
-0.145220370893478148102
0.10792664317014665398
0.0924004500516960231112
-0.145220370893478153469
0.107926643170146657856
0.272861332173050351054
-0.157536563581550462113
0.0958204720283576336296
0.443422983128345442903
-0.184372064838638664618
0.0712688068967750694692
0.613052574947121625631
-0.226960165018143517323
0.0440490207588933370521
-0.51200831863172187013
-0.0679720679344488271058
0.0667127670189680514614
-0.339858004041323691607
-0.0302839347006060872254
0.0910405749902262145615
-0.171964755366598307874
-0.00741095161914471523018
0.107926643170146657707
6.44022546601070610181e-17
3.94955912309164251187e-17
0.113561390080235320309
0.171964755366598419494
-0.00741095161914472220404
0.107926643170146660343
0.339858004041323811931
-0.030283934700606112326
0.091040574990226201913
0.512008318631722004759
-0.0679720679344488570877
0.0667127670189680360399
-0.404774896928338627676
0.109956477784067098774
0.07775097107650182148
-0.238425395300227097045
0.137654966158229123881
0.0973367600344885291894
-0.0795643053149023453176
0.152631322512622968399
0.107926643170146668645
0.079564305314902464608
0.152631322512622968238
0.10792664317014666853
0.238425395300227206356
0.137654966158229114591
0.0973367600344885226208
0.404774896928338757763
0.10995647778406707676
0.0777509710765018059137
-0.297612551535830615931
0.295567104662135572764
0.0777509710765017995923
-0.143702345243387833526
0.309467632529563874398
0.0910405749902262072885
5.76968982449516226674e-17
0.315073127163100987557
0.0958204720283576420433
0.14370234524338794144
0.309467632529563863814
0.091040574990226201913
0.297612551535830737634
0.29556710466213556248
0.0777509710765017879733
-0.197138621736866564733
0.477398244851252965067
0.0667127670189679873588
-0.0620405996657198806417
0.47620160043034502915
0.0712688068967750510539
0.0620405996657199745986
0.476201600430345024866
0.0712688068967750487276
0.19713862173686667457
0.4773982448512529695
0.066712767018967983992
-0.10997301892074023368
0.644399186268742672796
0.0440490207588932654355
2.22612500811495913917e-19
0.634019784293760551711
0.0358337288065749647473
0.10997301892074023368
0.644399186268742672796
0.0440490207588932654355
-0.0423900729725680116814
0.786523538682510235191
0.00859856691896765549508
0.0423900729725680877447
0.786523538682510239109
0.00859856691896773558617
6.61744490042422139897e-24
0.895262076696894950473
-0.0413468993514618013445
-0.671362006671356347579
-0.387611035275394915647
0.128415305367709743626
-0.548750143222150601519
-0.367721933929158865779
0.184670179102229752855
-0.388088652630697787988
-0.35413978870205818379
0.223086287074803323944
-0.200867702398202043289
-0.346243172109382630894
0.245421291639247694592
8.4293398607769181891e-17
-0.343653373486846389698
0.252746348310859518951
0.20086770239820214757
-0.346243172109382613075
0.245421291639247744992
0.388088652630697902236
-0.354139788702058178161
0.223086287074803339865
0.548750143222150657559
-0.367721933929158886919
0.184670179102229693062
0.671362006671356476943
-0.387611035275394926237
0.128415305367709713675
-0.592831607922469777183
-0.291370597396152080078
0.184670179102229752855
-0.435739829386789708739
-0.251574507793104641218
0.215146132854912192626
-0.270235089415469479116
-0.228800163068108603948
0.246377593336845654702
-0.0918187560567298393754
-0.218944758944910633045
0.261422023695792895292
0.0918187560567299868558
-0.218944758944910628955
0.261422023695792913299
0.270235089415469575571
-0.228800163068108601765
0.246377593336845679069
0.435739829386789827604
-0.251574507793104661373
0.215146132854912171509
0.592831607922469777183
-0.291370597396152080078
0.184670179102229752855
-0.500738379822184616155
-0.159024737747629707612
0.223086287074803323944
-0.333264298314738900091
-0.119630370893701530173
0.24637759333684565269
-0.169190865185051504756
-0.0976823915590151610992
0.265113635706120946009
7.47560566030501385344e-17
-0.0908137641205684841844
0.271439346140586323269
0.16919086518505162283
-0.0976823915590151686885
0.265113635706120952572
0.333264298314739009385
-0.119630370893701550783
0.246377593336845648429
0.500738379822184749223
-0.159024737747629740646
0.223086287074803316659
-0.400289234132734000026
-0.000834947021964064215059
0.245421291639247694592
-0.23552110130011773763
0.0299550041834409878919
0.261422023695792892224
-0.0786470267417000580798
0.0454068820602843158863
0.271439346140586323825
0.0786470267417001828584
0.0454068820602843120134
0.27143934614058632067
0.235521101300117847517
0.0299550041834409727496
0.261422023695792884505
0.40028923413273413026
-0.000834947021964090733444
0.245421291639247685037
-0.297612551535830604944
0.171826686743423267849
0.252746348310859518951
-0.14370234524338781885
0.188989754761469768832
0.261422023695792916034
5.76968949362291724553e-17
0.195364783118030435538
0.265113635706120968269
0.143702345243387926764
0.188989754761469760236
0.261422023695792907847
0.297612551535830726648
0.171826686743423253467
0.252746348310859513129
-0.199421531734531889165
0.34707811913134677651
0.245421291639247744992
-0.0630292088992693682829
0.348430533961810215126
0.246377593336845692304
0.063029208899269465278
0.348430533961810210949
0.24637759333684568935
0.199421531734531998889
0.34707811913134677801
0.245421291639247746052
-0.112649727191486766168
0.51316452644968798753
0.223086287074803339865
3.80665986724228923711e-17
0.503149015586209398651
0.215146132854912178673
0.112649727191486860938
0.51316452644968800545
0.223086287074803354331
-0.0440814647003191659521
0.659092531325311004959
0.184670179102229693062
0.0440814647003191659521
0.659092531325311004959
0.184670179102229693062
2.16006007782381894604e-17
0.775222070550789993645
0.128415305367709566939
-0.558165934441851931196
-0.322257252502482219376
0.313263717267386291791
-0.433055678253910277469
-0.301558575321753465019
0.371808417251724498645
-0.273962165794841675189
-0.288248830805710368849
0.409454059664342644566
-0.0937144378945447964936
-0.281742128600273419533
0.427857792674846369037
0.0937144378945450009763
-0.281742128600273418197
0.427857792674846372815
0.273962165794841771037
-0.288248830805710365603
0.409454059664342653746
0.433055678253910359212
-0.301558575321753464356
0.371808417251724500522
0.558165934441851931196
-0.322257252502482219376
0.313263717267386291791
-0.47768522608463673869
-0.224257930960109862084
0.371808417251724498645
-0.320912691671454611061
-0.185279028922881693373
0.402658063539488707587
-0.164637998423650268329
-0.166692106544114082382
0.425210905535986617723
9.03601827569719523426e-17
-0.161167374350139559659
0.432664930462489623627
0.164637998423650400211
-0.166692106544114096803
0.425210905535986591936
0.320912691671454711172
-0.185279028922881713505
0.402658063539488685955
0.477685226084636873276
-0.224257930960109897613
0.371808417251724491171
-0.386611892986328497246
-0.0931337798512819032529
0.409454059664342644566
-0.226678598089370200512
-0.0592346357910464521754
0.425210905535986614187
-0.0759352888767565593887
-0.0438412594739873883005
0.435279587686186847065
0.0759352888767566916359
-0.0438412594739873989801
0.435279587686186829427
0.226678598089370313199
-0.0592346357910464768456
0.425210905535986586133
0.386611892986328629797
-0.0931337798512819348856
0.409454059664342636567
-0.290853059631411426403
0.0597119803820818540371
0.427857792674846369037
-0.139575040448457346822
0.0805836871750698643325
0.432664930462489610654
5.55241842889892125252e-17
0.0876825189479749284266
0.435279587686186815513
0.139575040448457454357
0.0805836871750698507082
0.432664930462489594168
0.290853059631411549065
0.059711980382081834788
0.42785779267484636775
-0.197138621736866526512
0.222030148218191741915
0.427857792674846372815
-0.0620405996657198738969
0.225926742335160666731
0.425210905535986574408
0.0620405996657199678537
0.225926742335160663109
0.425210905535986571144
0.197138621736866636349
0.222030148218191740218
0.427857792674846378117
-0.112649727191486771323
0.381382610656992353485
0.409454059664342653746
3.80665904006167668408e-17
0.370558057845763476577
0.402658063539488685955
0.112649727191486866093
0.381382610656992373097
0.40945405966434266582
-0.0446295478307264197744
0.525816506281863397563
0.371808417251724500522
0.0446295478307264977452
0.525816506281863435728
0.371808417251724527508
3.30872245021211069949e-24
0.644514505004964438751
0.313263717267386291791
-0.441834065558148068804
-0.255093016687143545133
0.503232863660339740942
-0.319005462676891844585
-0.235078780771469133883
0.559841671405302647126
-0.167001387211397850635
-0.22340420001651183742
0.592862372282663718458
3.60600454491876842161e-17
-0.219568706438451647133
0.603710786355638979298
0.167001387211397881974
-0.223404200016511869967
0.592862372282663626401
0.319005462676891871488
-0.235078780771469160631
0.559841671405302571473
0.441834065558148068804
-0.255093016687143545133
0.503232863660339740942
-0.363086927377211010537
-0.158727444238462365005
0.559841671405302647126
-0.212283863619235381336
-0.122562145805179350663
0.585815008905208616132
-0.0719959768755010407943
-0.109628247633902968824
0.597022041953280181463
0.0719959768755010593691
-0.109628247633902979754
0.597022041953280151422
0.212283863619235400365
-0.122562145805179369447
0.585815008905208564366
0.363086927377211010537
-0.158727444238462365005
0.559841671405302647126
-0.276974406132138084316
-0.0329253437840562932718
0.592862372282663718458
-0.130938835861081769744
-0.00753622112750941209703
0.597022041953280181024
1.19649028627835283482e-18
2.07238356510462830946e-18
0.598671216749430488426
0.130938835861081775213
-0.00753622112750941781328
0.597022041953280164856
0.276974406132138084316
-0.0329253437840562932718
0.592862372282663718458
-0.190152077651786943324
0.109784353219225854795
0.603710786355638979298
-0.0589428589855807268244
0.117164468761412409911
0.597022041953280135254
0.0589428589855807267336
0.117164468761412410064
0.597022041953280134814
0.190152077651786943324
0.109784353219225854795
0.603710786355638979298
-0.109973018920740246198
0.256329543800568174105
0.592862372282663626401
2.22612500811495913917e-19
0.245124291610358753455
0.585815008905208512601
0.109973018920740246198
0.256329543800568174105
0.592862372282663626401
-0.0440814647003191756645
0.39380622500993153556
0.559841671405302571473
0.0440814647003191756645
0.39380622500993153556
0.559841671405302571473
-1.65436122510605534974e-24
0.510186033374287090267
0.503232863660339740942
-0.328637993328643494289
-0.189739233914230757565
0.688081275560016547333
-0.212875452395093401156
-0.171851539827530626786
0.73867531471400122508
-0.0736179117106987093936
-0.16309290585388186378
0.763448472620792893554
0.073617911710698811473
-0.16309290585388186877
0.76344847262079287944
0.212875452395093534015
-0.171851539827530651612
0.738675314714001154861
0.328637993328643610525
-0.189739233914230760575
0.688081275560016538821
-0.255265525367661451482
-0.0984297797024904963722
0.73867531471400122508
-0.1177292654715882056
-0.0679710231115183615791
0.753145550430486773934
4.28375861940878688034e-17
-0.0615704740480097955399
0.75408564139114118096
0.117729265471588293366
-0.0679710231115183666832
0.753145550430486786678
0.25526552536766161122
-0.0984297797024905453889
0.738675314714001175071
-0.178051555501834833256
0.017791471211915927636
0.763448472620792893554
-0.0533215946486269672588
0.0307852370240049363997
0.754085641391141190213
0.0533215946486270491817
0.0307852370240049355971
0.754085641391141203279
0.178051555501834950869
0.0177914712119159113718
0.763448472620792900411
-0.104433643791136077144
0.145301434641966027042
0.76344847262079287944
3.60582289605625177674e-17
0.135942046223036806207
0.753145550430486800831
0.104433643791136171791
0.14530143464196604428
0.763448472620792895173
-0.0423900729725680053958
0.27028131953002125063
0.738675314714001154861
0.0423900729725680814591
0.270281319530021327447
0.738675314714001131858
2.16005809259034881878e-17
0.379478467828461676555
0.688081275560016371953
-0.224680298535676469725
-0.129719230841178289273
0.857843480279187834077
-0.12074858787267389245
-0.115226535023712146806
0.898835014240004730488
3.86729038634507854902e-17
-0.110462899280453627315
0.912308610788647604981
0.120748587872673914819
-0.115226535023712121788
0.89883501424000480125
0.224680298535676469725
-0.129719230841178289273
0.857843480279187834077
-0.160163400456929019924
-0.0469580770569771058633
0.898835014240004730488
-0.0448011035047884739547
-0.0258659291684819017684
0.896241900783777338749
0.0448011035047885105282
-0.025865929168481901063
0.896241900783777340787
0.160163400456929019924
-0.0469580770569771058633
0.898835014240004730488
-0.0956636769525546105109
0.0552314496402268471492
0.912308610788647604981
8.62594861554382959321e-18
0.051731858336963881119
0.896241900783777342825
0.0956636769525546105109
0.0552314496402268471492
0.912308610788647604981
-0.0394148125842550946235
0.162184612080689259532
0.89883501424000480125
0.0394148125842550946235
0.162184612080689259532
0.89883501424000480125
-1.32348898008484427979e-23
0.259438461682356578546
0.857843480279187834077
-0.135565700454336871698
-0.0782688936501915646816
1.00336700956751238637
-0.0481968298442620032476
-0.0681533185468349101941
1.03197817657225359334
0.0481968298442621533939
-0.0681533185468349609732
1.03197817657225344971
0.135565700454336968949
-0.0782688936501915567306
1.00336700956751240885
-0.0831209201359031760725
-0.00766301975358942948437
1.03197817657225359334
2.17058810178814886108e-17
1.29742021764411310202e-17
1.01485297701224625298
0.0831209201359033069211
-0.0076630197535894558628
1.03197817657225358208
-0.0349240902916411417276
0.0758163383004244950985
1.03197817657225344971
0.0349240902916412154048
0.0758163383004245604969
1.0319781765722534487
1.82009248565921980499e-17
0.156537787300383249618
1.00336700956751226088
-0.0660994730848263668281
-0.0381625485788169258239
1.11680488384181908842
-1.2907408334594209099e-16
-0.033022596995722475575
1.13134286231932555233
0.0660994730848263668281
-0.0381625485788169258239
1.11680488384181908842
-0.028598407897231412023
0.0165112984978611260061
1.13134286231932555233
0.028598407897231412023
0.0165112984978611260061
1.13134286231932555233
-1.32348898008484427979e-23
0.0763250971576338516478
1.11680488384181908842
-0.020032477366369519228
-0.0115657562000085273153
1.19203197283728350866
0.0200324773663695923125
-0.0115657562000085054119
1.19203197283728357061
1.06352728938310903909e-17
0.0231315124000171082519
1.19203197283728345888
0.0
0.0
1.2247448713915890491
