-1.0
-1.0
-1.0
-0.447213595499957951695
-1.0
-1.0
0.447213595499957951695
-1.0
-1.0
1.0
-1.0
-1.0
-1.0
-0.447213595499957951694
-1.0
-1.04602110359683277835e-16
-0.333333333333333379823
-1.0
0.999999999999999846571
-0.447213595499957923247
-1.0
-1.0
0.447213595499957951695
-1.0
0.999999999999999598317
0.447213595499957951695
-1.0
-1.0
1.0
-1.0
-1.0
-1.0
-0.447213595499958091164
-1.04602110359683277835e-16
-1.0
-0.333333333333333379823
0.999999999999999846571
-1.0
-0.447213595499958062717
-1.0
-1.04602110359683277835e-16
-0.333333333333333379823
0.999999999999999666933
-8.32667268468867405318e-17
-0.333333333333333370341
-1.0
0.999999999999999912093
-0.447213595499957913765
-1.0
-1.0
0.447213595499957812225
0.999999999999999598317
-1.0
0.447213595499957812225
-1.0
0.999999999999999769856
0.447213595499957989624
-1.0
-1.0
1.0
