-2.99999999999999986449
4.04508497187473666396
-1.5450849718747366145
0.499999999999999815027
8.0960797765007190454e-22
3.34073842385224619443e-21
-8.84333394528871490052e-23
2.85462166238853727477e-22
-3.50007908552878320223e-22
-9.22497549188660225038e-23
1.3396560181508584754e-21
2.03075271691315354211e-21
-6.54847126949433392585e-22
-1.04536229114200453195e-21
1.13949809620331577482e-21
-1.78848042187138036841e-39
-1.3327712549428854608e-22
1.43448514542309348167e-22
-1.25858298145454274547e-39
-1.91531054049831275908e-23
-0.809016994374947443484
-1.93913035703787613554e-17
1.11803398874989492075
-0.309016994374947457875
3.6650063291054159832e-22
1.70605341950808023609e-21
-5.17468213463941708009e-22
1.70240439940013168072e-22
-3.52941853176557812501e-22
-3.34067242356104164839e-23
8.97436633798428827916e-22
8.8326192829010965197e-22
-4.56084587759039776768e-22
-8.58971511830500621462e-22
9.52546172972239649644e-22
-3.1069225981983444957e-40
-1.82312479104721249522e-22
1.60475742383696540081e-22
2.21528471753478898725e-40
-9.48613431098311581588e-24
0.309016994374947457875
-1.11803398874989492075
1.93929325236651565328e-17
0.809016994374947443483
-2.00394582280456125904e-22
-1.64016574924066671234e-21
-6.81904542445090862077e-22
8.87019499873189939761e-23
-3.63433001689170416372e-22
3.58510772057036723852e-23
1.39609588812616708072e-22
-8.66723268893731304029e-22
-1.95100531138409925641e-22
-8.46990172982605701316e-22
9.40911640139220695592e-22
-2.16432187555761449881e-40
-2.09081838000211410137e-22
1.20392265716556081642e-22
3.12605440333641951166e-40
1.00965231354111938755e-23
-0.499999999999999815025
1.54508497187473661449
-4.04508497187473666396
2.99999999999999986449
-8.95688616272090718769e-22
-3.23886839693877597049e-21
-8.93804505660975678582e-22
3.92798564776575511815e-23
-4.37323533233414306645e-22
9.60512010814290892957e-23
-1.96213689250179765586e-22
-2.20963547723242796242e-21
8.74140450729777337107e-23
-1.01857120301665247819e-21
1.11348248990223218452e-21
-1.57771377747367097869e-39
-1.69983682282533252025e-22
7.69706853562165541712e-23
-1.05492411464812528529e-39
1.25127391725010731777e-23
-0.709016994374947211364
1.61803398874989437036
-1.30901699437494700436
0.599999999999999812511
-2.00000000000000025376
2.700000000000000221
-0.618033988749894878678
-0.190983005625052506691
-0.190983005625052523794
0.0999999999999999747889
9.44966728346487711134e-22
1.44997014331714680551e-21
-3.42295168038498183094e-22
-9.9701233912179097272e-22
8.02574468952400434952e-22
9.09988315375002058284e-24
-2.09921556700493381917e-22
1.56040406355116677843e-22
3.81483708206376577336e-23
-3.04429578022891964926e-23
0.333333333333333306191
-0.621129993749941510604
0.621129993749941495184
-0.333333333333333269293
-0.727231663541637568257
6.40059908352372765728e-17
0.727231663541637506194
-0.106101669791695865023
0.106101669791695832839
8.76348871520189904902e-18
2.75628404846785044413e-22
1.56454746224664471151e-23
-1.05407969838935252421e-22
-8.14061638619758999026e-22
7.51476764539833365252e-22
1.85389904239331621404e-23
-2.71993833485610277172e-22
1.35395546951958638451e-22
-1.86566693467211072079e-23
8.48730590534137042756e-24
-0.599999999999999848463
1.30901699437494698315
-1.61803398874989426588
0.709016994374947189495
0.618033988749894979739
-2.70000000000000030687
2.00000000000000023596
0.190983005625052490788
0.190983005625052507892
-0.0999999999999999658209
-2.25197496605071501002e-22
-1.51815992770316904268e-21
8.74680134678017713991e-23
-9.04829514918350991255e-22
9.66495767431211374525e-22
-1.32015345220545925175e-23
-2.55392689858236089504e-22
9.0753577316262757015e-23
-4.27952116124209669706e-23
2.83056187420927131043e-23
0.409016994374947523714
-0.190983005625052876074
-0.618033988749894473098
0.59999999999999975187
-1.30901699437494744024
2.69999999999999988585
-1.30901699437494736723
-2.00000000000000038449
1.61803398874989542339
0.0999999999999999563021
2.08247618209287258653e-22
4.36175003128010075805e-22
4.82081372353781351283e-23
-9.07967026649510368459e-22
1.09068443302650930332e-21
3.6403819052941549286e-22
-2.9776614449501761888e-22
-2.17487531100338015249e-24
-2.35929436773661066256e-22
1.05282387418836701646e-22
-0.599999999999999986735
0.618033988749894884128
0.190983005625052465042
-0.409016994374947288848
1.30901699437494744024
-2.69999999999999988585
1.30901699437494736723
-1.61803398874989541852
2.00000000000000037961
-0.0999999999999999563016
-2.72730584428500334268e-22
-6.53653505512949845534e-22
1.61207319832087886501e-22
-8.14501803243376682487e-22
1.25297652628775053715e-21
3.41736772853610878647e-22
-3.26482508999731696192e-22
-3.55164115853822363864e-23
-3.16873019206719676209e-22
1.49200764487028556428e-22
-0.500000000000000186836
5.30081424842748850889e-17
3.63325557069573261107e-16
0.499999999999999679429
1.54508497187473760897
-7.49400755900217198981e-16
-1.54508497187473688231
-4.04508497187473802272
4.04508497187473817788
-4.1337432310606941772e-17
-3.76648991869652444141e-22
-2.78581753616709624853e-22
3.28427664690891535833e-22
-6.61611831157540970012e-22
1.59909247264931116536e-21
7.93666183110702958153e-22
-3.39763410500333280031e-22
-1.94270738159352875862e-22
-6.12856608904960031525e-22
2.82766895675079690102e-22
-0.709016994374947417759
1.61803398874989485656
-1.30901699437494708232
0.59999999999999985842
9.80469076401053350931e-22
9.58798110904593214882e-22
4.06798907049586645641e-22
-2.71907902543020551155e-23
-5.08428184374080507051e-23
-4.39522975031923250021e-23
-1.99999999999999995327
2.69999999999999979998
-0.618033988749894711371
-1.43305280031221596648e-21
1.52421661234291145142e-21
8.01496699576831463272e-23
-0.190983005625052681028
-0.190983005625052698131
9.4253854109052232278e-23
0.10000000000000002893
0.333333333333333383674
-0.621129993749941510604
0.621129993749941495185
-0.333333333333333346777
3.70391516634051945315e-22
-1.86474885223013341588e-23
-3.84862803050622561706e-23
-1.97582883689080485541e-22
1.0248821951478071305e-22
-3.75645476810390871945e-23
-0.727231663541637551712
6.40065944289737796319e-17
0.727231663541637489648
-1.02194225098858320267e-21
1.06352189262996538614e-21
1.3764744540042962649e-23
-0.106101669791695978421
0.106101669791695946237
1.39287334087895842515e-23
8.76349392022252168225e-18
-0.599999999999999894373
1.30901699437494706112
-1.61803398874989475209
0.70901699437494739589
-1.48363065792812415142e-22
-1.43075881945012134769e-21
-3.81031563144982172703e-22
-2.38200097698688394175e-22
1.55291458526813983931e-22
-3.75276515637539659796e-23
0.618033988749894812433
-2.69999999999999988585
1.99999999999999993547
-9.65914650887792610634e-22
9.73737181295354556672e-22
-6.85526640741165351673e-23
0.190983005625052665125
0.190983005625052682228
-5.35429473888396406945e-23
-0.100000000000000019962
0.388888888888889072738
-0.106101669791696143474
-0.727231663541637152953
0.666666666666666535835
-0.727231663541637552555
1.50000000000000011346
-0.727231663541637492815
-0.106101669791695836391
-0.10610166979169584101
0.0555555555555555425712
-0.727231663541637536011
1.50000000000000011347
-0.72723166354163747627
-1.5000000000000001015
1.5000000000000001015
-1.18529493795421451047e-17
-0.10610166979169594979
-0.106101669791695954408
-1.18528960409130024177e-17
0.0555555555555555813126
-0.666666666666666795361
0.727231663541637567568
0.10610166979169572886
-0.388888888888888829019
0.72723166354163756139
-1.50000000000000009213
0.72723166354163750165
0.106101669791695827557
0.106101669791695832175
-0.0555555555555555322986
0.727231663541637544846
-1.50000000000000009213
0.727231663541637485105
-1.50000000000000014417
1.50000000000000014417
-1.18530443816264274443e-17
0.106101669791695940956
0.106101669791695945574
-1.18530231189040755051e-17
-0.0555555555555555710401
-0.60000000000000017349
-4.36581480515679701356e-17
3.28722674056081924044e-16
0.599999999999999803298
1.30901699437494763629
-2.31578120246402625121e-16
-1.30901699437494737722
-1.61803398874989498024
1.61803398874989504145
-1.15497225615830592075e-17
0.618033988749895073342
-8.84557164689036992941e-17
-0.618033988749894953049
-2.70000000000000051762
2.70000000000000051762
-2.13350938457900194978e-17
0.190983005625052645908
-0.190983005625052626924
-2.13355747793253142809e-17
-1.74888326697428310943e-19
0.409016994374947660371
-0.190983005625052798108
-0.618033988749894610622
0.599999999999999984898
6.79106421765521483246e-22
-3.89928778778393100808e-22
6.68349104202759080984e-22
-1.20526445563105796841e-22
1.63251227031439805311e-23
-1.96449194122797233589e-23
-1.30901699437494761458
2.70000000000000030687
-1.30901699437494754157
-6.29943293440861895798e-22
6.79008293624805247306e-22
2.04988010562035179432e-22
-2.00000000000000016196
1.61803398874989473307
-5.38826474439080240832e-23
0.10000000000000004163
-0.600000000000000219763
0.618033988749895021656
0.190983005625052387075
-0.409016994374947425504
3.02932708665200815999e-22
2.38842962694934517562e-22
1.77128217800310045293e-22
-2.39711903038606418843e-22
2.69051493806608061521e-22
-9.46221673927001027857e-23
1.30901699437494761458
-2.70000000000000030687
1.30901699437494754156
-1.49168119148148628636e-22
1.14545031694082462784e-22
5.62856765302354707928e-23
-1.6180339887498947282
2.00000000000000015709
-2.01679448941799921189e-22
-0.10000000000000004163
-0.600000000000000313827
-4.36577761154693470802e-17
3.2872238602232079253e-16
0.599999999999999943637
0.618033988749894965595
-8.84549113421776064925e-17
-0.618033988749894845304
0.190983005625052627503
-0.190983005625052608519
-1.74897884929472943882e-19
1.30901699437494796656
-2.31578094833274112856e-16
-1.30901699437494770749
-2.7000000000000000966
2.7000000000000000966
-2.13353239457567874843e-17
-1.61803398874989526232
1.61803398874989532353
-2.13354488380192696157e-17
-1.15499206819859002729e-17
-0.500000000000000535509
5.30094061815065964194e-17
3.63325354004836435599e-16
0.500000000000000028106
4.43899022837186879765e-22
-6.22631835414804963039e-23
5.63655637448608036807e-22
8.32391461218064999418e-23
-1.51527060634856463692e-22
-5.22359384483782787255e-23
1.54508497187473823972
-7.49401472232359244093e-16
-1.54508497187473751307
6.96292990401351052463e-22
-6.96292990401351052463e-22
2.79147015789603312359e-22
-4.04508497187473778179
4.04508497187473793695
-3.31243287421422418006e-22
-4.13376489934343807968e-17
