-3.00000000000000023528
-2.73311854585075832197e-17
-5.6321184323876288686e-17
-4.28128711426236534446e-17
4.04508497187473738478
1.17615217555268192891e-16
1.01074769452078162146e-16
-1.54508497187473722429
-7.67938088015213276792e-17
0.500000000000000059351
1.40785783953250178939e-21
1.45692320986779573594e-21
-3.28127374912919460512e-22
-1.7065356973510722762e-22
7.47399707072848665861e-22
7.77953928656944340512e-22
1.00023498416644951895e-22
3.19361652314410393916e-23
1.49717914183159171128e-22
-7.47462177816996227478e-23
-0.709016994374947350554
-2.00000000000000041683
-0.190983005625052559421
0.099999999999999954525
1.61803398874989474633
2.70000000000000050722
-0.190983005625052556412
-1.30901699437494738696
-0.618033988749894982043
0.600000000000000044138
1.18669478870954359441e-21
7.51438761457310967121e-22
-1.39775271484157436426e-23
-3.39873102058959692585e-22
4.77738415148746642623e-22
7.02480897744977414456e-22
3.44577087465183157042e-23
8.30043817529278871116e-23
2.51679811099083551855e-22
-1.21521446373235044974e-22
0.409016994374947508705
-1.30901699437494758995
-2.0000000000000004118
0.100000000000000137562
-0.190983005625052777257
2.70000000000000017208
1.61803398874989529215
-0.618033988749894617331
-1.3090169943749477618
0.600000000000000047628
5.93782495514506982188e-22
-1.90139099145855452179e-22
4.80032760367355755814e-22
-2.46774911584241021105e-22
-1.1811787538286597704e-22
5.62320742597063670982e-22
-9.28250819401663166942e-23
1.40835863408497186171e-22
3.51172892092528398989e-22
-1.6381871281006332601e-22
-0.500000000000000024368
1.54508497187473704002
-4.0450849718747374507
1.10887631189801215435e-16
1.54081542080632649535e-16
-6.31789281545428449369e-16
4.04508497187473805842
2.86535677374783134873e-16
-1.54508497187473761026
0.500000000000000067154
2.05625148530789981634e-22
-5.95344486225222029561e-22
6.01403255408808462502e-22
-5.15117841908271059856e-22
-3.23373087198432246436e-23
4.64546294009292123314e-22
-1.68409430872411264193e-22
1.37550136687895797673e-22
3.72191206575394146923e-22
-1.67356728710775991043e-22
-0.809016994374947523524
2.04893260710394265577e-19
-1.00993541227193788007e-17
5.23767948957106501176e-18
9.34216721999091757105e-17
7.86615402898556626383e-18
-2.44188839327735706275e-17
1.11803398874989486486
6.17290289469762363896e-17
-0.309016994374947475274
1.05365260893560560427e-21
1.18681184118581706381e-21
-9.04202040319286603165e-23
-4.39271823979567326625e-22
6.52627125984372779032e-22
6.5975438951339454644e-22
1.25863754533931203851e-22
6.10891064664542188738e-23
-2.76875096066509357371e-23
-2.90580308462706312586e-23
0.333333333333333318276
-0.727231663541637569808
-0.106101669791695885251
1.47825743204469805017e-18
-0.62112999374994154757
5.63722916044202840212e-17
0.106101669791695927947
0.621129993749941556629
0.727231663541637532417
-0.333333333333333390492
3.75624255397737457261e-22
4.95194741636405364834e-22
2.68988489426288646093e-22
-3.64810661081809719e-22
5.4061996744141792713e-22
8.00640559620292966886e-22
6.94336065558845021113e-24
2.74902754839669306049e-23
-1.62234826076737484998e-22
4.01281346990118395903e-23
-0.599999999999999905289
1.30901699437494711183
-1.61803398874989462901
-0.0999999999999999641509
0.61803398874989500833
-2.700000000000000299
2.00000000000000013414
0.190983005625052413739
1.30901699437494758264
-0.409016994374947453243
-1.19716721006789544108e-22
-2.04788260912356612216e-22
5.26504186249487882633e-22
-4.11194096675205294018e-22
6.23892134637526218301e-22
9.14273298741157824848e-22
-7.59174064874250682665e-23
-3.89722972063170072613e-23
-2.34068032685375332443e-22
8.12764695930288400071e-23
0.309016994374947440292
1.97112556249878219007e-17
2.23712810040334100829e-17
1.90306146149724983994e-17
-1.11803398874989486151
-4.84573173333389643027e-17
-4.9267401340888808233e-17
-1.37823055347849444604e-16
4.02903081701402910676e-17
0.809016994374947555366
-4.95451152171128270265e-23
9.36664780121985188337e-22
2.62078382686046193304e-22
-2.6648426235820554101e-22
2.70298035508048120568e-22
4.80771964990376796613e-22
2.73306662919666490921e-24
2.02461214811427897263e-23
-1.42190124647655025961e-22
6.58966406713604708336e-23
-0.599999999999999905642
0.618033988749894853492
0.19098300562505262353
-0.100000000000000022121
1.30901699437494725219
-2.69999999999999993431
0.190983005625052644492
-1.6180339887498950149
1.99999999999999991402
0.709016994374947589236
-5.24242165526556649783e-22
2.5199497858955081505e-22
4.5713269372967587417e-22
-1.80348197214815292355e-22
7.88618056462176277978e-22
8.25827043505947226145e-22
-7.6030954254804816808e-23
-1.0742582468501987865e-22
-4.55303770683667191229e-22
2.13628692363994928363e-22
-0.500000000000000046146
1.62863596107388056137e-17
1.62851508013558820722e-17
-1.19713008973725526214e-17
1.5450849718747372155
-8.32716137157016327661e-18
4.55123215689443388001e-17
-4.04508497187473750031
-1.2473260339808492235e-16
3.0000000000000003979
-8.76896413936660146965e-22
7.56210928199309155546e-22
4.60939623474539737107e-22
-1.84647204994473156121e-23
3.20863147277810232693e-23
4.23589230586284936917e-22
-1.48741310783971435037e-22
-5.92666082119004431153e-23
-9.96279752125066642155e-23
1.28840294022573865873e-22
-0.709016994374947589718
-1.06480308028483113242e-17
-2.58278978108824059672e-17
-5.30061815570328593838e-18
1.61803398874989524266
6.15847216840942713188e-17
3.49980228314700092503e-17
-1.30901699437494748258
-5.81349138868489682271e-17
0.599999999999999995988
-2.00000000000000002525
-1.97739195036997667756e-17
-3.73425105467441935435e-17
2.69999999999999988688
9.67993899137007255985e-17
-0.618033988749894798888
-0.190983005625052702157
-5.44808856414935291436e-18
-0.190983005625052591821
0.100000000000000033964
0.38888888888888904296
-0.727231663541637594533
-0.106101669791695875497
0.0555555555555555754645
-0.106101669791696038561
1.50000000000000025941
-0.106101669791695948738
-0.727231663541637345536
-0.727231663541637563025
0.666666666666666658817
-0.727231663541637564746
-1.50000000000000016511
-4.32520927824802408763e-17
1.50000000000000016638
1.50000000000000020905
-0.727231663541637531104
-0.106101669791695959607
-1.64339095548700002647e-17
-0.106101669791695832605
0.0555555555555555666543
-0.599999999999999923188
1.30901699437494715692
-1.61803398874989508115
8.70652519438224722741e-17
-2.39730800217652474589e-17
6.15827820548453409719e-17
1.61803398874989523699
1.65641645827501480255e-16
-1.30901699437494775509
0.600000000000000021926
0.6180339887498947879
-2.69999999999999990563
-1.23271320314993234737e-16
-6.76737629033331437003e-18
2.70000000000000007632
-0.618033988749894848274
0.190983005625052695532
-3.34093690366865833494e-17
-0.190983005625052597254
8.13493562373655336855e-18
0.333333333333333414215
5.07509397036926927034e-18
4.56267175421093986922e-18
1.18404560382654762912e-17
-0.621129993749941577421
-1.73471633749559255783e-17
-2.9254344493181315394e-17
0.621129993749941578223
3.88917741314441875194e-17
-0.333333333333333319728
-0.727231663541637584092
5.78308279008163298342e-18
-4.48538105363053157222e-18
1.3251925501133077567e-16
3.4703307422094737875e-18
0.727231663541637472154
-0.106101669791695977521
-6.54449969424256281116e-19
0.106101669791695813882
2.98896088358804359126e-17
-0.666666666666666759815
0.727231663541637514951
0.106101669791695883633
-0.0555555555555555644311
0.727231663541637541072
-1.50000000000000010948
0.106101669791695924126
0.106101669791695771578
0.727231663541637516189
-0.388888888888888859858
0.727231663541637512466
-1.50000000000000008635
-4.15689841596518432926e-17
-1.50000000000000003402
1.50000000000000010601
0.727231663541637492842
0.106101669791695941856
-1.61886036870136699145e-17
0.106101669791695816899
-0.055555555555555549914
-0.600000000000000138419
2.93758632894359527691e-18
2.938183174277866521e-18
-1.96846127279320628316e-17
1.30901699437494748838
-4.36164401001074142844e-18
4.05999807781462632719e-17
-1.61803398874989476886
-4.85425513615977721274e-17
0.709016994374947436796
0.618033988749895066459
3.01835952865394734913e-17
2.926887050764405221e-17
-2.70000000000000049109
-9.0553048971415927239e-17
2.00000000000000033547
0.190983005625052607111
4.2700055689176669481e-18
0.19098300562505249707
-0.0999999999999999799671
0.40901699437494767983
1.57500320401614177352e-18
-6.40231613165852518833e-19
1.38463754229906370602e-17
-0.190983005625052744486
8.98578958302333260328e-18
-1.02040448189108796498e-17
-0.618033988749894807553
-2.37919821964443912592e-17
0.59999999999999989528
-1.3090169943749477594
-1.97736718896658577475e-17
-3.73416842432177617751e-17
2.70000000000000053689
9.67997737938127072009e-17
-1.30901699437494733622
-2.00000000000000008827
-5.44794083463020064928e-18
1.61803398874989483938
0.0999999999999997605313
-0.600000000000000135564
0.618033988749894950853
0.190983005625052572337
1.88562097315015687905e-17
-7.92985966092774201914e-17
8.98603849512637113353e-18
-0.190983005625052640871
1.30594017757855311361e-16
-0.61803398874989496905
0.599999999999999902135
1.30901699437494749802
-2.70000000000000032664
-1.0409208124365554987e-16
1.36356390018809865859e-16
2.70000000000000049734
-1.30901699437494735755
-1.61803398874989455276
-8.36195764318826468892e-17
1.61803398874989481804
-2.84071667135291966643e-16
-0.600000000000000308964
-4.34575096534532947126e-18
-4.34468094835793056799e-18
-1.43306393779855703323e-17
0.618033988749894980063
-6.37545271811381534924e-19
2.02467874116663051129e-17
0.190983005625052512162
7.23867473254427275989e-18
-0.409016994374947362457
1.30901699437494788683
3.01839827897970163801e-17
2.92695006974354059071e-17
-2.70000000000000007008
-9.05525635202576265789e-17
1.30901699437494746566
-1.6180339887498952063
4.27032208305998216646e-18
2.00000000000000038797
-0.100000000000000261881
-0.500000000000000478268
3.44412521221047819785e-22
3.15867557281436090896e-22
8.59603081704747754425e-22
3.03715739871753581435e-17
-1.71306687714738855245e-22
5.27222986552632537657e-22
2.08166774356453115236e-16
-1.07228006866388283401e-21
0.499999999999999764425
1.54508497187473807683
1.84178175699198363865e-21
1.7768203163471983659e-21
-4.29368106869912205257e-16
9.82335872794549610154e-22
-1.5450849718747368582
-4.04508497187473756976
5.19309074033592845454e-22
4.04508497187473793695
-6.81149627206758292979e-16
