-3.00000000000000081758
-2.24965600310305632161e-17
1.69875378648262290806e-18
1.6137648729827539522e-17
-2.24963576772386774638e-17
9.22301876041546236398e-18
2.42466748282922542332e-17
1.70014771129134173914e-18
2.42450160262597280006e-17
1.61349016924791112462e-17
4.04508497187473777521
3.61578059432504149445e-17
-5.0397494015311045717e-17
3.61579864819017082077e-17
-7.85745781059062589445e-17
-5.03975892713119687448e-17
-1.54508497187473672924
5.50739280837686975453e-17
5.50732199476036078097e-17
0.499999999999999720122
-0.709016994374947610371
-2.0000000000000004024
-0.190983005625052521198
0.0999999999999999814845
-8.0937774326430552055e-18
6.16194348971834028764e-18
1.28107092765645981791e-17
8.1480986177692580546e-18
1.82297881724007539415e-17
1.60216580985108774281e-17
1.61803398874989500639
2.70000000000000044718
-0.190983005625052538707
4.44649436678760899848e-18
-4.68630960356377056833e-17
-5.03975363771455523165e-17
-1.30901699437494719793
-0.618033988749894955426
5.50733569468333592605e-17
0.599999999999999775438
0.409016994374947535662
-1.30901699437494755172
-2.00000000000000039736
0.0999999999999998777454
1.28106269849960600012e-17
6.16004778164160074199e-18
-8.09255820092511536047e-18
1.82308405051279193182e-17
8.147253105094830301e-18
1.6021621442214288221e-17
-0.190983005625052759551
2.70000000000000011203
1.6180339887498955522
-4.68630775984490949783e-17
4.44639242558733454123e-18
-5.03975710953018188883e-17
-0.618033988749894590717
-1.30901699437494757276
5.50734590461194036085e-17
0.599999999999999778927
-0.499999999999999965422
1.54508497187473709805
-4.04508497187473744587
-4.71411918942741462626e-16
2.42469094108684507673e-17
9.21960830843007007141e-18
-2.24948533136747296959e-17
2.42459964668903018147e-17
1.69951253018951846842e-18
1.61348504109577526342e-17
2.60996784827700739603e-18
-7.13242452815508749569e-16
4.04508497187473844885
-7.85740816789397404597e-17
3.61573033342887156373e-17
-5.03976669034694342598e-17
4.18398728396502651272e-16
-1.5450849718747371152
5.50734482485476571674e-17
0.499999999999999727926
-0.709016994374947655504
-8.03665548460600201093e-18
5.35504264997556352461e-18
1.7473359770889708665e-17
-2.00000000000000034125
8.3387226519294394517e-18
1.14825299738773884114e-17
-0.190983005625052545704
2.98723111917847193829e-17
0.0999999999999999819767
1.61803398874989505034
4.44770245612812722923e-18
-5.03986262428725165691e-17
2.70000000000000034361
-4.6862902893251130682e-17
-0.19098300562505260482
-1.30901699437494724361
5.50738686897907865829e-17
-0.618033988749894863288
0.599999999999999851511
0.388888888888888944798
-0.727231663541637580526
-0.106101669791695861489
0.0555555555555555547865
-0.727231663541637564437
-1.50000000000000014155
-2.63977344086730959716e-17
-0.10610166979169583582
-6.04458627929992154711e-18
0.0555555555555555527309
-0.106101669791695929692
1.50000000000000021695
-0.10610166979169583987
1.50000000000000011027
1.50000000000000015294
-0.106101669791695928912
-0.727231663541637349046
-0.727231663541637566533
-0.727231663541637478943
0.666666666666666576787
-0.599999999999999854508
1.30901699437494711014
-1.61803398874989459234
-1.85115133473845076193e-16
0.618033988749895004031
-2.70000000000000029853
-1.38790133712768553875e-16
0.190983005625052556515
-5.12926466600999160231e-17
1.02889675976876711907e-17
-1.09368466212608185086e-16
4.44698070900562268788e-18
1.61803398874989504466
-1.50427998584745238995e-16
2.70000000000000053305
-0.190983005625052610253
2.78846898490038154127e-16
-1.30901699437494751613
-0.618033988749894912673
0.599999999999999877449
0.40901699437494753173
2.70735627060753822005e-17
3.44196393060174700387e-17
2.97944275416426849093e-17
-1.30901699437494757092
-2.89012110255960595089e-17
-2.75013954565995832026e-17
-2.00000000000000037514
2.10602144626102195339e-17
0.10000000000000014567
-0.190983005625052725722
-4.6862514807605675491e-17
-5.03986940731492476043e-17
2.70000000000000015159
4.44706307404358138188e-18
1.61803398874989522038
-0.618033988749894705791
5.50734531907908666001e-17
-1.30901699437494773274
0.600000000000000042738
-0.599999999999999886589
0.618033988749894848386
0.190983005625052675803
7.41079605087231314826e-18
1.30901699437494733352
-2.69999999999999991475
-8.99519037391859301359e-17
-1.61803398874989521657
-1.47972178350290141454e-16
1.86395465666349582139e-16
-1.19492347892183162761e-16
-4.68632433338226821144e-17
-0.190983005625052622107
4.40054464312840416338e-17
2.70000000000000011203
1.61803398874989519905
2.09456815506048386262e-16
-0.618033988749894867286
-1.30901699437494775407
0.600000000000000049593
-0.500000000000000125427
4.05330595332328811977e-17
4.05346904122565105094e-17
4.1646890284586684307e-18
1.54508497187473749328
8.92790567329492947691e-19
4.72133347072457632617e-17
-4.04508497187473795792
-1.47229679872936788907e-16
4.68207471413451581626e-16
-2.00272323706964336264e-17
-7.85750490494297645895e-17
-5.03981919528916628367e-17
-3.93209920525549264445e-16
3.61573034382197179217e-17
4.04508497187473785472
2.63237873541737749343e-16
5.50731093656781680298e-17
-1.54508497187473767896
0.500000000000000147718
-0.80901699437494787734
3.23379051177878584686e-18
4.35207828289492706806e-18
-7.73432895741551478161e-18
3.23417568843674082601e-18
8.40234364916465096884e-18
-2.42219740485444021991e-18
4.35249797948492566383e-18
-2.42262833236575272123e-18
-7.73473349478941602806e-18
5.87412858008716998413e-16
-1.34310863538069409002e-17
2.2964939781500112139e-17
-1.34319298804557565371e-17
1.61742590366581742557e-17
2.29650144328174868084e-17
1.11803398874989457731
-4.02867272740703942941e-17
-4.02878984496971470398e-17
-0.309016994374947245312
0.333333333333333414814
-0.727231663541637567766
-0.106101669791695883209
2.05317031646661822952e-17
1.0612887536076570452e-18
6.42110985691240708978e-18
1.06131482838791982121e-18
-6.82771620853638196228e-19
-6.82909096511088375745e-19
-1.09941137204140156217e-17
-0.621129993749941640542
5.65682674193198085175e-17
0.106101669791695818432
4.99316744729093514546e-18
4.99421038776799805176e-18
3.29461971085021614847e-17
0.621129993749941438425
0.727231663541637527612
-5.36575718785723995102e-17
-0.333333333333333170328
-0.59999999999999996417
1.30901699437494720425
-1.61803398874989511218
-0.100000000000000111572
-2.42184417061579037964e-18
8.40096174538762617627e-18
3.23451030677315035802e-18
-2.42234268412626476123e-18
4.35246669465222665478e-18
-7.73477189980072148912e-18
0.618033988749894888406
-2.69999999999999989928
2.00000000000000032764
1.6173213390188099817e-17
-1.34310651962763121173e-17
2.29650167901917181927e-17
0.19098300562505248606
1.30901699437494746944
-4.0288057890891503532e-17
-0.409016994374947277423
0.333333333333333441937
3.59870245165712607817e-18
1.59835991383288213572e-18
-5.07357613237542374094e-18
-0.727231663541637604947
-2.25180478035832664285e-18
-1.53096727602969812655e-17
-0.106101669791695867549
2.050729138941805212e-17
-1.2203402225312972762e-17
-0.621129993749941691028
7.8849860721487036478e-18
3.07035953936954877975e-17
1.44163424711340709468e-16
6.72943550710482572666e-18
0.106101669791695925977
0.621129993749941492926
-5.39836069450455676703e-17
0.727231663541637442721
-0.3333333333333332664
-0.666666666666666776729
0.727231663541637511988
0.106101669791695882157
-0.055555555555555536709
0.727231663541637518186
-1.50000000000000009438
-4.58811381402834800712e-17
0.106101669791695849619
-1.96148848365683375847e-17
-0.0555555555555555532655
0.727231663541637584486
-1.50000000000000008425
0.106101669791695793977
-1.50000000000000003076
1.50000000000000011765
0.106101669791695928996
0.106101669791695792102
0.727231663541637544291
0.727231663541637463408
-0.388888888888888845271
-0.600000000000000181713
5.15387772031593811272e-19
5.16999534316940784092e-19
-2.74189041918161253892e-17
1.30901699437494757224
4.03983305036031826247e-18
4.49527105026780108496e-17
-1.61803398874989497379
-4.53084885910776862597e-17
-0.0999999999999998183632
0.618033988749895119796
4.63564861165273737675e-17
5.22342277142158781038e-17
-2.70000000000000050452
-1.03984037440705219325e-16
2.00000000000000022726
0.19098300562505248731
-3.601670723722109798e-17
1.30901699437494759739
-0.409016994374947461496
0.309016994374947662041
1.16997833292803219697e-17
1.99750616899148990542e-18
-1.70153526822657690789e-17
1.17004171063487121008e-17
5.16966206458212312931e-18
-1.48605138119405782279e-17
1.99735642725168766501e-18
-1.48599868511093315637e-17
-1.70150352600724755152e-17
-1.11803398874989531777
-2.00966941978285603539e-17
5.41597045789137962556e-17
-2.00990984551125975192e-17
6.08167649188843459618e-17
5.4161759267275871717e-17
5.40125619651080583564e-16
-8.75808047979187674906e-17
-8.75816881707061127818e-17
0.809016994374947193006
-0.600000000000000174715
0.618033988749894970645
0.190983005625052537553
-0.0999999999999999370267
-1.48600128562421173311e-17
5.17005190704132688666e-18
1.16996263747696654349e-17
-1.48603473068523050425e-17
1.99777058115022948312e-18
-1.70150725015079707418e-17
1.30901699437494752996
-2.70000000000000032696
0.190983005625052362577
6.08160309469315522195e-17
-2.00984206210125030525e-17
5.41618061707775589202e-17
-1.61803398874989445245
2.00000000000000036945
-8.75819227859704470076e-17
0.709016994374947141548
-0.60000000000000029042
-1.92061854713095370914e-17
-1.92054890757788956204e-17
-3.1345539366409166288e-17
0.618033988749894951689
4.53232973850646117275e-18
2.22436297672212876663e-17
0.190983005625052603375
1.89395020636269461085e-17
-0.100000000000000021335
1.30901699437494786148
9.10008717759279124224e-17
8.34292563423305333597e-17
-2.70000000000000009018
-1.10650844755981140369e-16
0.19098300562505267091
-1.61803398874989508571
-8.33103856919582838949e-17
2.00000000000000005468
0.70901699437494738909
-0.500000000000000387469
-3.56611798779307925126e-18
-3.566291463312323967e-18
-4.61525492255949971928e-18
-3.56512863681535865922e-18
1.99434527352206223382e-18
-3.56612549195531262166e-18
-3.56607512385947611001e-18
-3.56577923123499053732e-18
-4.61649152958365207473e-18
1.54508497187473782011
2.12531509470365782651e-17
1.93557980994797018194e-17
2.12495425283465389976e-17
2.12490410268151566441e-17
1.93602760073570071199e-17
-4.04508497187473718533
-5.06782246677336024592e-17
-5.06781942512004996032e-17
2.99999999999999978022
