0.00119047619047619221669
0.000468388844245609929345
-0.00840489678075354399195
0.0230158730158730100816
0.0119047619047619024304
7.17700063631327747205e-23
-0.00840489678075354667502
0.0119047619047619004778
0.000468388844245612446248
0.00119047619047619050412
0.0230158730158730120187
-0.00840489678075355251943
0.000468388844245612230489
0.00119047619047619055633
-0.00840489678075356284696
-3.73573155551824630133e-18
0.0119047619047619020586
0.000468388844245618240947
0.0119047619047619084595
0.00119047619047619133429
0.0
0.0
0.0
0.0
0.0
0.0
0.0
0.0
0.0
0.0
0.0011904761904761909432
0.000468388844245614015849
-0.00840489678075355515132
0.0230158730158730133733
0.0119047619047619062209
2.36016752629213846323e-18
-0.00840489678075356547892
0.0119047619047619089091
0.000468388844245620026285
0.00119047619047619006082
0.00046838884424560851613
-0.00992063492063490079452
0.138888888888888868736
-0.00840489678075354399195
-0.029761904761904754245
0.0535714285714285593495
0.0642076979662656484577
-0.0245251582837259873023
-0.0297619047619047596632
0.0119047619047619044681
-0.00840489678075355251943
0.138888888888888868736
-0.00992063492063490079452
0.000468388844245610817275
0.0642076979662656530985
0.0535714285714285593495
-0.0297619047619047504207
-0.0297619047619047496511
-0.0245251582837259919432
0.0119047619047618968582
0.0
0.0
0.0
0.0
0.0
0.0
0.0
0.0
0.0
0.0
0.0
0.0
0.0
0.0
0.0
0.0
0.0
0.0
0.0
0.0
-0.00840489678075354324254
0.138888888888888865704
-0.00992063492063490079452
0.000468388844245609929345
0.0642076979662656545164
0.0535714285714285629228
-0.0297619047619047605141
-0.0297619047619047606467
-0.0245251582837259729967
0.0119047619047619045553
0.000468388844245612230489
-0.00992063492063490079452
0.138888888888888865704
-0.00840489678075355177002
-0.0297619047619047566898
0.0535714285714285629228
0.0642076979662656591573
-0.0245251582837259776375
-0.0297619047619047506346
0.0119047619047618969454
0.0
0.0
0.0
0.0
0.0
0.0
0.0
0.0
0.0
0.0
0.0
0.0
0.0
0.0
0.0
0.0
0.0
0.0
0.0
0.0
0.0230158730158730115011
-0.00840489678075354324254
0.00046838884424560851613
0.00119047619047619221669
-0.00840489678075354254719
-7.22707345291954983983e-18
0.0119047619047619025053
0.000468388844245607013328
0.0119047619047618978554
0.00119047619047619057867
0.00119047619047619055633
0.000468388844245610817275
-0.00840489678075355177002
0.0230158730158730134382
0.0119047619047619021335
-1.09628860674943055313e-17
-0.00840489678075355871913
0.0119047619047619058371
0.000468388844245612808021
0.00119047619047619140885
0.0230158730158730125996
-0.00840489678075355081589
0.000468388844245613031253
0.00119047619047619115407
-0.00840489678075356114348
1.16851028221278758698e-18
0.0119047619047619046328
0.00046838884424561904169
0.0119047619047619073211
0.00119047619047619027169
0.0
0.0
0.0
0.0
0.0
0.0
0.0
0.0
0.0
0.0
0.0119047619047619025053
-0.0297619047619047605141
0.0642076979662656484577
-0.00840489678075354667502
-0.024525158283725988068
0.0535714285714285708908
0.138888888888888862151
-0.0297619047619047494122
-0.00992063492063490570588
0.000468388844245611345305
0.0
0.0
0.0
0.0
0.0
0.0
0.0
0.0
0.0
0.0
0.0
0.0
0.0
0.0
0.0
0.0
0.0
0.0
0.0
0.0
0.000468388844245609608108
-0.00992063492063490596862
0.138888888888888873868
-0.00840489678075355515132
-0.0297619047619047592699
0.0535714285714285475054
0.0642076979662656578869
-0.0245251582837259878458
-0.0297619047619047512974
0.0119047619047618989679
-7.22707345291954983983e-18
0.0535714285714285629228
0.0535714285714285593495
7.17700063631327747205e-23
0.0535714285714285828601
0.578571428571428556931
0.0535714285714285708908
0.0535714285714285681431
0.0535714285714285681007
-1.26252603839013666415e-17
0.0
0.0
0.0
0.0
0.0
0.0
0.0
0.0
0.0
0.0
0.0
0.0
0.0
0.0
0.0
0.0
0.0
0.0
0.0
0.0
0.0
0.0
0.0
0.0
0.0
0.0
0.0
0.0
0.0
0.0
-0.00840489678075354254719
0.0642076979662656545164
-0.029761904761904754245
0.0119047619047619024304
0.13888888888888894383
0.0535714285714285828601
-0.024525158283725988068
-0.00992063492063489728842
-0.0297619047619047504771
0.000468388844245610819134
0.0
0.0
0.0
0.0
0.0
0.0
0.0
0.0
0.0
0.0
-0.00840489678075355081589
0.138888888888888875238
-0.00992063492063490996264
0.000468388844245610998358
0.0642076979662656592568
0.0535714285714285549028
-0.0297619047619047590083
-0.0297619047619047529162
-0.0245251582837259875842
0.0119047619047618997016
0.0
0.0
0.0
0.0
0.0
0.0
0.0
0.0
0.0
0.0
0.0119047619047618978554
-0.0245251582837259729967
-0.0297619047619047596632
0.000468388844245612446248
-0.0297619047619047504771
0.0535714285714285681007
-0.00992063492063490570588
0.0642076979662656623675
0.138888888888888854667
-0.00840489678075355117625
0.0
0.0
0.0
0.0
0.0
0.0
0.0
0.0
0.0
0.0
0.0
0.0
0.0
0.0
0.0
0.0
0.0
0.0
0.0
0.0
-0.00840489678075354578575
0.138888888888888876094
-0.00992063492063490596862
0.000468388844245614015849
0.0642076979662656597577
0.0535714285714285709569
-0.0297619047619047583361
-0.0297619047619047611053
-0.0245251582837259833666
0.0119047619047619044475
0.000468388844245607013328
-0.0297619047619047606467
-0.0245251582837259873023
0.0119047619047619004778
-0.00992063492063489728842
0.0535714285714285681431
-0.0297619047619047494122
0.138888888888888942473
0.0642076979662656623675
-0.00840489678075355544225
0.0
0.0
0.0
0.0
0.0
0.0
0.0
0.0
0.0
0.0
0.000468388844245613031253
-0.00992063492063490996264
0.138888888888888876202
-0.00840489678075354571852
-0.0297619047619047599549
0.0535714285714285664274
0.0642076979662656600193
-0.0245251582837259819967
-0.0297619047619047610102
0.0119047619047619039766
0.0
0.0
0.0
0.0
0.0
0.0
0.0
0.0
0.0
0.0
0.00119047619047619057867
0.0119047619047619045553
0.0119047619047619044681
0.00119047619047619050412
0.000468388844245610819134
-1.26252603839013666415e-17
0.000468388844245611345305
-0.00840489678075355544225
-0.00840489678075355117625
0.0230158730158730174676
0.0
0.0
0.0
0.0
0.0
0.0
0.0
0.0
0.0
0.0
0.00119047619047619115407
0.000468388844245610998358
-0.00840489678075354571852
0.0230158730158730119526
0.0119047619047619020079
-6.92224969731706975475e-18
-0.00840489678075354553128
0.0119047619047619006176
0.000468388844245608410752
0.00119047619047619146489
0.0230158730158730119444
-0.00840489678075354578575
0.000468388844245609608108
0.0011904761904761909432
-0.00840489678075354543899
-9.22196191714332864108e-18
0.0119047619047619012741
0.00046838884424560845701
0.0119047619047619010885
0.00119047619047619125559
0.0
0.0
0.0
0.0
0.0
0.0
0.0
0.0
0.0
0.0
-0.00840489678075356284696
0.0642076979662656530985
-0.0297619047619047566898
0.0119047619047619021335
0.138888888888888865245
0.0535714285714285625373
-0.0245251582837259787864
-0.00992063492063490570586
-0.0297619047619047632485
0.000468388844245603249457
0.0
0.0
0.0
0.0
0.0
0.0
0.0
0.0
0.0
0.0
0.0119047619047619012741
-0.0297619047619047583361
0.0642076979662656578869
-0.00840489678075356547892
-0.0245251582837259839706
0.0535714285714285506933
0.138888888888888870377
-0.0297619047619047644492
-0.00992063492063491087981
0.000468388844245606642513
0.0
0.0
0.0
0.0
0.0
0.0
0.0
0.0
0.0
0.0
-3.73573155551824630133e-18
0.0535714285714285593495
0.0535714285714285629228
-1.09628860674943055313e-17
0.0535714285714285625373
0.578571428571428556931
0.0535714285714285745066
0.0535714285714285764542
0.0535714285714285764966
-5.15365824852502992769e-18
0.0
0.0
0.0
0.0
0.0
0.0
0.0
0.0
0.0
0.0
0.0
0.0
0.0
0.0
0.0
0.0
0.0
0.0
0.0
0.0
0.0
0.0
0.0
0.0
0.0
0.0
0.0
0.0
0.0
0.0
0.0119047619047619020586
-0.0297619047619047504207
0.0642076979662656591573
-0.00840489678075355871913
-0.0245251582837259787864
0.0535714285714285745066
0.138888888888888946924
-0.0297619047619047643133
-0.00992063492063489728839
0.000468388844245602723288
-0.00840489678075356114348
0.0642076979662656592568
-0.0297619047619047599549
0.0119047619047619020079
0.138888888888888871747
0.0535714285714285580907
-0.024525158283725983709
-0.00992063492063491487381
-0.0297619047619047641876
0.000468388844245608032754
0.0
0.0
0.0
0.0
0.0
0.0
0.0
0.0
0.0
0.0
0.0
0.0
0.0
0.0
0.0
0.0
0.0
0.0
0.0
0.0
0.0
0.0
0.0
0.0
0.0
0.0
0.0
0.0
0.0
0.0
0.0
0.0
0.0
0.0
0.0
0.0
0.0
0.0
0.0
0.0
-9.22196191714332864108e-18
0.0535714285714285709569
0.0535714285714285475054
2.36016752629213846323e-18
0.0535714285714285932368
0.578571428571428584363
0.0535714285714285506933
0.0535714285714285785198
0.0535714285714285844883
-1.08843294372899161056e-17
0.0
0.0
0.0
0.0
0.0
0.0
0.0
0.0
0.0
0.0
0.0
0.0
0.0
0.0
0.0
0.0
0.0
0.0
0.0
0.0
1.16851028221278758698e-18
0.0535714285714285549028
0.0535714285714285664274
-6.92224969731706975475e-18
0.0535714285714285580907
0.578571428571428584363
0.0535714285714285886649
0.053571428571428579959
0.0535714285714285739481
-8.58472577588879926032e-18
0.0
0.0
0.0
0.0
0.0
0.0
0.0
0.0
0.0
0.0
0.0
0.0
0.0
0.0
0.0
0.0
0.0
0.0
0.0
0.0
0.0
0.0
0.0
0.0
0.0
0.0
0.0
0.0
0.0
0.0
0.0119047619047619046328
-0.0297619047619047590083
0.0642076979662656600193
-0.00840489678075354553128
-0.024525158283725983709
0.0535714285714285886649
0.138888888888888917034
-0.0297619047619047546649
-0.00992063492063490171382
0.00046838884424560991537
-0.00840489678075354543899
0.0642076979662656597577
-0.0297619047619047592699
0.0119047619047619062209
0.13888888888888891788
0.0535714285714285932368
-0.0245251582837259839706
-0.00992063492063490086719
-0.02976190476190475476
0.00046838884424560996164
0.0
0.0
0.0
0.0
0.0
0.0
0.0
0.0
0.0
0.0
0.000468388844245618240947
-0.0297619047619047496511
-0.0245251582837259776375
0.0119047619047619058371
-0.00992063492063490570586
0.0535714285714285764542
-0.0297619047619047643133
0.138888888888888851573
0.0642076979662656530858
-0.00840489678075352647684
0.0
0.0
0.0
0.0
0.0
0.0
0.0
0.0
0.0
0.0
0.0119047619047619010885
-0.0245251582837259833666
-0.0297619047619047512974
0.000468388844245620026285
-0.02976190476190475476
0.0535714285714285844883
-0.00992063492063491087981
0.0642076979662656629679
0.138888888888888861964
-0.00840489678075353754746
0.0
0.0
0.0
0.0
0.0
0.0
0.0
0.0
0.0
0.0
0.0119047619047619084595
-0.0245251582837259919432
-0.0297619047619047506346
0.000468388844245612808021
-0.0297619047619047632485
0.0535714285714285764966
-0.00992063492063489728839
0.0642076979662656530858
0.138888888888888939379
-0.00840489678075353074284
0.00046838884424561904169
-0.0297619047619047529162
-0.0245251582837259819967
0.0119047619047619006176
-0.00992063492063491487381
0.053571428571428579959
-0.0297619047619047546649
0.138888888888888862072
0.0642076979662656632295
-0.00840489678075353748024
0.0
0.0
0.0
0.0
0.0
0.0
0.0
0.0
0.0
0.0
0.0
0.0
0.0
0.0
0.0
0.0
0.0
0.0
0.0
0.0
0.0
0.0
0.0
0.0
0.0
0.0
0.0
0.0
0.0
0.0
0.0119047619047619073211
-0.0245251582837259875842
-0.0297619047619047610102
0.000468388844245608410752
-0.0297619047619047641876
0.0535714285714285739481
-0.00992063492063490171382
0.0642076979662656632295
0.138888888888888915676
-0.00840489678075354989873
0.00046838884424560845701
-0.0297619047619047611053
-0.0245251582837259878458
0.0119047619047619089091
-0.00992063492063490086719
0.0535714285714285785198
-0.0297619047619047644492
0.138888888888888916523
0.0642076979662656629679
-0.00840489678075354980643
0.0
0.0
0.0
0.0
0.0
0.0
0.0
0.0
0.0
0.0
0.00119047619047619133429
0.0119047619047618968582
0.0119047619047618969454
0.00119047619047619140885
0.000468388844245603249457
-5.15365824852502992769e-18
0.000468388844245602723288
-0.00840489678075352647684
-0.00840489678075353074284
0.0230158730158730135934
0.00119047619047619027169
0.0119047619047618997016
0.0119047619047619039766
0.00119047619047619146489
0.000468388844245608032754
-8.58472577588879926032e-18
0.00046838884424560991537
-0.00840489678075353748024
-0.00840489678075354989873
0.0230158730158730159821
0.00119047619047619125559
0.0119047619047619044475
0.0119047619047618989679
0.00119047619047619006082
0.00046838884424560996164
-1.08843294372899161056e-17
0.000468388844245606642513
-0.00840489678075354980643
-0.00840489678075353754746
0.0230158730158730159738
