0.866025403784438646764
-1.11803398874989486889
1.32287565553229538398
-1.50000000000000013651
-1.581138830084189666
1.87082869338697067202
-2.12132034355964253329
2.2912878474779199503
-2.59807621135331585959
-2.99999999999999991847
-2.7386127875258306433
3.24037034920393016944
-3.67423461417476718015
3.96862696659688610605
-4.50000000000000021411
-5.19615242270663194404
5.12347538297979951157
-5.8094750193111256445
-6.70820393249936950815
-7.93725393319377331974
0.866025403784438646764
-1.11803398874989486889
1.32287565553229538398
-1.50000000000000013651
-1.581138830084189666
1.87082869338697067202
-2.12132034355964253329
2.2912878474779199503
-2.59807621135331585959
-2.99999999999999991847
-2.09519029327794862558
2.47906258716164541827
-2.81099275294032822862
3.03621918948498955309
-3.44274895768259127923
-3.97534407494069504899
1.93649167310370864569
-2.19577516413419986642
-2.53546276418554999845
0.223015632999328757608
0.866025403784438646764
-1.11803398874989486889
1.32287565553229538398
-1.50000000000000013651
-1.581138830084189666
1.87082869338697067202
-2.12132034355964253329
2.2912878474779199503
-2.59807621135331585959
-2.99999999999999991847
-0.78113867843927937112
0.924255748662354514621
-1.04800751090674678249
1.1319774880284122763
-1.28354182416290299538
-1.48210643539319063536
-1.93649167310370836669
2.19577516413419955008
2.53546276418554963316
2.9354608997744420505
0.866025403784438646764
-1.11803398874989486889
1.32287565553229538398
-1.50000000000000013651
-1.581138830084189666
1.87082869338697067202
-2.12132034355964253329
2.2912878474779199503
-2.59807621135331585959
-2.99999999999999991847
0.781138678439279371121
-0.924255748662354514622
1.04800751090674678249
-1.1319774880284122763
1.28354182416290299538
1.48210643539319063536
-1.93649167310370836669
2.19577516413419955008
2.53546276418554963316
-2.9354608997744420505
0.866025403784438646764
-1.11803398874989486889
1.32287565553229538398
-1.50000000000000013651
-1.581138830084189666
1.87082869338697067202
-2.12132034355964253329
2.2912878474779199503
-2.59807621135331585959
-2.99999999999999991847
2.09519029327794862558
-2.47906258716164541827
2.81099275294032822862
-3.03621918948498955309
3.44274895768259127923
3.97534407494069504899
1.93649167310370864568
-2.19577516413419986642
-2.53546276418554999844
-0.223015632999328757612
0.866025403784438646764
-1.11803398874989486889
1.32287565553229538398
-1.50000000000000013651
-1.581138830084189666
1.87082869338697067202
-2.12132034355964253329
2.2912878474779199503
-2.59807621135331585959
-2.99999999999999991847
2.7386127875258306433
-3.24037034920393016945
3.67423461417476718015
-3.96862696659688610606
4.50000000000000021411
5.19615242270663194404
5.12347538297979951158
-5.8094750193111256445
-6.70820393249936950816
7.93725393319377331976
0.866025403784438646764
-1.11803398874989486889
1.32287565553229538398
-1.50000000000000013651
-1.02391860469917700449
1.21151683136007370501
-1.37373096212045720611
0.454176322432171811101
-0.514987543084034050768
0.593503270792275181174
-2.41690154040188963444
2.85971646818278779385
-3.24261368355754770439
1.44523393921019947319
-1.63874125262589773313
0.549708785416429127462
3.99044479922900894084
-4.52473909683901169858
-0.928399246013677423866
-5.45575997218496799755
0.866025403784438646764
-1.11803398874989486889
1.32287565553229538398
-1.50000000000000013651
-0.842454797195984918037
0.996805958773290683995
-1.13027171670061287605
-0.0075915129277447105431
0.00860796654923329557268
1.13039169250142099913
-1.45917451182358055802
1.72651856588274729928
-1.9576880396835580105
0.468072797781975504823
-0.530744665030856859703
0.995202673809605652789
0.355777574541058662748
-0.403413850409736881338
0.0419695888762462407098
1.52019719485165405994
0.866025403784438646764
-1.11803398874989486889
1.32287565553229538398
-1.50000000000000013651
-0.794907141285949487695
0.940546813600663167505
-1.06647984222924756891
-0.117496444237911558497
0.133228444880520884591
1.2280404006625758826
2.33702575240521311593e-16
-2.76520616127753000846e-16
3.13544906852738944163e-16
-5.79930444645112813662e-17
6.57579314676890654653e-17
-1.82722845513021691748e-16
-1.78289105012211555716
2.02160842857681938304
-0.374115808382081266691
-7.07106039776855263027e-16
0.866025403784438646764
-1.11803398874989486889
1.32287565553229538398
-1.50000000000000013651
-0.842454797195985003017
0.996805958773290784544
-1.13027171670061299006
-0.00759151292774451000184
0.00860796654923306818026
1.13039169250142080936
1.45917451182358050896
-1.72651856588274724123
1.95768803968355794467
-0.468072797781975678497
0.530744665030857056631
-0.995202673809605348542
0.355777574541058438536
-0.403413850409736627106
0.0419695888762461558436
-1.52019719485165440256
0.866025403784438646764
-1.11803398874989486889
1.32287565553229538398
-1.50000000000000013651
-1.0239186046991770652
1.21151683136007377685
-1.37373096212045728756
0.45417632243217197681
-0.514987543084034238665
0.593503270792274955535
2.41690154040188997354
-2.85971646818278819508
3.24261368355754815934
-1.44523393921019990009
1.6387412526258982172
-0.549708785416428789855
3.99044479922901056259
-4.52473909683901353746
-0.928399246013678269272
5.45575997218497235294
0.866025403784438646764
-1.11803398874989486889
1.32287565553229538398
-1.50000000000000013651
0.114083475635075155522
-0.134985388758081150029
0.153059043977681420463
-1.33316056457789109943
1.51166199068209934489
0.632487195173214380583
-1.75987573298255500721
2.08231304893314234203
-2.36112106254075698132
-2.00688691151808929936
2.27559586170315074253
2.02490645274051339669
2.11576484204527280942
-2.39905183060527724842
4.15996042334652068415
-2.10632017753529225786
0.866025403784438646764
-1.11803398874989486889
1.32287565553229538398
-1.50000000000000013651
0.397453570642974913527
-0.47027340680033178452
0.533239921114624012104
-1.36805400959564877087
1.55122743835493901559
-0.0978730054157396789424
-0.688409778003298146676
0.81453743402668137708
-0.923598635994548442696
-1.08301462049461905933
1.22802315088961073249
0.45930987715286886932
-0.384725187163847226819
0.436237357859279481903
-0.967082310035960430335
0.701607426497963689504
0.866025403784438646764
-1.11803398874989486889
1.32287565553229538398
-1.50000000000000013651
0.397453570642974910423
-0.470273406800331780846
0.533239921114624007939
-1.36805400959564877138
1.55122743835493901617
-0.0978730054157396705544
0.688409778003298495381
-0.814537434026681789674
0.923598635994548910533
1.08301462049461960466
-1.22802315088961135083
-0.459309877152869106696
-0.384725187163846736813
0.436237357859278926289
-0.967082310035959196302
-0.701607426497963727877
0.866025403784438646764
-1.11803398874989486889
1.32287565553229538398
-1.50000000000000013651
0.114083475635075155522
-0.134985388758081150029
0.153059043977681420463
-1.33316056457789109943
1.51166199068209934489
0.632487195173214380583
1.75987573298255500721
-2.08231304893314234203
2.36112106254075698132
2.00688691151808929936
-2.27559586170315074253
-2.02490645274051339669
2.11576484204527280942
-2.39905183060527724842
4.15996042334652068415
2.10632017753529225786
0.866025403784438646764
-1.11803398874989486889
1.32287565553229538398
-1.50000000000000013651
1.46705535444911451048
-1.73584330462888952199
1.96826129958196111283
-0.0260655497182908397001
0.0295555552889088250787
-1.96722074274241881754
-0.978737054543275636088
1.15805730027078782741
-1.31311355163401019883
-3.13886439954650157566
3.55913768586605373792
-3.6410021580318641701
0.654388188906690677416
-0.742006460890739923823
2.99733568918148890451
-0.3623067890615941101
0.866025403784438646764
-1.11803398874989486889
1.32287565553229538398
-1.50000000000000013651
1.68490959439196992105
-1.99361191754658146854
2.26054343340122586612
0.532892398671785070719
-0.604243183903812785609
-1.74251096560963425678
4.90626410020653803914e-17
-5.80516997075586562179e-17
6.58244402617719530046e-17
1.73673590106919256763e-16
-1.96927340881146827077e-16
2.5072928200615942347e-16
-0.248501808999709326758
0.281774565841244324254
-1.24283153837898508141
-2.06907732201765706961e-17
0.866025403784438646764
-1.11803398874989486889
1.32287565553229538398
-1.50000000000000013651
1.46705535444911451048
-1.73584330462888952199
1.96826129958196111283
-0.0260655497182908397001
0.0295555552889088250787
-1.96722074274241881754
0.978737054543275636088
-1.15805730027078782741
1.31311355163401019883
3.13886439954650157566
-3.55913768586605373792
3.6410021580318641701
0.654388188906690677416
-0.742006460890739923823
2.99733568918148890451
0.3623067890615941101
0.866025403784438646764
-1.11803398874989486889
1.32287565553229538398
-1.50000000000000013651
2.60505743478336667049
-3.08234552474704437703
3.4950513056800997394
3.96010025516790356367
-4.49033161802472878981
3.74123027677692880145
-0.321711247123941008858
0.380653881021142375589
-0.431620930617219475766
-1.5909852502747900799
1.8040077050566935461
-4.12976550283171106262
0.0707026804587602526141
-0.080169304079805319794
0.479307065985037354
-0.012866994411918950039
0.866025403784438646764
-1.11803398874989486889
1.32287565553229538398
-1.50000000000000013651
2.6050574347833667456
-3.0823455247470444659
3.49505130568009984017
3.96010025516790391379
-4.4903316180247291868
3.74123027677692962569
0.321711247123941269543
-0.380653881021142684036
0.431620930617219825512
1.590985250274791406
-1.80400770505669504975
4.12976550283171465126
0.0707026804587604340167
-0.0801693040798055254852
0.479307065985038594023
0.0128669944119190177993
0.866025403784438646764
-1.11803398874989486889
1.32287565553229538398
-1.50000000000000013651
3.162277660168379332
-3.74165738677394134404
4.24264068711928506659
6.87386354243375969191
-7.79422863405994739851
11.9999999999999997242
5.79923815201579832215e-22
-6.86175111770412838479e-22
7.78049443537055031461e-22
3.36155779606945418268e-21
-3.81164826264435170717e-21
1.10032807524694297122e-20
2.29744581957619106094e-43
-2.6050586953901015562e-43
1.80483760684590054245e-42
7.53687324379398943666e-65
0.866025403784438646764
-0.592681722104509501402
0.0426929976281370621199
0.503848202063286187173
-1.39539875495585202919
0.487336160510914643086
0.483419317618147022669
1.78458116630731251041
-0.121859287793911892589
-2.06208344275172679849
-2.41690154040188949072
0.844090990370445739322
0.837306819474907164744
3.0909852502747897907
-0.211066477833213341676
-3.57163329229253929059
3.99044479922900846628
-0.272485651196897398349
-4.61095875326965752664
-5.45575997218496702432
0.866025403784438646764
-0.421596003670593162872
-0.255994002443703701536
0.730151405192253583781
-1.33491081912145475001
0.103662405361679596086
0.897562091393907408901
1.63321796675825089676
0.455244227779118519508
-1.80537739539406454742
-1.45917451182358055802
0.11331209364056000838
0.981114024832767409934
1.78525036669820005122
0.497621836840967033073
-1.97343570959685090462
0.355777574541058662748
0.0991696702336401658521
-0.393280507524339126135
1.52019719485165405994
0.866025403784438646764
-0.376767643772578927048
-0.324653649589276389588
0.761558738490500927905
-1.31906160048477627323
0.00856349851664405842932
0.975576734365619707005
1.59466623381961404172
0.589498917248640002596
-1.74183284152700865309
2.33702575240521311593e-16
-1.51722380188505723167e-18
-1.72846207547995917984e-16
-2.82532374042108517735e-16
-1.04443503633093716904e-16
3.0860637634646610106e-16
-1.78289105012211555716
-0.65907982581524117227
1.9474283195480049808
-7.07106039776855263027e-16
0.866025403784438646764
-0.421596003670593242992
-0.255994002443703575261
0.730151405192253517877
-1.33491081912145477834
0.103662405361679768067
0.89756209139390725856
1.63321796675825096607
0.455244227779118273411
-1.80537739539406466235
1.45917451182358050896
-0.113312093640560190155
-0.981114024832767191791
-1.78525036669820002908
-0.497621836840966736777
1.97343570959685092201
0.355777574541058438535
0.0991696702336400455366
-0.393280507524338886632
-1.52019719485165440257
0.866025403784438646764
-0.59268172210450955864
0.0426929976281371717653
0.503848202063286081258
-1.39539875495585204943
0.487336160510914776944
0.48341931761814685185
1.78458116630731256217
-0.121859287793912103316
-2.06208344275172688821
2.41690154040188982982
-0.844090990370446077359
-0.837306819474906974211
-3.0909852502747902692
0.211066477833213733218
3.5716332922925398953
3.99044479922901008803
-0.272485651196897972385
-4.61095875326965946744
5.45575997218497137971
0.866025403784438646764
-0.421596003670593162872
-0.255994002443703701536
0.730151405192253583781
-0.596226786233250087029
0.0462999489678863030334
0.40088862381741943372
-0.221127843683398321463
-0.0616373175455098737736
0.822188037826773663246
-1.88565393705766390343
0.146430323280894736622
1.26786858503739761444
0.179339787454488483763
0.0499892878424810536442
1.27244266106214387995
2.42899921751079230105
0.677060806064144053214
0.781802477277756754062
-2.59098176370103729188
0.866025403784438646764
-0.273542254641480650465
-0.467591840518547005359
0.794424236510121046371
-0.386847166396096640841
-0.0608793420574449427155
0.334888301259759149482
-0.483078974749781602302
-0.279726135502148830393
0.792244976235525099047
-0.670038946962091060091
-0.105446113574859432293
0.580043552642335321544
-0.129144586808984109024
-0.0747809738724615095742
0.548308932002387306282
-0.532113937209373168055
-0.308119754910691910471
-0.355786046880658978361
0.837555728373778165952
0.866025403784438646764
-0.273542254641480672787
-0.467591840518546976736
0.794424236510121044893
-0.386847166396096672408
-0.0608793420574449339756
0.334888301259759167937
-0.483078974749781570002
-0.279726135502148789818
0.792244976235525116844
0.670038946962091417818
0.105446113574859464848
-0.580043552642335615855
0.129144586808984148894
0.074780973872461526814
-0.548308932002387591663
-0.532113937209372708663
-0.308119754910691620369
-0.35578604688065864338
-0.837555728373778338995
0.866025403784438646764
-0.421596003670593162872
-0.255994002443703701536
0.730151405192253583781
-0.596226786233250087029
0.0462999489678863030334
0.40088862381741943372
-0.221127843683398321463
-0.0616373175455098737736
0.822188037826773663246
1.88565393705766390343
-0.146430323280894736622
-1.26786858503739761444
-0.179339787454488483763
-0.0499892878424810536442
-1.27244266106214387995
2.42899921751079230105
0.677060806064144053214
0.781802477277756754062
2.59098176370103729188
0.866025403784438646764
-0.376767643772578927048
-0.324653649589276389588
0.761558738490500927905
0.659530800242388339008
-0.00428174925832203052861
-0.487788367182810003191
-0.797333116909806783972
-0.294749458624319913728
-0.653187315572628665729
-1.14234085517637617913
0.007416207260684111544
0.84487423530168978645
-2.0715322035675622576
-0.765781556761114375991
-0.377117872477106788016
0.891445525061057670432
0.329539912907620546156
2.43428539943500627929
-0.576057065515680500945
0.866025403784438646764
-0.273542254641480676092
-0.467591840518546972498
0.794424236510121044674
0.773694332792193609603
0.121758684114889905562
-0.669776602519518562468
-0.632202298666881192158
-0.366075766293204644307
-0.790586571217747893455
1.59620444889641848609e-16
2.51199659915515808964e-17
-1.3818123610264741376e-16
3.13733718340432346534e-16
1.81667025880282201263e-16
1.16495440940330895971e-16
-0.365388992554695251386
-0.211577932770286713831
-1.06364983428799913861
-9.89783525223554983687e-17
0.866025403784438646764
-0.376767643772578990726
-0.324653649589276294891
0.761558738490500890937
0.659530800242388295885
-0.00428174925832209691746
-0.487788367182809911856
-0.797333116909806855018
-0.294749458624319837006
-0.653187315572628609414
1.14234085517637653407
-0.00741620726068422932207
-0.844874235301689946008
2.07153220356756284172
0.76578155676111432436
0.377117872477106731501
0.89144552506105846167
0.329539912907620723512
2.43428539943500838782
0.576057065515681497885
0.866025403784438646764
-0.421596003670593242992
-0.255994002443703575261
0.730151405192253517877
1.93113760535470480872
-0.149962354329566142532
-1.29845071521132657853
1.84030171588476910213
0.512966885364026414352
0.520201634395277944346
-0.426479425234083394467
0.0331182296403347862934
0.286754560204630183378
-1.60591057924371174113
-0.44763254899848576686
-2.9882622344945638603
0.124250904499854688019
0.0346337771327407895253
0.646750052007057060594
-0.0299759276792641484946
0.866025403784438646764
-0.421596003670593242992
-0.255994002443703575261
0.730151405192253517877
1.93113760535470480872
-0.149962354329566142532
-1.29845071521132657853
1.84030171588476910213
0.512966885364026414352
0.520201634395277944346
0.426479425234083394467
-0.0331182296403347862934
-0.286754560204630183378
1.60591057924371174113
0.44763254899848576686
2.9882622344945638603
0.124250904499854688019
0.0346337771327407895252
0.646750052007057060594
0.0299759276792641484946
0.866025403784438646764
-0.592681722104509809385
0.0426929976281376520868
0.503848202063285617277
2.79079750991170437449
-0.974672321021830761017
-0.966838635236292241159
5.35374349892193874598
-0.36557786338173910523
8.24833377100691061261
5.67717946591271556189e-17
-1.98272704029812973874e-17
-1.96679136602361791428e-17
2.90422720147402751933e-16
-1.98313792079093243667e-17
8.38958594209086071777e-16
2.201753204150765895e-33
-1.50345684702566882628e-34
1.52647542617504540531e-32
7.07092530417388125705e-50
0.866025403784438646764
0.480236928573820843446
-0.870438917824714889552
-0.0862012202136411603478
-1.01606472817776805883
-1.37571147523489812358
0.582249400824174671202
0.946198802243466955312
1.99457922105116642297
-0.79611419589082849508
-1.75987573298255500721
-2.38280217166237689635
1.00848554490400669565
1.63886439954650149307
3.45471255058177529188
-1.37891023590975692221
2.11576484204527280941
4.46001472477898804194
-1.78016545986447641767
-2.10632017753529225786
0.866025403784438646764
0.747400816261237057945
-0.742601240163466641815
-0.583516799842481503586
-0.921608029841801472824
-1.63868358226482183051
-0.0396302142455149389164
0.778452545527172373275
2.06282059910749327901
-0.594086921656177065949
-0.688409778003298146676
-1.22404076847965050732
-0.0296024189325489513481
0.581477511805590485526
1.54085666000108664169
-0.443762676332360340517
-0.384725187163847226819
-1.01948287745610313527
0.293608394550221854258
0.701607426497963689505
0.866025403784438646764
0.747400816261237055018
-0.742601240163466643991
-0.583516799842481498356
-0.921608029841801473858
-1.63868358226482182807
-0.0396302142455149313874
0.778452545527172375023
2.06282059910749327902
-0.59408692165617706795
0.688409778003298495381
1.22404076847965112414
0.0296024189325489606857
-0.581477511805590780719
-1.54085666000108742047
0.443762676332360566296
-0.384725187163846736813
-1.01948287745610183452
0.293608394550221480633
-0.701607426497963727877
0.866025403784438646764
0.480236928573820843446
-0.870438917824714889552
-0.0862012202136411603478
-1.01606472817776805883
-1.37571147523489812358
0.582249400824174671202
0.946198802243466955312
1.99457922105116642297
-0.79611419589082849508
1.75987573298255500721
2.38280217166237689635
-1.00848554490400669565
-1.63886439954650149307
-3.45471255058177529188
1.37891023590975692221
2.11576484204527280941
4.46001472477898804194
-1.78016545986447641767
2.10632017753529225786
0.866025403784438646764
0.747400816261237057945
-0.742601240163466641815
-0.583516799842481503586
-0.13537634104356129452
-0.240708609638792967231
-0.00582133968629934668706
-0.36298923984451126641
-0.961884813028068655584
0.256304464819137938883
-1.14234085517637619801
-2.03116199524564800328
-0.0491219817603103641779
-0.407040071267352501659
-1.07861506587259058218
0.525954681008123650881
0.891445525061057699909
2.36224057926721401653
0.673914984078041860826
-0.576057065515680529517
0.866025403784438646764
0.820626763924442275715
-0.682832818533520251582
-0.711134563642003502894
9.44937919925555160697e-17
1.79000778925950499836e-16
2.44425019400004881279e-17
-0.408517312791231600665
-1.1432064098115398085
0.161604130682902900441
1.59620444889641847984e-16
3.02371016817735940112e-16
4.12886704153663842157e-17
8.73591832822336169352e-17
2.44468410902300878542e-16
-6.47965417993881887547e-17
-0.365388992554695248526
-1.02251489786083412021
-0.361357821651730583628
-9.89783525223554972067e-17
0.866025403784438646764
0.747400816261237038515
-0.742601240163466656262
-0.583516799842481468869
-0.13537634104356136893
-0.240708609638793095361
-0.00582133968629934250144
-0.362989239844511224029
-0.96188481302806852897
0.256304464819137977772
1.14234085517637655295
2.03116199524564859916
0.0491219817603103171213
0.407040071267352503084
1.07861506587259056991
-0.525954681008123821038
0.891445525061058491146
2.3622405792672160781
0.67391498407804233758
0.576057065515681526456
0.866025403784438646764
0.747400816261237055018
-0.742601240163466643991
-0.583516799842481498356
1.05698437088536306985
1.87939219190361533071
0.0454515539318142899256
0.308443156092832114221
0.817343201840442631966
-0.287525168480486619852
-0.453931077173077877883
-0.80712122676599718544
-0.0195195628277614016408
-0.988517583072942819493
-2.61947172587367677363
-0.92673500497849831374
0.14076128525533138898
0.373003184908216185473
0.430706978430692732709
-0.0361449916987078486689
0.866025403784438646764
0.747400816261237069357
-0.742601240163466633329
-0.583516799842481523975
1.05698437088536309013
1.87939219190361539082
0.0454515539318143333507
0.308443156092832157203
0.817343201840442754835
-0.287525168480486590626
0.453931077173078164368
0.807121226765997705164
0.0195195628277614322348
0.988517583072943456022
2.61947172587367848912
0.926735004978498938289
0.140761285255331660938
0.373003184908216910228
0.430706978430693569584
0.0361449916987079897352
0.866025403784438646764
0.480236928573820843447
-0.870438917824714889552
-0.0862012202136411603484
2.03212945635553611765
2.75142295046979624716
-1.1644988016483493424
2.83859640673040080028
5.98373766315349913051
3.18445678356331399367
0.0
0.0
0.0
0.0
0.0
0.0
0.0
0.0
0.0
0.0
0.866025403784438646764
1.75583104892596889434
1.01619022888930549458
-0.882425746383244697014
-0.565074101906421607174
-1.9093307805251675809
-2.70356974438381695208
0.292651294813666802771
1.37410576328765362468
-0.136939094595330638995
-0.978737054543275636088
-3.30705792032473141098
-4.68272015907877343862
0.506886911518089216772
2.38002099698742918857
-0.237185469381593322557
0.654388188906690677416
3.07259389498542867484
-0.306205124292433391542
-0.3623067890615941101
0.866025403784438646764
1.96122599609108127476
1.62177530128977595592
-0.290656567723239690566
-0.492456021925469803648
-1.82452874441908433327
-3.06232068103606443742
0.222266774982007628106
1.1362245991248071736
-0.0906386856660462170894
4.90626410020653803914e-17
1.81775010965203226499e-16
3.05094330290495533782e-16
-2.21440991725338100749e-17
-1.13200320683687181156e-16
9.0301937589166022387e-18
-0.248501808999709326758
-1.27033772067525845026
0.101337131270257572358
-2.06907732201765706961e-17
0.866025403784438646764
1.75583104892596889434
1.01619022888930549458
-0.882425746383244697014
-0.565074101906421607174
-1.9093307805251675809
-2.70356974438381695208
0.292651294813666802771
1.37410576328765362468
-0.136939094595330638995
0.978737054543275636088
3.30705792032473141098
4.68272015907877343862
-0.506886911518089216772
-2.38002099698742918857
0.237185469381593322557
0.654388188906690677417
3.07259389498542867484
-0.306205124292433391543
0.362306789061594110101
0.866025403784438646764
1.96122599609108127476
1.62177530128977595592
-0.290656567723239690566
0.246228010962734944314
0.912264372209542324058
1.53116034051803248293
-0.111133387491003790986
-0.568112299562403468884
-0.033989507124767345698
-0.426479425234083345404
-1.58008824260185232284
-2.652047504311694774
-0.288733010327487216879
-1.47599905087030977284
-0.0196238510881071502802
0.124250904499854659431
0.635168860337629204948
0.126671414087821971624
-0.0299759276792641381492
0.866025403784438646764
1.96122599609108127476
1.62177530128977595592
-0.290656567723239690566
0.246228010962734944314
0.912264372209542324058
1.53116034051803248293
-0.111133387491003790986
-0.568112299562403468884
-0.033989507124767345698
0.426479425234083345404
1.58008824260185232284
2.652047504311694774
0.288733010327487216879
1.47599905087030977284
0.0196238510881071502802
0.124250904499854659431
0.635168860337629204948
0.126671414087821971624
0.0299759276792641381492
0.866025403784438646764
1.75583104892596889434
1.01619022888930549458
-0.882425746383244697013
1.13014820381284321435
3.81866156105033516181
5.40713948876763390417
0.877953884441000388008
4.1223172898629607787
0.547756378381322558277
2.07255632974195916474e-22
7.0029675424833359862e-22
9.91604564377904898769e-22
4.2934991458779686656e-22
2.01595619960538041407e-21
5.02259767940464056616e-22
2.93437812539918060913e-44
1.37779875409180462513e-43
8.23842759243603167933e-44
3.44030866028307209468e-66
0.866025403784438646764
2.82874969960429970855
5.10305831343645437241
6.46477876453360298122
-0.185740075128337470863
-0.943951291524790482953
-2.60473966117778804128
0.031619199939446757283
0.217275918592847013903
-0.00486326676211360995294
-0.321711247123940865145
-1.63497159679119811783
-4.5115414336496717214
0.0547660607898005562775
0.376332930264010340972
-0.0084234251227417575098
0.0707026804587601894463
0.485843723847316416019
-0.0108745950728013316449
-0.0128669944119189327954
0.866025403784438646764
2.82874969960429977936
5.10305831343645471751
6.4647787645336038754
-0.185740075128337445828
-0.9439512915247903766
-2.60473966117778782996
0.0316191999394467487594
0.217275918592846959873
-0.00486326676211360798645
0.32171124712394112583
1.63497159679119947882
4.51154143364967561921
-0.0547660607898005932732
-0.376332930264010603059
0.00842342512274176206466
0.0707026804587603708487
0.485843723847317672706
-0.0108745950728013580802
0.0128669944119190005556
0.866025403784438646764
2.82874969960429940519
5.10305831343645289396
6.46477876453359915044
0.371480150256675254564
1.88790258304958237689
5.20947932235557927215
0.0948575998183404461605
0.651827755778542181147
0.0194530670484544993382
5.67712928784280982962e-17
2.88517893605333592133e-16
7.96136418457931642009e-16
3.86575241579633722533e-17
2.65640784334583943169e-16
1.48645326813348869847e-17
2.20171428368379254746e-33
1.5129399048126528056e-32
2.03183962580000480181e-33
7.07073781551844067602e-50
0.866025403784438646764
3.35410196624968460668
7.93725393319377195968
14.9999999999999999282
0.0
0.0
0.0
0.0
0.0
0.0
0.0
0.0
0.0
0.0
0.0
0.0
0.0
0.0
0.0
0.0
