1.0
-3.64851392317087369881e-23
1.58097742981300005246e-22
-1.49363764737657626959e-22
-2.3017982934008698649e-22
-7.61772581847161292381e-22
1.74315966277427746249e-22
1.63740540103319721769e-22
9.50003377559872444625e-22
4.02684766521089490706e-22
-7.18128331976210854616e-22
-1.17881435526122257713e-21
2.37492489475965905967e-22
1.16374415669393208696e-21
-9.13467086056561914561e-22
-5.30040346838330313475e-22
5.25077052574270400353e-23
-4.59413721888891775894e-22
1.71902486217246518377e-23
4.09859928130405725676e-23
0.425058029219593291326
0.702567281551452823523
-0.184204342392475504651
0.0565790316214293898023
-8.15022810673086694996e-23
-7.46028412095671918819e-24
1.02040755605012769567e-22
2.12689268855673102459e-22
8.72770568351280162688e-22
3.85839297289822756849e-22
-5.23235553993817659924e-22
-6.28248737587714580984e-22
6.45582119909793121377e-23
9.47885491267733966536e-22
-6.75530329808798819969e-22
-5.3004034683833031366e-22
6.56695174389034597747e-24
-4.31177681011413209823e-22
1.71902486217246517775e-23
4.18111449892806244349e-23
-0.0953023123022199862022
0.940344234550660603197
0.207959492957028768609
-0.0530014152054693856034
1.21631133473340084403e-22
9.21757703535608898224e-22
-1.14570088210611674068e-22
2.77970524735468607235e-22
7.27812504113469406614e-22
3.65830813213757286645e-22
-2.44169868929511047407e-22
6.07901134854880843544e-23
-1.68184147062586430227e-22
5.2067182360714388978e-22
-2.03387642253091437203e-22
-5.30040346838330313929e-22
-1.4020099273685438391e-23
-4.45444179104709122844e-22
1.71902486217246517644e-23
4.35540777648187129804e-23
-0.0530014152054693856038
0.207959492957028768609
0.940344234550660603197
-0.0953023123022199862019
1.50370557875725065067e-22
9.78629416816431880983e-22
-4.74942265979049120678e-22
3.44485250913173933047e-22
5.25440806123420456468e-22
3.67936828729833177775e-22
-9.4239411453459179499e-23
8.98206097047286772869e-23
-2.31670550367132876151e-22
4.73559654047010212221e-23
3.23312421287994931212e-22
-5.30040346838330313973e-22
-4.77208402825301463044e-23
-4.46710961438729471809e-22
1.71902486217246520229e-23
4.4629463570587895056e-23
0.0565790316214293898022
-0.18420434239247550465
0.702567281551452823523
0.425058029219593291325
3.28970426109872350859e-23
6.10389670219330371659e-23
-8.20406323703356845852e-22
3.67370193933155327043e-22
3.65569422488057297869e-22
3.88379305189565241596e-22
-3.76974060810295204772e-23
-5.87227904072908828736e-22
-1.5328459085144705717e-22
-3.54515468704772561171e-22
7.70308278345277728911e-22
-5.30040346838330314042e-22
-6.82131941403932710857e-23
-4.44969624757515527671e-22
1.7190248621724652208e-23
4.3328847626318270496e-23
-2.1994768905348161547e-22
5.89057954877251549418e-22
-4.56235904555119856592e-22
1.0
-8.37375202648336261627e-23
-7.61662662461393662735e-22
-9.41639124871154910382e-22
3.50051840846369779375e-22
3.15554022488816762297e-22
4.02696975381681221968e-22
-8.81932915637995455826e-23
-1.17871881789857975174e-21
9.47237883802986374506e-24
-5.8522769409666673697e-22
1.02325938697381374538e-21
-5.30040346838330314344e-22
-8.73634281670752371819e-23
-4.27736265663269257605e-22
1.71902486217246520288e-23
4.09852230015221485952e-23
0.425058029219593291326
-6.92078481837908264862e-22
6.30799392395026460128e-22
-6.82169507111922597168e-22
0.702567281551452823522
-7.97732494590304800013e-22
1.12250957490400924993e-22
-0.184204342392475504651
3.37820966402092801922e-22
0.0565790316214293898025
-4.73651149417534066802e-22
-8.49891056956542867586e-22
1.29487376074586140315e-22
1.19207066832991985681e-21
-7.57793306770715328358e-22
-3.06489298337717884175e-22
9.28980059192054921001e-23
-4.35601655186139758081e-22
3.61486478826564994121e-24
2.81774590059229612797e-23
-0.0330538845402431193701
0.462203320255678610467
-0.17654595862461649335
0.0700529299710225271669
0.462203320255678667309
0.450847877784174793877
-0.0646072882240505203617
-0.176545958624616488514
-0.0646072882240505054298
0.0700529299710225282058
-2.11821677108150462013e-22
-1.80792641465889331719e-22
1.86101004745795335785e-24
8.72675025187775973573e-22
-4.31470836248925243592e-22
-2.72895304696224493633e-22
6.90896129045385261743e-23
-4.30119051990133755135e-22
2.08779652823844022729e-23
2.02779358577534135775e-23
-0.061116393998612085981
0.218683773017650540417
0.21868377301765076309
-0.0611163939986121640251
0.0537060392918865869171
0.778669572422571190424
0.0537060392918867623553
-0.140604236267296657066
-0.140604236267296721227
0.0799920634901717850972
1.14173414092121735173e-23
2.19274581408412520709e-22
-1.20058593268408862589e-22
3.54068631986085038275e-22
5.71986007419814804649e-23
-2.69312413157302598978e-22
1.6232493717827879875e-23
-4.12272550643111815883e-22
2.36886404870580848422e-23
1.48636955830983030358e-23
0.0700529299710225292704
-0.176545958624616482748
0.462203320255678633415
-0.0330538845402430939
-0.0646072882240505314404
0.450847877784174669515
0.46220332025567874699
-0.0646072882240504617834
-0.176545958624616541015
0.0700529299710225316976
6.97601089995844143883e-23
-1.60060649868016114277e-22
-7.52292480586553582972e-23
-1.54591388214236007378e-22
5.6065393186121564738e-22
-2.94394217785134657239e-22
-4.39855120178767594905e-23
-4.0236823362550249001e-22
3.31805829694643498552e-23
1.3103970369508603386e-23
-9.57957706248197912031e-17
2.51843513281952524721e-16
-4.51118074365267549638e-16
0.425058029219593628918
5.25783961416303925852e-17
-3.10769999757376322637e-16
0.702567281551453020756
7.05647471828304030831e-17
-0.184204342392475551033
0.0565790316214293840555
-3.03916317202467024806e-23
-8.38753839456193160333e-22
4.04290463140882883567e-23
-4.92512855010674094607e-22
9.15967098992338248678e-22
-3.41230182732750877882e-22
-5.67066909792326973494e-23
-4.0689245673585903565e-22
2.0747569537527463122e-23
1.57489644738742352211e-23
-0.0953023123022199862023
-4.20541050420387228212e-22
6.69153393859857936283e-22
-5.78289452466357532287e-22
0.940344234550660603197
-4.89248918842775402519e-22
-2.10836994171223160672e-22
0.207959492957028768609
-3.0242446994500288488e-22
-0.0530014152054693856037
-1.05141579617679876299e-22
-2.67568845772110378752e-22
6.57268457012190911152e-23
1.1685499823205365796e-21
-4.47159791982605933328e-22
3.33456424553341107659e-23
1.70486401646068811681e-22
-3.84993969248500021169e-22
-6.17708002180225790928e-23
1.6875042892744053345e-23
-0.0611163939986120898525
0.0537060392918865940467
-0.14060423626729665848
0.0799920634901717669176
0.218683773017650553834
0.778669572422571190423
-0.140604236267296711439
0.218683773017650749674
0.0537060392918867771499
-0.0611163939986121722735
6.78542350132311315063e-23
2.302886263559590686e-22
1.52577341544843017363e-23
7.3796147840913074044e-22
-6.17267102043620825026e-23
1.6572698526885670405e-22
1.57949136285612611221e-22
-3.87524224953868772351e-22
-9.50355941639032561061e-23
1.93411296470859006119e-23
0.0799920634901717996289
-0.140604236267296722262
0.0537060392918866808727
-0.0611163939986121620878
-0.140604236267296723676
0.778669572422570853959
0.218683773017650893728
0.0537060392918866880022
0.218683773017650873044
-0.0611163939986121812093
1.37883126494820877298e-22
2.25425550525873843197e-22
2.72689374525818642666e-23
1.9714736778348763881e-22
4.80829318293504627744e-22
1.80528227261222752663e-22
8.26776615061175849952e-23
-4.02713000729670819193e-22
-1.17944127026808909267e-22
3.19146467317711058481e-23
-7.649230465588749384e-17
1.50929326399370821866e-16
-1.6451225019118093405e-16
-0.0953023123022198999833
9.47448573859827778078e-17
-3.44216830864927115626e-16
0.940344234550660842219
-1.74192029687370339164e-17
0.207959492957028804816
-0.0530014152054693900862
5.66694189863777582354e-23
-2.44934753705535635596e-22
1.11042605678208705576e-22
-2.49846746860382040916e-22
8.98239525025427560845e-22
7.11216668210976012445e-23
1.99665840678258805742e-23
-4.22447587195089466602e-22
-9.67069999786502364954e-23
3.30720992574055359035e-23
-0.0530014152054693856036
-1.33120918490053843357e-23
2.11957711605520531929e-22
-1.11874102748760367428e-23
0.207959492957028768609
1.14061715433351929935e-22
-3.58431329662042298304e-22
0.940344234550660603197
-1.09705151580562106273e-22
-0.0953023123022199862023
7.65529871137882055472e-23
3.77878521235350834422e-22
1.14327284378208999977e-22
9.24692292130704531344e-22
-2.30281275364712148402e-22
5.11529308313220166922e-22
2.58784389742094282563e-22
-3.31861343596764547325e-22
-1.84789490753122718734e-22
2.55549755177586527189e-23
0.0700529299710225327371
-0.0646072882240505362977
-0.0646072882240504569264
0.0700529299710224883904
-0.176545958624616487584
0.450847877784174669515
-0.176545958624616464108
0.462203320255678576573
0.46220332025567883136
-0.033053884540243153661
7.47873711705623792954e-23
5.22722966101159747697e-22
1.4761008748158785161e-22
4.98881054962475970287e-22
2.63631674788878462906e-22
7.14360674968633779291e-22
2.40773177879917187735e-22
-3.71634498242776211845e-22
-2.93976396042062116602e-22
6.14449694383039074276e-23
-7.64924395156359156891e-17
9.47447863326089030455e-17
-1.74190530113110478542e-17
-0.0530014152054694071485
1.50929770687290409662e-16
-3.44215668739531420049e-16
0.207959492957028951445
-1.64512609247470005271e-16
0.94034423455066080979
-0.0953023123022199971228
4.6613605329636699216e-23
3.22724146152112780074e-22
2.19261542388361016847e-22
5.03818007437358481263e-23
7.75421650890078205246e-22
6.94346356494478041155e-22
1.64667884289047639777e-22
-4.38584143183459316218e-22
-3.29164737995845570686e-22
9.18067809821170229266e-23
0.0565790316214293898029
1.06094696403044505165e-22
-4.31825977992827862055e-22
1.52114723317537702014e-22
-0.184204342392475504651
3.19749951391049317949e-22
-3.4882132240701943115e-22
0.702567281551452823523
-1.05775459141867459873e-22
0.425058029219593291325
-2.11057602320639521128e-23
8.04236194467192854125e-22
2.56218327841726819517e-22
6.27557856979224064653e-22
-1.11504451233628045885e-22
9.39492008514125323029e-22
2.91227944867643404098e-22
-3.41077516236976766856e-22
-2.50837527114771953809e-22
5.43301299294752092179e-23
-9.57957685690585722493e-17
5.25787586444192474114e-17
7.05639427549652583311e-17
0.056579031621429334685
2.518439674104666653e-16
-3.10768948602289044034e-16
-0.184204342392475451989
-4.51118372120333632813e-16
0.702567281551453260725
0.425058029219593339274
-5.44531647458501134966e-23
8.04181825083778915657e-22
3.28716175228511757439e-22
3.09446922545824288734e-22
2.77363769466114402689e-22
1.07068657220452542275e-21
2.6342351617525582491e-22
-3.97405005103784455113e-22
-3.72572304243599275573e-22
1.0235788948453599154e-22
7.41652552643558552792e-22
-6.15792218369435708154e-23
-9.23973986028511452937e-22
-1.12408949020244481607e-22
1.99324484529523282735e-22
3.02596163207764448877e-22
-2.91819326261819307449e-22
-5.6260798027355027467e-22
-3.0702537554981623286e-22
1.0
-1.87934110893810808411e-22
9.96927572280465376885e-22
3.4136166302745999624e-22
5.06323535137663434452e-22
-8.085376743584549896e-23
1.14184998845054391405e-21
3.28586363756227183048e-22
-3.13633094499335508208e-22
-3.66159015813952109343e-22
7.8224448248732705571e-23
0.425058029219593001682
-2.98581895226859197099e-22
1.06508495244014083415e-22
5.91259099024914940862e-23
7.09739304580528585841e-23
-5.93962364792899838314e-22
1.09471408984632560689e-23
1.0131733010428249774e-22
5.77496858310400502962e-22
1.59611188394035488068e-22
0.702567281551453063492
-1.14118021493142846032e-21
3.62258458998265941175e-22
1.37953153421620564234e-21
-9.96273793879461204063e-22
-3.94536282461296925309e-22
-0.184204342392475405606
-2.55842408654544820515e-22
-1.50993104160200593211e-23
0.056579031621429340432
-0.0330538845402431791309
0.462203320255678610467
-0.17654595862461649335
0.0700529299710225316726
-8.08489682400973687573e-23
-3.95547580220683792173e-24
7.34013424674694738627e-23
3.09334666330239586177e-22
3.90046289001410175661e-22
1.83448863661387358912e-23
0.462203320255678694838
0.450847877784174793877
-0.0646072882240505102873
9.04764702485681223733e-22
-6.08673799371680073846e-22
-3.79155939623304553962e-22
-0.176545958624616416442
-0.0646072882240505155045
2.97080365009055240429e-23
0.0700529299710224838598
-0.0611163939986120981009
0.218683773017650540418
0.21868377301765076309
-0.0611163939986121761448
1.14477708188904855854e-22
-8.90199221400138509397e-23
-4.81139322638162598883e-23
4.55435463812122632611e-22
5.72195728717218853487e-22
-1.31889636036978386016e-22
0.0537060392918866088418
0.778669572422571190424
0.0537060392918867842799
2.24976971087801757836e-22
-2.25500633821622801783e-22
-3.65895042724026966116e-22
-0.140604236267296648692
-0.140604236267296712853
7.33656244087471741613e-23
0.0799920634901717487382
0.0700529299710225337756
-0.176545958624616482748
0.462203320255678633415
-0.033053884540243153661
1.89926372296132478355e-22
5.81650625287205650133e-23
-2.76425517393172652803e-22
2.0270700450470840052e-22
3.6954916359860469707e-22
1.52620825638708040318e-23
-0.0646072882240505213662
0.450847877784174669515
0.462203320255678774519
-9.49939385789056344927e-23
5.19101210516334866536e-22
-4.39382229104875720485e-22
-0.064607288224050471858
-0.176545958624616468944
3.96669095486568928402e-23
0.0700529299710224873517
-9.57960282020516823063e-17
2.51843946540605088437e-16
-4.51118127558802174499e-16
0.425058029219593339274
2.53805766733392214961e-24
-4.53753843123048944945e-22
-6.14407212646066378101e-22
1.31088040243122830885e-22
3.99865350218851281928e-22
7.77831217610309990894e-23
5.25786468717739557682e-17
-3.10769930550660322618e-16
0.702567281551453260726
-4.77754899809834473363e-22
8.41501166200714378606e-22
-4.35154378156982698322e-22
7.05644225708597737125e-17
-0.184204342392475451989
4.78436879025293589959e-23
0.056579031621429334685
-0.0330538845402431828066
-2.94019000439081017566e-22
2.19127496797613160305e-22
-1.06849954919405587618e-22
0.46220332025567861637
-2.81823797302265116135e-22
-1.48941632672819939264e-22
-0.176545958624616497721
-3.55129838042611316649e-23
0.0700529299710225283477
0.462203320255678700741
-4.89666705489699827953e-22
8.25320463446920916987e-23
0.450847877784174777337
-5.75486806668273057426e-22
-0.0646072882240505129657
-0.176545958624616420813
-1.77020320557638830788e-22
-0.0646072882240504980336
0.0700529299710224895458
-0.0524152033779036612435
0.0847405818688248863181
-0.139178780055624808485
0.0818591490436936923198
0.0847405818688248938266
0.41736054906474160971
-0.0772889905675447476003
-0.139178780055624813467
-0.077288990567544735254
0.0818591490436936935313
0.0847405818688249159763
0.417360549064741611343
-0.0772889905675447358007
0.417360549064741593189
0.181804647018265944511
-0.0772889905675447389621
-0.139178780055624800007
-0.0772889905675447472634
-0.0772889905675447266154
0.0818591490436936739745
0.0818591490436937442275
-0.139178780055624899958
0.084740581868824998167
-0.0524152033779037441411
-0.0772889905675447704945
0.417360549064741463798
0.0847405818688250711681
-0.0772889905675446673164
-0.139178780055624870868
0.0818591490436936912432
-0.0772889905675447586947
0.417360549064741465431
0.0847405818688250933175
0.181804647018265803593
0.417360549064741712044
-0.0772889905675447394073
-0.0772889905675446793259
-0.139178780055624857408
-0.0772889905675447270606
0.0818591490436936716863
-6.64948885302099809432e-17
1.46517314097088348326e-16
-1.68234396175232108585e-16
-0.0330538845402430999793
3.45380477039402583593e-17
-1.60710410745436987836e-16
0.462203320255678743428
5.26903613855343462084e-17
-0.176545958624616544578
0.0700529299710225278836
3.45382685025187815518e-17
-1.60710245971852874135e-16
0.462203320255678827798
-5.28892296898339020317e-17
0.450847877784174830226
-0.0646072882240505165283
5.26901851654498034717e-17
-0.17654595862461646767
-0.0646072882240505015962
0.0700529299710224890816
-0.0611163939986121005725
-9.95667684656390311776e-23
1.12642436151266944808e-22
2.38725448269221587241e-22
0.218683773017650541204
3.76741732218170601763e-22
-2.7176027350447430755e-22
0.218683773017650768483
-1.81682517672918860822e-22
-0.0611163939986121664971
0.0537060392918866159942
2.73354775985407002618e-22
-9.88304150873493814366e-23
0.7786695724225711793
-4.71420588455991400355e-23
0.0537060392918867600266
-0.140604236267296659965
-2.09022701962445116262e-22
-0.14060423626729670895
0.0799920634901717709777
0.0818591490436937472768
-0.0772889905675447781025
-0.0772889905675446617501
0.0818591490436936754631
-0.139178780055624901386
0.417360549064741465431
-0.13917878005562485716
0.0847405818688250054808
0.0847405818688250937646
-0.0524152033779037474073
-0.0772889905675447593918
0.181804647018265823381
-0.0772889905675447358664
0.417360549064741455196
0.417360549064741713677
0.0847405818688250658687
-0.0772889905675446853313
-0.0772889905675447485076
-0.139178780055624859337
0.0818591490436936887022
-1.50508372178538220653e-16
2.05141896879228931147e-16
-4.87600373681185733226e-17
-0.061116393998612171011
2.05928861098461786348e-16
-5.21560437318730879889e-16
0.218683773017650899305
-4.3367086382081688344e-17
0.218683773017650878621
-0.0611163939986121804846
7.96165906085007843316e-17
-2.07251938319855470118e-16
0.0537060392918867600118
-2.18376102733746066409e-16
0.778669572422571357366
0.0537060392918867428882
7.67346525211981370213e-17
-0.140604236267296717509
-0.140604236267296715021
0.0799920634901717682364
0.0700529299710225419022
4.31700710038057366115e-23
-2.34751456168080386023e-23
1.19403681569006253891e-22
-0.176545958624616506261
-5.76117236524052938569e-23
9.98163444511572344759e-23
0.462203320255678670471
-3.7999421466511024893e-22
-0.0330538845402431072461
-0.0646072882240505239527
4.38717669965189058982e-22
1.03140654571522582981e-22
0.450847877784174706083
-1.23513657117968030142e-22
0.462203320255678706633
-0.064607288224050489587
-1.89633424105967888575e-22
-0.17654595862461653336
0.0700529299710225353184
-5.46931328388015340789e-17
2.86353927661095471873e-17
5.70614539349729519226e-17
0.070052929971022487901
1.23005074594699656855e-16
-1.60710041348349852611e-16
-0.17654595862461646767
-1.31178626724543638502e-16
0.462203320255678827798
-0.0330538845402431133252
2.60488386208048855025e-17
-3.63475478033599501515e-17
-0.0646072882240505089924
-1.24141770866265441091e-16
0.450847877784174830225
0.462203320255678703071
3.93325787443456126419e-17
-0.0646072882240505239246
-0.176545958624616536923
0.0700529299710225348293
-4.2662593520851788651e-17
-3.38216588744197596123e-23
-3.34820420468111982962e-22
-1.79976659807201658115e-22
1.11897618022370791712e-16
-2.09737410946148451261e-22
1.43911777084378757483e-23
-1.94424533257379042273e-16
-5.38557051016225049404e-22
0.425058029219593492568
2.39117646946171846633e-17
5.91657079775961347671e-22
2.82005222869070168087e-22
-1.47053746097028047256e-16
-1.02375985414476307308e-22
0.70256728155145286841
3.59253809349345434807e-17
-2.66681070416687960047e-22
-0.184204342392475546284
0.0565790316214293977142
-0.0953023123022200833414
-3.41840265114003886762e-22
-1.20868315600124567467e-22
1.75148424134281848508e-22
-2.06341360848467166242e-22
-2.89982108879212607314e-22
9.19016827592210832479e-24
2.34120845786262637198e-22
2.31847114238857167886e-22
-6.09467735584994308581e-23
0.94034423455066057077
-6.57033703519711754962e-22
2.0552078746096343755e-22
1.60211957315349282466e-21
-9.24375171510825581902e-22
-5.40040885439422441977e-22
0.207959492957028915238
1.61207906991887579856e-22
-7.44753709897892229584e-23
-0.0530014152054694026662
-0.0611163939986121051025
0.0537060392918865940467
-0.140604236267296658481
0.0799920634901717850972
-2.65913027596580057188e-23
-9.2475669199532339475e-23
6.4943301439325476266e-23
2.41244976137942915674e-22
1.75576430781870523489e-22
-1.03575188849197226671e-22
0.218683773017650519734
0.778669572422571190423
-0.140604236267296719813
9.65369410113208566155e-22
-2.53530608668984704515e-22
-4.78529338852969199492e-22
0.218683773017650783774
0.0537060392918867552258
-5.0468572384937392432e-23
-0.0611163939986121449039
0.0799920634901718178082
-0.140604236267296722262
0.0537060392918866808729
-0.0611163939986121773378
1.63007231626557466228e-22
-1.08940493273756594653e-22
1.41098226545454596046e-22
1.67328905314214839591e-22
2.07972497975338780889e-22
-1.32718282332485984214e-22
-0.140604236267296732051
0.778669572422570853959
0.218683773017650859628
3.16024407110149398817e-22
4.07913801791914303709e-22
-4.52415563850840496206e-22
0.0537060392918866660779
0.218683773017650907144
-3.3276990563418029714e-23
-0.0611163939986121538397
-7.64922282518284977198e-17
1.50929577335501768728e-16
-1.64512072591622319951e-16
-0.0953023123022199971227
2.26364146584776962707e-22
-3.13498950595380428109e-22
6.06846786955169576017e-23
1.07913343031574697273e-22
2.43634268081800982966e-22
-1.11620229204049059367e-22
9.4744846424579437139e-17
-3.44215880548543804024e-16
0.94034423455066080979
-1.74013854544633759157e-22
9.01582962890369736723e-22
-5.17132181592887270601e-22
-1.741891312360344164e-17
0.207959492957028951445
-6.1463411784638596373e-23
-0.0530014152054694071486
-0.061116393998612107574
-1.62863257229575051209e-22
-1.36346260708327842254e-22
2.96455054744937535656e-22
0.053706039291886601199
1.22840844791154524036e-22
-1.52499222464893558121e-22
-0.140604236267296669753
3.9603250997245015743e-24
0.0799920634901717709776
0.21868377301765052052
1.70436077198267170496e-22
-8.62608156950346936368e-23
0.7786695724225711793
-9.14382634886709403596e-23
-0.140604236267296699162
0.218683773017650789167
3.09879935802136862883e-22
0.0537060392918867748214
-0.0611163939986121594955
0.081859149043693761444
-0.077288990567544777893
-0.0772889905675446615404
0.0818591490436936896302
-0.0772889905675447719905
0.18180464701826582338
-0.077288990567544748465
-0.0772889905675446729422
-0.0772889905675447361185
0.081859149043693679724
-0.139178780055624914847
0.417360549064741462165
-0.139178780055624870621
0.417360549064741456829
0.41736054906474171531
-0.139178780055624845629
0.0847405818688249833315
0.0847405818688250716157
0.0847405818688250884652
-0.0524152033779037318474
-1.50508130727111422048e-16
2.05141863016793143698e-16
-4.87600644858698825837e-17
-0.0611163939986121780125
7.96164212548445679565e-17
-2.07251980115535295825e-16
0.0537060392918867452167
7.67348463293490645938e-17
-0.140604236267296727298
0.0799920634901717682363
2.0592868670925532699e-16
-5.21559916442764850329e-16
0.21868377301765087862
-2.18375779727467759576e-16
0.778669572422571357365
-0.140604236267296705232
-4.33667535277245615337e-17
0.218683773017650899305
0.053706039291886757683
-0.061116393998612173483
0.0799920634901718302505
-2.92909161886095443588e-23
1.09432895734108715776e-22
1.69497219577078799872e-22
-0.140604236267296742242
-1.10778148267175385151e-22
1.41917594388477472739e-22
0.0537060392918866956685
-1.76144471599666059545e-22
-0.061116393998612166084
-0.140604236267296752031
2.01024935760456211369e-22
1.63017451764061235598e-22
0.778669572422570909948
1.04257286962059419409e-22
0.218683773017650868693
0.0537060392918866808738
2.98266617474457635083e-22
0.218683773017650848009
-0.0611163939986121730856
-1.35594391640528476363e-16
7.24638265057241082279e-17
8.80074383779210985614e-17
0.0799920634901717641764
1.85161808796471164139e-16
-2.07252004884212556012e-16
-0.140604236267296717509
-3.39641749081136018172e-17
0.0537060392918867600114
-0.0611163939986121750069
1.8516178480304135628e-16
-2.07251803184064035191e-16
-0.140604236267296727298
-4.65570782529345632937e-16
0.778669572422571357365
0.21868377301765087427
-3.396394120675404178e-17
0.0537060392918867452171
0.218683773017650853586
-0.0611163939986121820086
-4.38261393205973071693e-17
-1.70715346851821418239e-22
1.21356005121825735764e-22
-1.92222121287764846627e-22
8.64752285698719674643e-17
-4.15663696171865994931e-22
2.97055573079430178769e-22
-9.42576853088051982865e-17
-6.18592396924280503928e-22
-0.0953023123022199227848
5.42841220390037397027e-17
1.56613912559804901309e-22
3.36806105360814757678e-22
-1.97217220946138950663e-16
2.85502978034613889725e-22
0.940344234550660748963
-9.98027933435461894366e-18
1.42650475459994655229e-22
0.207959492957028766612
-0.0530014152054693882677
-0.0530014152054693685409
-3.45683929536683336926e-22
-1.64640058526035251473e-22
-4.46684702354705715699e-23
-1.34627476028101314307e-22
-2.70638759165056850539e-22
-9.70461054362625338259e-23
2.70875045046504775376e-22
2.16978517707456210327e-22
-8.14788220363961098812e-23
0.20795949295702862198
-4.84891909140858241889e-22
-7.63894120808434754087e-23
8.52384617016339258813e-22
-3.79366238159966267154e-22
-3.66258912031069784833e-22
0.940344234550660635624
7.99780969513521202074e-22
-2.24530260572804945554e-23
-0.0953023123022198890628
0.0700529299710225725776
-0.064607288224050536298
-0.0646072882240504569263
0.0700529299710225282307
1.02417047637756845389e-22
-3.34812398569361887261e-22
-6.17536060098716590216e-24
2.10409401274860236429e-22
1.97938751703650914255e-22
-6.35089983822600745737e-23
-0.176545958624616559656
0.450847877784174669515
-0.17654595862461653618
4.57056374081628864179e-22
6.94892755180840623136e-23
-2.91645040933510676726e-22
0.462203320255678549044
0.462203320255678803832
4.22401457987764863914e-23
-0.0330538845402430341393
-7.64924129662508331172e-17
9.474510032293640045e-17
-1.7419068282029240427e-17
-0.0530014152054693900859
2.69457402568850073987e-22
-3.02038575283163907907e-22
7.78417071507471439609e-23
1.9625585164703707344e-22
2.60518290801337545251e-22
-1.20519174230730905546e-22
1.5092979274098542091e-16
-3.44216497692847946364e-16
0.207959492957028804816
9.97491510203618566819e-23
3.81839543827878925183e-22
-2.96607510692494708323e-22
-1.64512194501748958649e-16
0.940344234550660842219
-8.27486159070220703315e-23
-0.0953023123022198999834
0.070052929971022580704
-1.87906515930995944038e-22
-6.57294186437688786336e-23
6.50764627000617483658e-23
-0.0646072882240505388845
-2.11834675215151981239e-22
-6.72848065824597255892e-23
-0.0646072882240504746551
8.7685298205012421819e-23
0.0700529299710224965163
-0.176545958624616583169
6.73093177192373097557e-23
-1.11189167883501718965e-23
0.450847877784174706083
1.40426041365964221853e-22
-0.176545958624616456452
0.462203320255678586101
9.23146442347049059805e-22
0.462203320255678791003
-0.0330538845402431072461
-5.46931363191423197647e-17
2.86353827516791088087e-17
5.70614674047329082481e-17
0.0700529299710225267031
2.60489377637250203236e-17
-3.63481573062145735982e-17
-0.0646072882240505239245
3.93328499642367018118e-17
-0.0646072882240505089926
0.0700529299710224960271
1.23005058963548752496e-16
-1.60710077111673615976e-16
-0.176545958624616544578
-1.24142006248259992891e-16
0.450847877784174830225
-0.176545958624616460015
-1.31177970709692126539e-16
0.462203320255678743429
0.46220332025567878744
-0.0330538845402431133252
-4.38263719510771889508e-17
-2.21664446744502127633e-22
1.34479407372022668551e-22
-7.09030290465338332231e-23
5.42844950674417481263e-17
-4.72511278909485374588e-22
1.80212372430378117765e-22
-9.98053385887212482156e-18
-3.67712742625708132122e-22
-0.0530014152054694053305
8.64753649769504966546e-17
2.46758092073264707572e-22
3.34163360657324664044e-22
-1.9721798633147245421e-16
4.86542396372644365944e-22
0.207959492957028913242
-9.42569973014616596693e-17
8.67432296658244849502e-22
0.940344234550660716536
-0.0953023123022200199242
0.0565790316214294391727
-3.76396193893705572161e-22
-2.101492114047987504e-22
-1.1592374352282882088e-22
1.59884060090855441177e-22
-3.79572295174072509868e-22
-2.54292373628011285612e-22
2.21177488421035843677e-22
2.95916774697000719866e-22
-8.38047933312968115889e-23
-0.184204342392475603695
1.24326734757397484764e-22
-4.61377551157277997877e-22
6.66210111046181668196e-23
-1.24589284471703739498e-22
3.4538541136923878471e-22
0.702567281551452583553
9.02541407255744230163e-22
-1.50610877671666097134e-22
0.425058029219593580969
-9.57961065212685674227e-17
5.25785128410087832474e-17
7.05642161931582358771e-17
0.0565790316214293840556
2.50314772099053918285e-22
-3.63634133242771166259e-22
-1.10243558364356836933e-22
2.03119796443047217578e-22
3.083995382920709082e-22
-1.12919090437641347939e-22
2.5184427377069591211e-16
-3.10769070292847147686e-16
-0.184204342392475551034
1.53614140945687177838e-22
-1.79846626162485534179e-22
4.48180029402387886957e-22
-4.51118596685680915808e-16
0.702567281551453020757
-3.01828917664012156528e-22
0.425058029219593628918
-4.26629841741564854339e-17
-3.21180821623332999867e-22
-1.24020142638832016584e-22
5.79396489457459778279e-23
2.39120129479912818804e-17
-4.64587516500443824159e-22
-1.21440282250411202532e-22
3.59254552225449723858e-17
9.52717308204517462524e-23
0.0565790316214293483435
1.1189763678478417988e-16
4.76830061173719076708e-22
-3.42468991768724639113e-22
-1.47053887725509275487e-16
2.7022531788748208442e-23
-0.184204342392475447239
-1.94423497819794430148e-16
1.40759736509345583594e-21
0.702567281551453108378
0.425058029219593202924
-8.13777524787086505192e-23
-4.54388239004793630218e-22
-3.14677900356123914918e-22
7.96489339426684718533e-23
3.15186518813128180715e-22
-4.84700251695055398409e-22
-3.18591170185455420373e-22
1.73765153022061884388e-22
3.37674789410111791153e-22
-1.15167986492738123221e-22
7.61385767022702855518e-22
8.03665803399533537859e-22
-9.33816926473436906837e-22
-1.74270422482315111657e-22
-3.27918644968128724829e-22
8.95131507823232670614e-22
-5.68793556681323716625e-22
1.2592537215005299428e-21
-9.17247893849227888728e-23
1.0
