300.000000000000041791
30.5872282582486728084
2.41277174175133123588
-15.0000000000000180488
30.5872282582486888829
-3.33333333333333620837
-14.9999999999999881932
2.41277174175132714863
-14.999999999999983938
-14.9999999999999998288
30.5872282582487220144
-3.33333333333333833691
-14.9999999999999905473
-3.33333333333333802956
-14.9999999999999861009
-14.9999999999999893909
2.41277174175131588554
-14.9999999999999824102
-14.9999999999999877551
-15.0000000000000011255
30.5872282582486728084
73.2000000000000019324
10.1999999999999934615
2.4127717417513312359
-14.6323369549492063699
-3.3333333333333297551
7.67999999999999649852
7.68000000000000165857
2.27233695494920315486
-14.9999999999999998288
-14.6323369549492059368
-3.33333333333333150299
7.67999999999999340698
5.35508252808328134414
4.31158413858337884147
-14.9999999999999921599
7.67999999999999641925
2.2723369549492054369
-14.9999999999999905241
-15.0000000000000011255
2.41277174175133123588
10.1999999999999934615
73.2000000000000019324
30.5872282582486728084
7.68000000000000538624
-3.33333333333333171984
-14.6323369549491959322
2.272336954949205527
7.67999999999999950383
-14.9999999999999998287
7.68000000000000229467
-3.33333333333333346773
-14.6323369549491954992
4.31158413858338303812
5.35508252808328107697
-14.9999999999999966404
2.27233695494920780903
7.67999999999999426452
-14.9999999999999950046
-15.0000000000000011255
-15.0000000000000180488
2.4127717417513312359
30.5872282582486728084
300.000000000000041792
-15.0000000000000056793
-3.33333333333332888622
30.5872282582486560556
-15.000000000000001424
2.41277174175133229698
-14.9999999999999998287
-15.0000000000000080333
-3.33333333333333101476
30.5872282582486891872
-15.0000000000000035869
-3.33333333333333120523
-14.9999999999999994095
-14.9999999999999998962
2.41277174175132103389
-14.9999999999999977737
-15.0000000000000011255
30.5872282582486888829
-14.6323369549492063699
7.68000000000000538624
-15.0000000000000056793
73.2000000000000085059
-3.33333333333333226575
2.2723369549492032604
10.1999999999999992126
7.67999999999999344183
2.41277174175132837994
-14.6323369549492010861
5.35508252808328158667
-14.9999999999999924394
-3.33333333333333131805
4.31158413858337980919
7.67999999999999416847
7.67999999999999658385
-14.9999999999999873502
2.27233695494920226216
-15.0000000000000011255
-3.33333333333333620837
-3.3333333333333297551
-3.33333333333333171984
-3.33333333333332888622
-3.33333333333333226575
17.4074074074074068272
-3.33333333333332922751
-3.33333333333333286561
-3.33333333333332786263
-3.3333333333333278055
5.3550825280832799755
-3.76543209876543311045
5.35508252808328089191
-3.76543209876543304404
-3.76543209876542986888
5.35508252808328301754
4.31158413858338631201
4.31158413858338098849
4.31158413858337839825
-15.0000000000000011255
-14.9999999999999881932
7.67999999999999649852
-14.6323369549491959322
30.5872282582486560556
2.2723369549492032604
-3.33333333333332922751
73.199999999999957879
7.67999999999999899596
10.1999999999999837303
2.41277174175132706074
-14.9999999999999924394
5.35508252808328250307
-14.6323369549492043005
4.3115841385833813535
-3.33333333333333536411
7.67999999999999928906
-14.9999999999999951702
7.67999999999999883077
2.27233695494920291886
-15.0000000000000011255
2.41277174175132714863
7.68000000000000165857
2.272336954949205527
-15.000000000000001424
10.1999999999999992126
-3.33333333333333286561
7.67999999999999899596
73.2000000000000095233
-14.6323369549491989351
30.5872282582486754214
7.68000000000000027584
4.3115841385833836348
-14.9999999999999978777
-3.33333333333333309086
5.35508252808328147686
-14.6323369549491991824
2.27233695494920832512
-14.9999999999999943031
7.67999999999999780938
-15.0000000000000011255
-14.999999999999983938
2.27233695494920315486
7.67999999999999950383
2.41277174175133229698
7.67999999999999344183
-3.33333333333332786263
10.1999999999999837303
-14.6323369549491989351
73.1999999999999628259
30.5872282582486754215
-14.9999999999999900577
4.31158413858337831129
7.68000000000000252276
5.35508252808328096553
-3.33333333333333517218
-14.6323369549492060835
-14.9999999999999943031
2.27233695494920388953
7.67999999999999991389
-15.0000000000000011255
-14.9999999999999998288
-14.9999999999999998288
-14.9999999999999998287
-14.9999999999999998287
2.41277174175132837994
-3.3333333333333278055
2.41277174175132706074
30.5872282582486754214
30.5872282582486754215
299.999999999999982128
-14.9999999999999994095
-14.9999999999999990835
-14.9999999999999994094
-3.33333333333333197137
-3.3333333333333324692
30.5872282582486543171
-14.9999999999999977737
-14.9999999999999977736
2.41277174175132916556
-15.0000000000000011255
30.5872282582487220144
-14.6323369549492059368
7.68000000000000229467
-15.0000000000000080333
-14.6323369549492010861
5.3550825280832799755
-14.9999999999999924394
7.68000000000000027584
-14.9999999999999900577
-14.9999999999999994095
73.2000000000000118429
-3.33333333333333247218
2.27233695494919720346
-3.3333333333333313347
4.31158413858337779709
2.27233695494920206686
10.2000000000000019352
7.67999999999999239554
7.67999999999999467985
2.41277174175133167381
-3.33333333333333833691
-3.33333333333333150299
-3.33333333333333346773
-3.33333333333333101476
5.35508252808328158667
-3.76543209876543311045
5.35508252808328250307
4.3115841385833836348
4.31158413858337831129
-14.9999999999999990835
-3.33333333333333247218
17.4074074074074066624
-3.33333333333332943395
-3.76543209876543260055
-3.76543209876542942539
4.31158413858338096713
-3.33333333333333356428
-3.3333333333333285613
5.35508252808328119462
-3.33333333333333097835
-14.9999999999999905473
7.67999999999999340698
-14.6323369549491954992
30.5872282582486891872
-14.9999999999999924394
5.35508252808328089191
-14.6323369549492043005
-14.9999999999999978777
7.68000000000000252276
-14.9999999999999994094
2.27233695494919720346
-3.33333333333332943395
73.199999999999961216
4.3115841385833793414
-3.33333333333333538075
2.27233695494920272356
7.67999999999999794969
10.199999999999986453
7.67999999999999980044
2.41277174175133035465
-3.33333333333333802956
5.35508252808328134414
4.31158413858338303812
-15.0000000000000035869
-3.33333333333333131805
-3.76543209876543304404
4.3115841385833813535
-3.33333333333333309086
5.35508252808328096553
-3.33333333333333197137
-3.3333333333333313347
-3.76543209876543260055
4.3115841385833793414
17.4074074074074084319
-3.76543209876543067084
-3.33333333333333032702
-3.33333333333333328787
5.35508252808328275241
-3.33333333333333042511
-3.33333333333333097835
-14.9999999999999861009
4.31158413858337884147
5.35508252808328107697
-3.33333333333333120523
4.31158413858337980919
-3.76543209876542986888
-3.33333333333333536411
5.35508252808328147686
-3.33333333333333517218
-3.3333333333333324692
4.31158413858337779709
-3.76543209876542942539
-3.33333333333333538075
-3.76543209876543067084
17.4074074074073950476
-3.33333333333333425839
5.35508252808328326374
-3.33333333333333536918
-3.33333333333333435649
-3.33333333333333147618
-14.9999999999999893909
-14.9999999999999921599
-14.9999999999999966404
-14.9999999999999994095
7.67999999999999416847
5.35508252808328301754
7.67999999999999928906
-14.6323369549491991824
-14.6323369549492060835
30.5872282582486543171
2.27233695494920206686
4.31158413858338096713
2.27233695494920272356
-3.33333333333333032702
-3.33333333333333425839
73.1999999999999651835
7.67999999999999658555
7.67999999999999869004
10.1999999999999887892
2.4127717417513234474
2.41277174175131588554
7.67999999999999641925
2.27233695494920780903
-14.9999999999999998962
7.67999999999999658385
4.31158413858338631201
-14.9999999999999951702
2.27233695494920832512
-14.9999999999999943031
-14.9999999999999977737
10.2000000000000019352
-3.33333333333333356428
7.67999999999999794969
-3.33333333333333328787
5.35508252808328326374
7.67999999999999658555
73.199999999999990853
-14.6323369549491931987
-14.6323369549491944317
30.5872282582486462458
-14.9999999999999824102
2.2723369549492054369
7.67999999999999426452
2.41277174175132103389
-14.9999999999999873502
4.31158413858338098849
7.67999999999999883077
-14.9999999999999943031
2.27233695494920388953
-14.9999999999999977736
7.67999999999999239554
-3.3333333333333285613
10.199999999999986453
5.35508252808328275241
-3.33333333333333536918
7.67999999999999869004
-14.6323369549491931987
73.1999999999999441556
-14.6323369549492013328
30.5872282582486462458
-14.9999999999999877551
-14.9999999999999905241
-14.9999999999999950046
-14.9999999999999977737
2.27233695494920226216
4.31158413858337839825
2.27233695494920291886
7.67999999999999780938
7.67999999999999991389
2.41277174175132916556
7.67999999999999467985
5.35508252808328119462
7.67999999999999980044
-3.33333333333333042511
-3.33333333333333435649
10.1999999999999887892
-14.6323369549491944317
-14.6323369549492013328
73.1999999999999651705
30.5872282582486880007
-15.0000000000000011255
-15.0000000000000011255
-15.0000000000000011255
-15.0000000000000011255
-15.0000000000000011255
-15.0000000000000011255
-15.0000000000000011255
-15.0000000000000011255
-15.0000000000000011255
-15.0000000000000011255
2.41277174175133167381
-3.33333333333333097835
2.41277174175133035465
-3.33333333333333097835
-3.33333333333333147618
2.4127717417513234474
30.5872282582486462458
30.5872282582486462458
30.5872282582486880007
300.000000000000001249
