0.0288675134594812932829
-1.50898204753360198733e-17
1.20076499668545406045e-17
0.028867513459481275496
-1.4524434166893030817e-17
0.259807621135331563392
1.51488171599084397148e-17
1.09971197741331467763e-17
1.35728612097408399747e-17
0.028867513459481276746
-1.53043795803872991768e-17
0.259807621135331560728
1.43688750165544071232e-17
0.259807621135331559927
0.25980762113533164646
1.47573576824720529457e-17
1.12539966884570550643e-17
1.38298033102981327712e-17
1.38864791892485798424e-17
0.0288675134594812780829
0.0124225998749988362986
-0.035493142499996656505
-0.0354931424999966460827
0.01242259987499883296
-0.0354931424999966573511
-0.143747227124986471255
-0.0354931424999966776263
-0.0354931424999966498197
-0.0354931424999966712198
0.012422599874998826731
-0.0438719368650827015289
0.0479157423749954610202
-0.0438719368650827106267
0.0479157423749954699596
0.0479157423749954981105
-0.0438719368650826907426
0.114858221865075989415
0.114858221865076049777
0.114858221865076046599
-0.0372677996249964781129
-0.0005249506569572621622
0.0262475328478630032109
0.0262475328478629986253
-0.000524950656957257812468
0.0262475328478630029849
0.0425210032135380647893
0.0262475328478630097373
0.02624753284786299675
0.0262475328478630053866
-0.000524950656957262255167
-0.0162218674208086487058
-0.0992156741649221369756
-0.016221867420808665425
-0.0992156741649221333096
-0.0992156741649221618471
-0.0162218674208086582475
0.0424694002686716363095
0.0424694002686716574692
0.0424694002686716562687
0.0204730756213331552087
-0.00416666666666666693949
-0.00595238095238095361438
-0.00595238095238095508287
-0.00416666666666666746768
-0.00595238095238095333819
-0.00535714285714285831611
-0.00595238095238095409078
-0.00595238095238095319656
-0.00595238095238095313011
-0.00416666666666666379616
0.0183938687127944855898
0.0267857142857142906926
0.0183938687127944947578
0.0267857142857142868
0.0267857142857142906099
0.0183938687127944864913
-0.0481557734746992324594
-0.048155773474699257302
-0.0481557734746992559595
0.0624999999999999897518
0.0175682092231576603956
-0.0501948834947361769878
-0.0501948834947361622485
0.0175682092231576556741
-0.0590819369653161142
-2.41369634891318070902e-17
-0.0590819369653161310181
0.109276820460052285419
0.109276820460052341876
-0.0351364184463153213894
-0.0531572346515961552563
-0.135526185435787686357
-0.0531572346515961799779
0.0677630927178938145215
0.0677630927178938543329
0.106314469303192351362
0.00296235115685997789871
0.00296235115685997654151
-0.00592470231371997222612
5.77705399247271128009e-18
0.00593913870916498321863
0.0371196169322811675308
0.0371196169322811651926
0.00593913870916498833786
0.00634078756165928472627
3.80172724956037913099e-18
0.00634078756165928057119
-0.0434604044939404422847
-0.0434604044939404573323
-0.0118782774183299735011
-0.0176835331766635123986
-0.0801783725737273081049
-0.0176835331766635298312
0.0400891862868636327865
0.0400891862868636639895
0.0353670663533270670102
-0.0342839305285301104856
-0.0342839305285301184491
0.0685678610570602235726
-8.35031765186301656643e-18
-0.00785674201318386496496
-0.00841793787126842515474
-0.00841793787126842845054
-0.00785674201318386240989
0.00107178871721319987784
8.1769659991324487814e-20
0.0010717887172132012987
0.00734614915405522707434
0.00734614915405522433116
0.0157134840263677185703
0.0240256530301548941215
0.0303045763365663307898
0.0240256530301548971738
-0.0151522881682831627899
-0.0151522881682831649451
-0.0480513060603097814616
-0.0324435909014233119664
-0.032443590901423317978
0.0648871818028466384723
-1.16702408588255429357e-17
0.00272772362794989548011
0.0454620604658317529003
0.045462060465831747215
0.00272772362794990245218
-0.020331251519761092925
-0.12274756325774571256
-0.0203312515197611157919
0.0203312515197610923003
0.0203312515197611068804
0.0172755829770160724237
0.023804243899630081223
0.0245495126515491490249
0.0238042438996300827486
-0.073648537954647434555
-0.0736485379546474450306
0.071412731698890242721
0.00347299237986897169719
0.00347299237986897326289
0.0104189771396069052421
-0.00454620604658317470902
-0.011340808859081939826
-0.0103098262355290337695
-0.0103098262355290388724
-0.011340808859081933808
0.0163079319028002349859
0.0154647393532935512672
0.0163079319028002326207
0.0111849380586105138062
0.0111849380586105246969
-0.0351679628256379155711
0.0209933698354491901601
0.0216506350946109717491
0.0209933698354491915055
-0.064951905283832904206
-0.0649519052838329134446
0.0629801095063475696441
0.00306289138078522152585
0.00306289138078522290667
0.00918867414235565589115
-0.00400937686937240126181
-0.0103174603174603141164
-0.0119047619047619070875
-0.0119047619047619112559
-0.0103174603174603118373
0.0324616662202339125531
0.0428571428571428654695
0.0324616662202339218806
-0.0562711900297577198823
-0.0562711900297577428838
0.0492063492063492071599
-1.08388295200711713417e-24
2.25494130618414662624e-24
1.03765995809509763622e-24
1.42662753212633779391e-24
-1.95557283685980096356e-23
-7.81077545196845436609e-24
-3.23844462225725393705e-24
2.96517994489393732468e-24
1.23210604071855562788e-23
-3.91949790868591864078e-24
0.0304290309725092195471
-0.0972019739199673505746
0.0972019739199673541942
-0.0304290309725092264274
-0.0920710312064254222028
-4.56071067257492181359e-17
0.092071031206425467926
0.00513094271354193755041
-0.00513094271354193459994
-5.08806010540321244093e-19
-0.0920710312064254242619
-4.56070268141711569275e-17
0.092071031206425469985
-0.117369119465392755538
0.117369119465392755538
-9.27451409996277371666e-19
0.00513094271354192445261
-0.00513094271354192150215
-9.27444070209089103404e-19
-5.08804191722236329641e-19
0.0102868899974727841798
0.0287527316392647657673
-0.0287527316392647550603
-0.0102868899974727979757
0.0465228970617348640523
7.70899389421627370455e-18
-0.0465228970617348706394
0.0177701654224701032096
-0.0177701654224701031596
9.60188797732764530442e-20
-0.0306287779193110626157
-3.85449981240740800741e-17
0.0306287779193111008783
-0.0694365074829413687398
0.0694365074829413687398
-5.48685920882148732736e-19
-0.0593815095585758711891
0.0593815095585758753288
-5.48685831658930043867e-19
-9.38867542117310874275e-19
-0.0136082763487954408779
-0.00362250368720348254045
0.00362250368720348676716
0.0136082763487954360689
-0.00910139988759929655623
3.03433618849273826422e-24
0.00910139988759929622067
-0.00547889620039581495775
0.00547889620039581479644
-2.94507130604464934053e-21
0.0416136517332494322765
-2.0688956160440059359e-23
-0.041613651733249432612
0.0262445329583911996639
-0.0262445329583911996639
2.07388995418817989553e-19
-0.0561939478212445348342
0.0561939478212445362859
2.0737752932613052938e-19
-4.4876173676527880267e-19
0.0125988157669742251888
0.0352147606136881981463
-0.0352147606136881850331
-0.0125988157669742420852
-0.0217639189649503887957
-3.77662684490729507707e-17
0.0217639189649504265028
-0.0569786795786386024331
0.0569786795786386066683
-9.3861921381601161763e-19
0.0412301598699208024163
-4.24019811947445126547e-23
-0.0412301598699208013289
-0.0850420064270761355648
0.0850420064270761355648
-6.71991488004187200415e-19
0.00601539925623261217541
-0.0060153992562326112794
-6.72009211869164567949e-19
-9.36408850222045865628e-20
-0.020634920634920640849
-0.00443664281249958663142
0.00443664281249959290949
0.0206349206349206328315
0.0186150119270835479994
-7.08354841086198984306e-24
-0.0186150119270835470405
0.0230516547395831262264
-0.0230516547395831260006
7.34198976619284326922e-20
0.0363615831770818778989
-3.25435034516485944169e-23
-0.0363615831770818769399
-0.0750000000000000089214
0.0750000000000000089214
-5.92654973736018910226e-19
0.00530508348958479896678
-0.00530508348958479817656
-5.92645090757673574427e-19
-8.25886484210870233629e-20
-0.0206196524710580616205
-0.00512299384418970863118
0.00512299384418971499022
0.0206196524710580540824
0.0512299384418970480973
4.46376754325530384085e-24
-0.0512299384418970480973
-0.0512299384418970544563
0.0512299384418970560856
-4.50340442216814118825e-19
-3.06058162605280033398e-24
-3.79964221576960299104e-24
2.46509252966861627184e-25
2.9352627788738881262e-24
1.510656057863732822e-23
1.01455455031043330028e-23
8.87040266489894130204e-25
-4.17765795330733825487e-24
-7.65520545041395239626e-24
3.56202882550574227313e-24
0.0121987509118566428697
-0.0203312515197610771789
-0.0203312515197611315316
0.0121987509118566713283
0.0532279075125575448274
-0.109788758206709997152
0.0532279075125575418586
0.00776584704672578638035
0.0077658470467257861822
-0.00406625030395222051177
0.0532279075125575436165
-0.109788758206709997152
0.0532279075125575406477
1.22454393827817120594e-23
-8.73054569864637123217e-24
-3.4767202867900816692e-24
0.00776584704672579468028
0.00776584704672579448212
-4.65057827842687713858e-24
-0.00406625030395222334736
-0.0261272686053675055526
0.0230534722988536830913
0.0230534722988536625478
-0.0261272686053674947962
-0.00670608600412256648973
0.0138320833793122050947
-0.0067060860041225661157
-0.000978404762161991827752
-0.00097840476216199180278
0.000512299384418970356853
0.0469426020288579643602
-0.0968245836551854356626
0.0469426020288579617419
8.26731264054148083093e-24
-1.04262958275925660895e-23
-2.60917898378050388142e-24
0.0068488333351339501141
0.00684883333513394993934
-2.4427306276605872312e-24
-0.00358609569093279499874
-0.0301691711249971689025
0.0266198568749975090562
0.0266198568749974853347
-0.0301691711249971564821
0.0464611267162673463181
-0.0958314847499909996233
0.0464611267162673437267
0.00677858703372765299847
0.0067785870337276528255
-0.00354931424999966525179
-1.74999416077888257985e-24
3.00088125252991983378e-24
-2.38323625460796142962e-24
1.52727611120046103223e-24
3.00773556884822711636e-24
-3.95773697759638834401e-25
-4.38668322387754530149e-25
-3.74720229168562150734e-25
-1.43647105287838812706e-24
6.81203163743473303122e-25
-0.0314970394174355983096
0.0704295212273763706534
-0.0704295212273763706534
0.0314970394174355983096
-2.64771136397537062422e-24
3.77779235204357924243e-25
2.27970228140560816353e-24
6.90831209204520902414e-25
-7.44974138387904096298e-25
1.42481392587850510221e-26
1.11705411788874800013e-24
-2.05173205326504734718e-24
8.7931373711359172022e-25
-3.75835072976251734632e-24
3.77463431748684311892e-24
-2.98074306288770182411e-41
9.25314872434812027806e-25
-6.34652831555596986956e-25
-2.98974203605532789839e-41
-7.61257726112229868894e-26
