0.500000000000000025809
-1.54508497187473701774
4.04508497187473726087
5.99999999999999984471
2.27024302792729445871e-16
7.14450172091215680879e-16
4.04508497187473701688
1.30117046066170776229e-16
-1.5450849718747368007
0.499999999999999979545
5.99999999999999930551
4.04508497187473732627
-1.54508497187473723526
0.4999999999999999913
4.04508497187473724528
-8.01871342792495065657e-16
-9.44595208841122891788e-17
-1.54508497187473677398
-5.44338889025960293852e-17
0.499999999999999627531
-0.500000000000000216315
-2.49999999999999776632
-2.49999999999999747616
-0.499999999999999686367
-2.49999999999999753739
-13.4999999999999876727
-2.49999999999999923023
-2.49999999999999742277
-2.49999999999999834769
-0.499999999999999807496
0.500000000000000381043
-1.54508497187473760853
4.04508497187473931569
5.99999999999999931812
2.04727255959515191839e-16
5.93822384422912490614e-16
4.04508497187473835774
-9.27775345424135238022e-17
-1.54508497187473703916
0.499999999999999778129
-0.123606797749979002455
1.00000000000000014395
7.99999999999999990487
0.323606797749979039026
-0.190983005625052450775
2.70000000000000086449
1.61803398874989463111
-0.618033988749894698292
-1.30901699437494700631
0.599999999999999955461
0.323606797749978772676
7.99999999999999990226
1.00000000000000001482
-0.123606797749979043106
1.61803398874989468391
2.69999999999999945826
-0.19098300562505264387
-1.30901699437494724989
-0.618033988749895036353
0.599999999999999677259
-0.464295634824951311543
2.30901699437494570398
-0.381966011250105075169
-0.138196601125010646473
2.30901699437494548896
1.95373835392494123609
-1.89442719099991547681
-0.381966011250104742977
-1.89442719099991501643
-0.138196601125010741213
-0.361803398874989460859
1.19098300562505266846
-2.61803398874989515176
0.564295634824951963767
-0.10557280900008370517
0.746261646075056559885
-2.61803398874989552718
-0.105572809000083724571
1.19098300562505190106
-0.361803398874989289404
0.323606797749979083658
7.99999999999999989052
1.00000000000000003418
-0.123606797749978906155
1.61803398874989517692
2.70000000000000052935
-0.190983005625052671616
-1.30901699437494738115
-0.618033988749894333586
0.599999999999999958952
-0.123606797749978946805
0.99999999999999990505
7.99999999999999988791
0.323606797749978817307
-0.190983005625052864716
2.69999999999999912312
1.61803398874989522973
-0.618033988749894671646
-1.30901699437494762473
0.59999999999999968075
0.564295634824951548885
-2.61803398874989266818
1.19098300562505187902
-0.361803398874989320293
-2.6180339887498930436
0.746261646075056558397
-0.105572809000084988659
1.19098300562505111162
-0.105572809000085008061
-0.361803398874989148839
-0.138196601125010517276
-0.381966011250105025136
2.30901699437494787203
-0.464295634824951661827
-1.89442719099991623937
1.95373835392494423219
2.30901699437494765701
-1.89442719099991577899
-0.381966011250104692943
-0.138196601125010612017
6.0000000000000003264
4.04508497187473650146
-1.54508497187473653587
0.499999999999999859276
4.04508497187473769051
-3.49410411701578095535e-17
2.8004487868621709798e-16
-1.54508497187473718667
4.93456411011867145037e-16
0.499999999999999987351
0.499999999999999824767
-1.5450849718747367534
4.04508497187473656685
5.9999999999999997872
-4.14385852325250928974e-17
-1.55127501037286447379e-15
4.04508497187473791892
3.08900946894043305428e-16
-1.54508497187473715995
0.499999999999999635335
5.99999999999999970987
4.04508497187473466029
-1.54508497187473614429
0.500000000000000190806
4.04508497187473370234
6.44494594243183315759e-16
8.2084428634815874384e-16
-1.54508497187473557492
5.23341037019216019945e-16
0.49999999999999958789
-0.49999999999999981976
-2.50000000000000020932
-2.50000000000000084404
-0.500000000000000147567
-2.50000000000000121878
-13.5000000000000026099
-2.50000000000000061511
-2.50000000000000033624
-2.50000000000000015592
-0.499999999999999940894
0.599999999999999963884
-1.30901699437494714721
1.61803398874989472318
0.323606797749979042988
-0.618033988749894754032
2.70000000000000096692
7.99999999999999981013
-0.190983005625052386151
1.000000000000000154
-0.123606797749978992628
0.564295634824952199634
-2.61803398874989479287
1.19098300562505281609
-0.361803398874989495845
-2.61803398874989496172
0.746261646075056771732
-0.105572809000084098971
1.19098300562505176839
-0.105572809000084049522
-0.36180339887498922518
-0.13819660112501065452
-0.381966011250105019321
2.30901699437494531798
-0.464295634824951116072
-1.89442719099991433622
1.95373835392494217468
2.30901699437494569015
-1.89442719099991391251
-0.381966011250104585107
-0.138196601125010914382
-0.123606797749979037677
1.00000000000000040265
8.00000000000000109932
0.323606797749978969181
-0.190983005625052966849
2.70000000000000014848
1.61803398874989560587
-0.618033988749895261459
-1.30901699437494760009
0.599999999999999920276
-0.111111111111111127172
0.555555555555555645409
0.555555555555555722343
-0.111111111111111069762
0.55555555555555584832
9.00000000000000040585
0.555555555555555727164
0.555555555555555746907
0.555555555555555635447
-0.111111111111111153424
-1.30103600635793597221e-16
-0.833333333333332961872
-0.833333333333333160773
1.00759119604808521473e-16
0.106101669791695825439
-1.50000000000000032202
0.106101669791695913552
0.727231663541637281159
0.727231663541637381847
-0.499999999999999816852
2.80018212660161916227e-17
-0.833333333333332628295
-0.833333333333332367758
2.52484061896845963525e-17
0.106101669791695969514
-1.499999999999998495
0.106101669791696502252
0.727231663541636666333
0.727231663541637013765
-0.499999999999999805085
1.25805620479042251448e-16
-0.833333333333333348468
-0.833333333333333280163
-1.02786612399261799073e-16
0.106101669791695862825
-1.50000000000000045489
0.106101669791695706816
0.727231663541637331792
0.727231663541637451955
-0.499999999999999950733
0.323606797749978971821
1.61803398874989432959
-1.30901699437494646952
0.599999999999999645068
8.00000000000000045011
2.70000000000000000363
-0.618033988749894452457
1.00000000000000033929
-0.190983005625052426763
-0.123606797749979009691
-0.361803398874989031723
1.1909830056250514862
-2.61803398874989315615
0.564295634824951225856
-0.105572809000083982355
0.746261646075056510378
-2.61803398874989468553
-0.105572809000084189452
1.19098300562505205789
-0.361803398874989275151
0.323606797749978925331
7.99999999999999396814
0.99999999999999862072
-0.123606797749978972006
1.61803398874989237013
2.69999999999999476502
-0.190983005625052356572
-1.30901699437494578883
-0.618033988749893909055
0.599999999999999096781
-0.464295634824951310678
2.30901699437494669224
-0.381966011250105013023
-0.138196601125010125956
2.30901699437494729276
1.95373835392494337388
-1.89442719099991462943
-0.381966011250104912254
-1.89442719099991522941
-0.138196601125010749167
0.599999999999999796631
-0.618033988749894376206
-0.190983005625052730798
-0.123606797749978917006
-1.30901699437494720261
2.70000000000000067204
1.00000000000000014114
1.61803398874989537343
7.9999999999999996752
0.323606797749978949238
-0.464295634824951656995
2.30901699437494723346
-0.381966011250104940508
-0.138196601125010453894
2.3090169943749471279
1.95373835392494453236
-1.89442719099991646403
-0.381966011250104340287
-1.89442719099991628054
-0.138196601125010825261
-0.361803398874989271534
1.19098300562505163923
-2.61803398874989343791
0.564295634824951316995
-0.105572809000084229967
0.746261646075055814488
-2.61803398874989391275
-0.105572809000084096649
1.1909830056250519937
-0.361803398874989549365
0.323606797749978958533
8.00000000000000122787
1.00000000000000039403
-0.123606797749979022861
1.61803398874989556127
2.70000000000000016651
-0.190983005625052957851
-1.30901699437494808422
-0.6180339887498950685
0.600000000000000095916
-0.123606797749979002863
-0.190983005625052532159
-0.618033988749894331589
0.599999999999999614661
1.00000000000000043621
2.69999999999999962289
-1.30901699437494648035
8.00000000000000040751
1.61803398874989471612
0.323606797749978930679
-0.138196601125010069636
-0.381966011250105041927
2.30901699437494657617
-0.464295634824951397295
-1.8944271909999144655
1.95373835392494167719
2.3090169943749478979
-1.89442719099991540679
-0.381966011250104943815
-0.138196601125010894057
-0.123606797749978854538
0.999999999999998726225
7.99999999999999429938
0.323606797749979397448
-0.190983005625052371711
2.69999999999999511223
1.61803398874989211027
-0.618033988749893818115
-1.30901699437494632634
0.599999999999999362155
0.564295634824951474284
-2.61803398874989410851
1.19098300562505127237
-0.361803398874988962218
-2.61803398874989473374
0.746261646075055217484
-0.10557280900008361614
1.19098300562505244074
-0.105572809000083689156
-0.361803398874989617989
0.499999999999999651818
4.96169186281220203367e-16
1.85862017934942572534e-16
0.499999999999999826151
-1.54508497187473656591
5.5109019419737832314e-17
-1.54508497187473632883
4.04508497187473788852
4.04508497187473621453
5.99999999999999995759
-0.499999999999999705893
-2.49999999999999969706
-2.49999999999999993559
-0.499999999999999552149
-2.49999999999999925055
-13.4999999999999983898
-2.50000000000000100337
-2.49999999999999974099
-2.50000000000000086546
-0.500000000000000064384
0.500000000000000056832
-1.54508497187473684865
4.04508497187473671461
5.99999999999999902612
1.43233629792220808295e-16
-1.69700120743955792148e-15
4.04508497187473642547
9.24954967534136750522e-17
-1.54508497187473731305
0.499999999999999966275
5.9999999999999990397
4.04508497187473666546
-1.54508497187473684864
0.500000000000000092389
4.04508497187473642547
-1.69700576535716113819e-15
1.43236601845434050596e-16
-1.54508497187473731305
9.24901190846839143686e-17
0.499999999999999966276
-0.361803398874989450607
1.19098300562505234082
-2.61803398874989493103
0.564295634824952564706
-0.105572809000084063777
0.746261646075055733791
-2.6180339887498947621
-0.10557280900008396838
1.19098300562505218438
-0.361803398874989412038
0.323606797749978867077
1.61803398874989500291
-1.3090169943749475413
0.599999999999999999217
7.99999999999999985209
2.70000000000000012788
-0.618033988749894789939
1.00000000000000039666
-0.190983005625052757388
-0.123606797749979064982
-0.138196601125010692717
-1.89442719099991503051
-1.89442719099991438864
-0.138196601125010822417
-0.381966011250105690195
1.95373835392494075534
-0.381966011250104687175
2.30901699437494507391
2.30901699437494585811
-0.464295634824951045277
0.600000000000000154273
-1.30901699437494778341
1.61803398874989577332
0.323606797749978823643
-0.618033988749894780953
2.70000000000000088377
8.00000000000000039916
-0.190983005625052767133
1.00000000000000034462
-0.123606797749979017495
4.58013659156686336072e-17
-0.833333333333333347544
-0.833333333333333148642
-1.85060971331217795554e-16
0.106101669791695950914
-1.50000000000000051891
0.106101669791695862803
0.727231663541637418788
0.727231663541637318099
-0.499999999999999971479
-0.111111111111111159298
0.555555555555555498042
0.555555555555555421105
-0.111111111111111216708
0.555555555555555566691
9.00000000000000002629
0.55555555555555568784
0.555555555555555674763
0.555555555555555786221
-0.111111111111111184097
9.45182249372421116168e-18
0.106101669791696159237
0.727231663541636735044
-0.499999999999999728476
-0.83333333333333242684
-1.49999999999999846996
0.727231663541637043114
-0.833333333333332467152
0.106101669791696285839
-7.48443237403720661305e-17
-0.499999999999999874123
0.727231663541637520662
0.106101669791695896544
-1.21336365361122907075e-16
0.727231663541637361138
-1.50000000000000042983
-0.8333333333333330787
0.106101669791695646413
-0.833333333333333447859
2.57126105722371481028e-17
0.564295634824951590927
-2.6180339887498932943
1.19098300562505101092
-0.361803398874988986484
-2.6180339887498944859
0.746261646075055472442
-0.105572809000083947182
1.19098300562505247388
-0.105572809000084108311
-0.361803398874989462006
0.599999999999999680401
-1.30901699437494686361
1.61803398874989460932
0.32360679774997879591
-0.618033988749894488363
2.69999999999999916458
8.00000000000000049206
-0.190983005625052798007
1.00000000000000058195
-0.12360679774997908204
0.323606797749978779794
1.61803398874989253757
-1.30901699437494597215
0.599999999999999330782
7.99999999999999326798
2.6999999999999955003
-0.618033988749893428554
0.999999999999998562689
-0.190983005625052156855
-0.123606797749978951822
-0.138196601125010657201
-1.89442719099991570554
-1.89442719099991532373
-0.138196601125010164152
-0.381966011250105014325
1.9537383539249419545
-0.381966011250105683908
2.30901699437494746072
2.30901699437494644817
-0.464295634824951239882
-0.499999999999999943989
0.727231663541637369109
0.10610166979169587761
-1.84141347459711136088e-16
0.727231663541637501089
-1.50000000000000063294
-0.833333333333333163722
0.106101669791695835428
-0.833333333333333263657
2.99816124233894627496e-17
-1.15858118995141546309e-16
0.106101669791695896115
0.727231663541637449595
-0.50000000000000002833
-0.833333333333333028811
-1.50000000000000034757
0.727231663541637605664
-0.833333333333333419098
0.106101669791695958318
-2.34626499554950307279e-17
-0.499999999999999966742
0.727231663541637257306
0.106101669791695813342
-1.4398072221110942433e-17
0.72723166354163720206
-1.49999999999999952512
-0.83333333333333318891
0.106101669791695780312
-0.833333333333333050509
4.98472452802429760612e-17
-0.111111111111111210456
0.555555555555555661132
0.555555555555555553955
-0.111111111111111102167
0.555555555555556036808
9.00000000000000143494
0.555555555555555685894
0.555555555555555794557
0.555555555555555806625
-0.111111111111111234691
2.49467965364182874648e-17
0.106101669791695811703
0.727231663541636915082
-0.499999999999999557114
-0.833333333333333556449
-1.49999999999999959107
0.727231663541636929829
-0.833333333333333327543
0.106101669791695794805
4.69490661411303214971e-17
-0.499999999999999641455
0.727231663541636995569
0.106101669791695830205
9.32305966681375789172e-17
0.727231663541637034407
-1.4999999999999993057
-0.833333333333333421542
0.106101669791695917698
-0.833333333333333482981
-6.49550858426421815976e-18
-0.111111111111111005149
0.555555555555554362762
0.555555555555554671054
-0.111111111111111207197
0.555555555555554494701
8.99999999999999261342
0.555555555555554974796
0.555555555555554816553
0.555555555555554732549
-0.111111111111111231433
1.33407513844887397837e-17
0.10610166979169578844
0.727231663541637103616
-0.499999999999999684754
-0.833333333333333433673
-1.50000000000000010532
0.727231663541637048372
-0.833333333333333295271
0.106101669791695755413
7.75852697679634124873e-17
-0.361803398874989267017
-0.105572809000084388126
-0.105572809000084165909
-0.361803398874989165428
1.19098300562505233432
0.746261646075056704216
1.19098300562505153003
-2.61803398874989488726
-2.61803398874989354079
0.564295634824951257646
-0.13819660112501023269
-1.89442719099991494381
-1.89442719099991534046
-0.138196601125010543629
-0.381966011250104819868
1.95373835392494296743
-0.38196601125010484166
2.30901699437494591755
2.30901699437494718306
-0.464295634824951007333
0.59999999999999958016
-1.30901699437494647665
1.61803398874989290266
0.323606797749978833792
-0.618033988749894139016
2.69999999999999768656
7.99999999999999801988
-0.190983005625052554819
1.00000000000000013905
-0.123606797749979159231
0.323606797749978762003
1.6180339887498941729
-1.3090169943749471455
0.599999999999999921461
7.99999999999999905897
2.70000000000000009102
-0.618033988749894581681
1.00000000000000030351
-0.190983005625052626672
-0.123606797749979116194
-0.138196601125010624107
-0.381966011250104169284
2.30901699437494631451
-0.464295634824951517623
-1.89442719099991605736
1.95373835392494598039
2.30901699437494621386
-1.8944271909999156591
-0.381966011250104121985
-0.138196601125010544407
-0.123606797749978993103
-0.190983005625052559936
-0.61803398874989478206
0.599999999999999958206
1.00000000000000031328
2.70000000000000012177
-1.30901699437494764407
7.99999999999999826657
1.61803398874989490756
0.323606797749979412673
-0.36180339887498956863
-0.105572809000084854348
-0.105572809000084759566
-0.361803398874989177899
1.19098300562505191146
0.746261646075057763432
1.19098300562505164047
-2.61803398874989163846
-2.61803398874989269075
0.564295634824950638258
0.599999999999999840138
-0.61803398874989494317
-0.190983005625052511676
-0.123606797749978971371
-1.30901699437494741715
2.70000000000000040972
1.00000000000000025292
1.61803398874989524849
7.99999999999999857156
0.323606797749979116193
-0.464295634824951257922
2.30901699437494565722
-0.381966011250104270709
-0.138196601125010239848
2.30901699437494698385
1.95373835392494312521
-1.89442719099991405884
-0.381966011250104725508
-1.89442719099991478534
-0.138196601125010613204
0.599999999999999776235
-0.618033988749894737442
-0.190983005625052361298
-0.12360679774997907896
-1.30901699437494692181
2.69999999999999907261
1.00000000000000060834
1.61803398874989425024
7.99999999999999899886
0.323606797749979394113
-0.123606797749978803048
-0.190983005625051925532
-0.618033988749893692782
0.599999999999999106377
0.999999999999998585118
2.69999999999999535545
-1.30901699437494565927
7.99999999999999164305
1.61803398874989179747
0.323606797749979555107
-0.361803398874989246522
-0.105572809000084352068
-0.105572809000084240524
-0.361803398874989259314
1.19098300562505208751
0.746261646075057166428
1.1909830056250515446
-2.61803398874989351175
-2.61803398874989230905
0.564295634824950795546
-0.138196601125010637732
-1.89442719099991540725
-1.8944271909999150106
-0.138196601125010326792
-0.381966011250104928243
1.95373835392494158801
-0.381966011250104906457
2.30901699437494748771
2.30901699437494622219
-0.46429563482495142212
-0.361803398874989272149
-0.105572809000084057822
-0.105572809000084280038
-0.361803398874989373738
1.19098300562505150651
0.746261646075056356416
1.1909830056250523108
-2.61803398874989245774
-2.61803398874989380422
0.564295634824951274099
0.599999999999999615963
-0.618033988749894343446
-0.190983005625052383149
-0.123606797749979016891
-1.30901699437494670086
2.69999999999999672834
1.00000000000000002565
1.61803398874989389458
7.99999999999999762831
0.32360679774997931003
-0.123606797749978973854
-0.190983005625052455005
-0.618033988749894786118
0.599999999999999957266
1.00000000000000019011
2.6999999999999991328
-1.30901699437494736971
7.99999999999999866741
1.61803398874989516482
0.32360679774997923824
-0.499999999999999795063
-2.50000000000000007908
-2.49999999999999984055
-0.499999999999999948807
-2.50000000000000161505
-13.5000000000000002532
-2.49999999999999986222
-2.50000000000000114333
-2.50000000000000001886
-0.499999999999999694935
0.50000000000000021057
-2.20978234203843662247e-16
8.93374808914705829708e-17
0.500000000000000036234
-1.54508497187473767767
-1.86829257152302717316e-15
-1.54508497187473791473
4.04508497187473656486
4.04508497187473823884
6.0000000000000013454
0.50000000000000024613
-2.43618066172533867579e-16
-6.58222073977077698763e-17
0.499999999999999758679
-1.54508497187473788345
-1.54827584125447453871e-15
-1.54508497187473721698
4.0450849718747369383
4.04508497187473812657
6.00000000000000069201
0.499999999999999758679
-6.58222685332990432412e-17
-2.43616721412108581712e-16
0.500000000000000281689
-1.54508497187473721698
-1.54825836317560402443e-15
-1.54508497187473788344
4.04508497187473812657
4.04508497187473688917
6.00000000000000070559
