0.00661375661375661348609
-0.00650497747106441968851
0.00187534784143478986324
0.000176366843033510276232
-0.00650497747106442025712
0.00595238095238095407656
0.00132275132275132177591
0.00187534784143479049395
0.00132275132275132199945
0.000176366843033509924083
-0.00650497747106442228327
0.0059523809523809546267
0.00132275132275132153358
0.00595238095238095573587
0.0142857142857142874698
0.00132275132275132229982
0.00187534784143479128507
0.00132275132275132336158
0.00132275132275132329385
0.000176366843033509900273
-0.00650497747106441968851
0.0264550264550264481781
-0.0066137566137566073326
0.00187534784143478856783
0.0129058685322964786477
-5.67830223145019176214e-18
-0.00551146384479717509665
-0.00551146384479717704823
-0.00188294084270212682938
0.00132275132275132239415
0.0129058685322964801296
-3.70832311518944039666e-18
-0.00551146384479717445857
-0.00227360720982206064838
-0.0155835356473208041498
1.73853333646633041043e-19
-0.00551146384479717530984
-0.00188294084270212714362
3.57184080144905351438e-19
0.00132275132275132121952
0.00187534784143478986324
-0.0066137566137566073326
0.0264550264550264446207
-0.00650497747106441678949
-0.00551146384479717728825
1.42361353715257453075e-18
0.0129058685322964767951
-0.00188294084270212516223
-0.00551146384479717701415
0.00132275132275132290099
-0.00551146384479717665017
3.39361068395786981106e-18
0.0129058685322964782769
-0.0155835356473207941591
-0.00227360720982205131853
5.74096422092782066833e-19
-0.00188294084270212547647
-0.00551146384479717527577
7.57428659448862404288e-19
0.00132275132275132172636
0.000176366843033510276232
0.00187534784143478856783
-0.00650497747106441678949
0.00661375661375661182381
0.00132275132275132228691
0.00595238095238094886068
-0.00650497747106441913476
0.00132275132275132181001
0.00187534784143479025146
0.000176366843033509417981
0.00132275132275132204457
0.0059523809523809494108
-0.00650497747106442116091
0.0142857142857142810379
0.00595238095238094959844
0.00132275132275132286508
0.00132275132275132317215
0.00187534784143479104259
0.00132275132275132385912
0.000176366843033509394171
-0.00650497747106442025712
0.0129058685322964786477
-0.00551146384479717728825
0.00132275132275132228691
0.0264550264550264477214
-2.98024160291832611342e-18
-0.00188294084270212681519
-0.00661375661375660903529
-0.00551146384479717541195
0.00187534784143478917122
0.0129058685322964797881
-0.00227360720982205878047
4.02066339638614928066e-19
-5.03754131169970931219e-18
-0.0155835356473208032072
-0.00551146384479717562137
-0.00551146384479717530751
1.70585628516937809623e-20
-0.00188294084270212640001
0.00132275132275132133629
0.00595238095238095407656
-5.67830223145019176214e-18
1.42361353715257453075e-18
0.00595238095238094886068
-2.98024160291832611342e-18
0.128571428571428559039
9.24861265009228430863e-19
2.07655462737260665135e-18
-4.89216496305501834295e-19
0.00595238095238094921998
-0.00227360720982205687914
0.0642857142857142796554
-0.00227360720982205331051
0.0642857142857142798774
0.0642857142857142821633
-0.00227360720982205594823
-0.0155835356473207962405
-0.0155835356473208015288
-0.0155835356473207998818
0.0142857142857142802425
0.00132275132275132177591
-0.00551146384479717509665
0.0129058685322964767951
-0.00650497747106441913476
-0.00188294084270212681519
9.24861265009228430863e-19
0.0264550264550264629901
-0.00551146384479717561694
-0.00661375661375661189094
0.00187534784143479050659
4.02064898281156629299e-19
-0.00227360720982205521182
0.0129058685322964867196
-0.0155835356473208009808
5.85152918677003096499e-18
-0.00551146384479717876356
3.5887324724853077779e-19
-0.00551146384479717958795
-0.00188294084270212888196
0.00132275132275132314837
0.00187534784143479049395
-0.00551146384479717704823
-0.00188294084270212516223
0.00132275132275132181001
-0.00661375661375660903529
2.07655462737260665135e-18
-0.00551146384479717561694
0.0264550264550264449039
0.0129058685322964793546
-0.0065049774710644175649
-0.0055114638447971762746
-0.0155835356473207947748
2.39765172383590832452e-19
2.75954700526907268379e-18
-0.00227360720982205113355
0.0129058685322964782659
-0.00188294084270212639321
6.13710769415492906672e-20
-0.00551146384479717754774
0.00132275132275132328434
0.00132275132275132199945
-0.00188294084270212682938
-0.00551146384479717701415
0.00187534784143479025146
-0.00551146384479717541195
-4.89216496305501834295e-19
-0.00661375661375661189094
0.0129058685322964793546
0.0264550264550264645071
-0.00650497747106442102549
-1.02049900929467500565e-19
-0.0155835356473208000632
-0.00551146384479718055503
-0.00227360720982205248446
4.65353439408572864828e-18
0.0129058685322964863768
6.13704532801442670546e-20
-0.00188294084270212896828
-0.00551146384479718095238
0.00132275132275132425477
0.000176366843033509924083
0.00132275132275132239415
0.00132275132275132290099
0.000176366843033509417981
0.00187534784143478917122
0.00595238095238094921998
0.00187534784143479050659
-0.0065049774710644175649
-0.00650497747106442102549
0.0066137566137566126803
0.00132275132275132208934
0.01428571428571428094
0.00132275132275132390142
0.00595238095238094914733
0.00595238095238095008016
-0.00650497747106441936566
0.00132275132275132229533
0.00132275132275132326577
0.00187534784143479079649
0.000176366843033509302933
-0.00650497747106442228327
0.0129058685322964801296
-0.00551146384479717665017
0.00132275132275132204457
0.0129058685322964797881
-0.00227360720982205687914
4.02064898281156629299e-19
-0.0055114638447971762746
-1.02049900929467500565e-19
0.00132275132275132208934
0.0264550264550264505376
-3.26353723023080856161e-18
-0.00188294084270212504563
-5.7594322381929908016e-18
-0.0155835356473208041323
-0.00188294084270212626844
-0.00661375661375661028571
-0.0055114638447971773281
-0.00551146384479717712182
0.00187534784143478873096
0.0059523809523809546267
-3.70832311518944039666e-18
3.39361068395786981106e-18
0.0059523809523809494108
-0.00227360720982205878047
0.0642857142857142796554
-0.00227360720982205521182
-0.0155835356473207947748
-0.0155835356473208000632
0.01428571428571428094
-3.26353723023080856161e-18
0.128571428571428555126
6.41590602212424087489e-19
0.0642857142857142761533
0.0642857142857142784393
-0.0155835356473207997518
2.39892031785346294738e-18
-1.66834429048583843628e-19
-0.00227360720982205313401
0.00595238095238094961578
0.00132275132275132153358
-0.00551146384479717445857
0.0129058685322964782769
-0.00650497747106442116091
4.02066339638614928066e-19
-0.00227360720982205331051
0.0129058685322964867196
2.39765172383590832452e-19
-0.00551146384479718055503
0.00132275132275132390142
-0.00188294084270212504563
6.41590602212424087489e-19
0.0264550264550264658062
-0.0155835356473208019059
5.1296370130497278691e-18
-0.00188294084270212875039
-0.00551146384479717753309
-0.00661375661375661314135
-0.00551146384479718026399
0.00187534784143479006633
0.00595238095238095573587
-0.00227360720982206064838
-0.0155835356473207941591
0.0142857142857142810379
-5.03754131169970931219e-18
0.0642857142857142798774
-0.0155835356473208009808
2.75954700526907268379e-18
-0.00227360720982205248446
0.00595238095238094914733
-5.7594322381929908016e-18
0.0642857142857142761533
-0.0155835356473208019059
0.128571428571428553074
0.0642857142857142824985
1.50546958599328141e-18
3.23997923926294180358e-18
-0.0022736072098220551451
2.12857157382924838144e-18
0.00595238095238094958413
0.0142857142857142874698
-0.0155835356473208041498
-0.00227360720982205131853
0.00595238095238094959844
-0.0155835356473208032072
0.0642857142857142821633
5.85152918677003096499e-18
-0.00227360720982205113355
4.65353439408572864828e-18
0.00595238095238095008016
-0.0155835356473208041323
0.0642857142857142784393
5.1296370130497278691e-18
0.0642857142857142824985
0.128571428571428617309
4.40517303804463146638e-18
-0.00227360720982205379421
5.1339758257989601923e-18
5.02827480839007733925e-18
0.00595238095238095051697
0.00132275132275132229982
1.73853333646633041043e-19
5.74096422092782066833e-19
0.00132275132275132286508
-0.00551146384479717562137
-0.00227360720982205594823
-0.00551146384479717876356
0.0129058685322964782659
0.0129058685322964863768
-0.00650497747106441936566
-0.00188294084270212626844
-0.0155835356473207997518
-0.00188294084270212875039
1.50546958599328141e-18
4.40517303804463146638e-18
0.0264550264550264615136
-0.00551146384479717543123
-0.00551146384479717883587
-0.00661375661375661270376
0.00187534784143479050095
0.00187534784143479128507
-0.00551146384479717530984
-0.00188294084270212547647
0.00132275132275132317215
-0.00551146384479717530751
-0.0155835356473207962405
3.5887324724853077779e-19
-0.00188294084270212639321
6.13704532801442670546e-20
0.00132275132275132229533
-0.00661375661375661028571
2.39892031785346294738e-18
-0.00551146384479717753309
3.23997923926294180358e-18
-0.00227360720982205379421
-0.00551146384479717543123
0.0264550264550264459383
0.0129058685322964770977
0.0129058685322964775341
-0.00650497747106441461508
0.00132275132275132336158
-0.00188294084270212714362
-0.00551146384479717527577
0.00187534784143479104259
1.70585628516937809623e-20
-0.0155835356473208015288
-0.00551146384479717958795
6.13710769415492906672e-20
-0.00188294084270212896828
0.00132275132275132326577
-0.0055114638447971773281
-1.66834429048583843628e-19
-0.00661375661375661314135
-0.0022736072098220551451
5.1339758257989601923e-18
-0.00551146384479717883587
0.0129058685322964770977
0.0264550264550264655416
0.012905868532296485645
-0.00650497747106441807566
0.00132275132275132329385
3.57184080144905351438e-19
7.57428659448862404288e-19
0.00132275132275132385912
-0.00188294084270212640001
-0.0155835356473207998818
-0.00188294084270212888196
-0.00551146384479717754774
-0.00551146384479718095238
0.00187534784143479079649
-0.00551146384479717712182
-0.00227360720982205313401
-0.00551146384479718026399
2.12857157382924838144e-18
5.02827480839007733925e-18
-0.00661375661375661270376
0.0129058685322964775341
0.012905868532296485645
0.0264550264550264632601
-0.00650497747106441973794
0.000176366843033509900273
0.00132275132275132121952
0.00132275132275132172636
0.000176366843033509394171
0.00132275132275132133629
0.0142857142857142802425
0.00132275132275132314837
0.00132275132275132328434
0.00132275132275132425477
0.000176366843033509302933
0.00187534784143478873096
0.00595238095238094961578
0.00187534784143479006633
0.00595238095238094958413
0.00595238095238095051697
0.00187534784143479050095
-0.00650497747106441461508
-0.00650497747106441807566
-0.00650497747106441973794
0.00661375661375661122576
