-1.0
-1.0
-1.0
-0.447213595499957951695
-1.0
-1.0
0.447213595499957951694
-1.0
-1.0
1.0
-1.0
-1.0
-1.0
-0.447213595499957951695
-1.0
-0.333333333333333379823
-0.333333333333333379823
-1.0
0.447213595499957812225
-0.447213595499957923247
-1.0
-1.0
0.447213595499957951695
-1.0
-0.447213595499958062717
0.447213595499957951695
-1.0
-1.0
1.0
-1.0
-1.0
-1.0
-0.447213595499958091164
-0.333333333333333379823
-1.0
-0.333333333333333379823
0.447213595499957951694
-1.0
-0.447213595499958062717
-1.0
-0.333333333333333379823
-0.333333333333333379823
-0.333333333333333370341
-0.333333333333333370341
-0.333333333333333370341
-1.0
0.447213595499957850155
-0.447213595499957913765
-1.0
-1.0
0.447213595499957812225
-0.447213595499957923247
-1.0
0.447213595499957812225
-1.0
-0.447213595499958053234
0.447213595499957989624
-1.0
-1.0
1.0
