0.866025403784438646764
-1.11803398874989486889
1.32287565553229538398
-1.50000000000000013651
-1.581138830084189666
1.87082869338697067202
-2.12132034355964253329
2.2912878474779199503
-2.59807621135331585959
-2.99999999999999991847
-2.7386127875258306433
3.24037034920393016944
-3.67423461417476718015
3.96862696659688610605
-4.50000000000000021411
-5.19615242270663194404
5.12347538297979951157
-5.8094750193111256445
-6.70820393249936950815
-7.93725393319377331974
0.866025403784438646764
-1.11803398874989486889
1.32287565553229538398
-1.50000000000000013651
-1.581138830084189666
1.87082869338697067202
-2.12132034355964253329
2.2912878474779199503
-2.59807621135331585959
-2.99999999999999991847
-1.22474487139158911709
1.44913767461894392173
-1.64316767251549840067
1.77482393492988496055
-2.01246117974981087838
-2.32379000772445022398
-1.02469507659595964634
1.16189500386222483866
1.34164078649987356649
3.54964786985976992384
0.866025403784438646764
-1.11803398874989486889
1.32287565553229538398
-1.50000000000000013651
-1.581138830084189666
1.87082869338697067202
-2.12132034355964253329
2.2912878474779199503
-2.59807621135331585959
-2.99999999999999991847
1.22474487139158911709
-1.44913767461894392173
1.64316767251549840067
-1.77482393492988496055
2.01246117974981087838
2.32379000772445022399
-1.02469507659595964634
1.16189500386222483866
1.34164078649987356649
-3.54964786985976992384
0.866025403784438646764
-1.11803398874989486889
1.32287565553229538398
-1.50000000000000013651
-1.581138830084189666
1.87082869338697067202
-2.12132034355964253329
2.2912878474779199503
-2.59807621135331585959
-2.99999999999999991847
2.7386127875258306433
-3.24037034920393016945
3.67423461417476718015
-3.96862696659688610606
4.50000000000000021411
5.19615242270663194404
5.12347538297979951158
-5.8094750193111256445
-6.70820393249936950816
7.93725393319377331976
0.866025403784438646764
-1.11803398874989486889
1.32287565553229538398
-1.50000000000000013651
-0.27009075673772648304
0.319575693107628006856
-0.362364775295949445478
-1.02469507659595967502
1.16189500386222487117
1.34164078649987381778
-1.98167882945870988019
2.34475401191143704558
-2.65870114334513279041
-1.09690151583350051768
1.24376941012509460542
2.67883352781779395885
2.68268653863289997268
-3.0418806114699957865
3.28328157299974774446
-3.0073099345826628685
0.866025403784438646764
-1.11803398874989486889
1.32287565553229538398
-1.50000000000000013651
-1.1026013818937920116e-16
1.30461554884791237736e-16
-1.47929498519983481746e-16
-1.27293769304328867838
1.44337567297406415906
0.888888888888889064477
-1.90976451355477865945e-16
2.25966384582449970957e-16
-2.56221796399518212509e-16
-1.84500780416170001811e-16
2.09204220719366536446e-16
2.41568226295864357654e-16
-1.13855008510662209828
1.29099444873580568131
-1.98761597999981291814
3.69001560832340111039e-16
0.866025403784438646764
-1.11803398874989486889
1.32287565553229538398
-1.50000000000000013651
-0.270090756737726415572
0.319575693107627927026
-0.362364775295949354959
-1.02469507659595975559
1.16189500386222496253
1.34164078649987373866
1.98167882945870953719
-2.34475401191143663974
2.65870114334513233023
1.09690151583350053205
-1.24376941012509462172
-2.67883352781779351612
2.68268653863289863241
-3.04188061146999426677
3.28328157299974645385
3.00730993458265992271
0.866025403784438646764
-1.11803398874989486889
1.32287565553229538398
-1.50000000000000013651
1.85122958682191614904
-2.19040438649459867888
2.48368511885559197877
1.02469507659595994
-1.16189500386222517164
-1.34164078649987392186
-0.756933958067120763105
0.895616337292493123859
-1.01553347082963438974
-2.87172545076338547823
3.2562305898749054838
-4.75729449690044724009
0.391398691154979762701
-0.44380440011667963245
2.08328157299974769449
-0.167591638694846525485
0.866025403784438646764
-1.11803398874989486889
1.32287565553229538398
-1.50000000000000013651
1.85122958682191614904
-2.19040438649459867888
2.48368511885559197877
1.02469507659595994
-1.16189500386222517163
-1.34164078649987392186
0.756933958067120459058
-0.895616337292492764106
1.01553347082963398182
2.87172545076338432471
-3.25623058987490417583
4.75729449690044532917
0.391398691154979291047
-0.443804400116679097645
2.08328157299974518404
0.167591638694846121574
0.866025403784438646764
-1.11803398874989486889
1.32287565553229538398
-1.50000000000000013651
3.162277660168379332
-3.74165738677394134404
4.24264068711928506659
6.87386354243375969191
-7.79422863405994739851
11.9999999999999997242
5.79923815201579832215e-22
-6.86175111770412838479e-22
7.78049443537055031461e-22
3.36155779606945418268e-21
-3.81164826264435170717e-21
1.10032807524694297122e-20
2.29744581957619106094e-43
-2.6050586953901015562e-43
1.80483760684590054245e-42
7.53687324379398943666e-65
0.866025403784438646764
0.11803398874989451077
-0.817582118008756189932
0.517082039324994137747
-1.14412280563536871527
-0.891250072103841177776
1.12131141373636066742
1.19973389254135614422
1.647606606835324958
-1.13665631459994985412
-1.98167882945871007117
-1.54369040713327827149
1.94216833969826303541
2.07800005744400872363
2.85373835392494252132
-1.96874648763110707245
2.68268653863290048975
3.68416037306155657209
-2.54164078649987477679
-3.00730993458266373796
0.866025403784438646764
0.372677996249964852343
-0.88191710368819686911
0.111111111111111302835
-1.05409255338945981409
-1.24721912892464698422
0.785674201318386290677
1.01835015443463116004
1.92450089729875240807
-0.888888888888888957711
-1.90976451355477865945e-16
-2.25966384582449939442e-16
1.42345442444176810063e-16
1.84500780416170040409e-16
3.48673701198944261451e-16
-1.61045484197242905103e-16
-1.13855008510662209828
-2.15165741455967589544
0.993807989999906615004
3.69001560832340111039e-16
0.866025403784438646764
0.11803398874989457438
-0.817582118008756222074
0.517082039324994052587
-1.14412280563536869278
-0.891250072103841275788
1.12131141373636061311
1.19973389254135609705
1.64760660683532504802
-1.13665631459994978709
1.98167882945870972817
1.5436904071332782044
-1.94216833969826264335
-2.07800005744400832311
-2.8537383539249422394
1.96874648763110665429
2.68268653863289914948
3.68416037306155507762
-2.54164078649987345703
3.00730993458266079217
0.866025403784438646764
0.372677996249964852343
-0.88191710368819686911
0.111111111111111302835
0.527046276694729741653
0.623609564462323296417
-0.392837100659193022064
-0.509175077217315639431
-0.962250448649376316314
-0.333333333333333229072
-0.912870929175277008417
-1.08012344973464338982
0.680413817439771916031
-1.32287565553229536869
-2.49999999999999984001
-0.192450089729875020347
0.569275042553311215635
1.07582870727983826237
1.24225998749988345016
-0.29397236789606580151
0.866025403784438646764
0.372677996249964873546
-0.88191710368819686911
0.111111111111111264905
0.527046276694729771639
0.623609564462323349637
-0.392837100659193028769
-0.509175077217315610462
-0.962250448649376283466
-0.333333333333333257519
0.912870929175276678401
1.08012344973464303006
-0.680413817439771642953
1.32287565553229492808
2.49999999999999906424
0.192450089729875021944
0.569275042553310614426
1.07582870727983715068
1.24225998749988216649
0.293972367896065188947
0.866025403784438646764
0.118033988749894907447
-0.81758211800875639037
0.517082039324993606682
2.28824561127073699919
1.78250014420768346045
-2.24262282747272050961
3.59920167762406683424
4.94281982050597557482
4.54662525839979626475
-8.71017056573786673588e-17
-6.78505848018615555641e-17
8.5365081640239937097e-17
-3.65341440134258059967e-16
-5.01727069859524523898e-16
-8.65332840672685215945e-16
5.18270762804812785094e-33
7.11746444970386254346e-33
2.94613199915571974371e-32
-2.55363227358107201819e-49
0.866025403784438646764
2.11803398874989460329
2.14045777354105072026
0.382917960675004903668
-0.437016024448821171246
-1.72791009863791743982
-3.24263175729600244836
0.175038815945396158243
0.950469604517990757014
-0.0633436854000505148185
-0.756933958067120954082
-2.99282808175222340588
-5.61640295387302891244
0.303176122514123515539
1.64626164607505744237
-0.109714481451546400666
0.391398691154979960203
2.12531464624956874911
-0.141640786499873924358
-0.167591638694846652337
0.866025403784438646764
2.11803398874989460329
2.14045777354105072026
0.382917960675004903666
-0.437016024448821171246
-1.72791009863791743982
-3.24263175729600244836
0.175038815945396158243
0.950469604517990757014
-0.0633436854000505148185
0.756933958067120650035
2.99282808175222220371
5.61640295387302665642
-0.303176122514123393758
-1.64626164607505678109
0.109714481451546356596
0.391398691154979488549
2.12531464624956618801
-0.141640786499873753675
0.167591638694846248425
0.866025403784438646764
2.11803398874989499996
2.14045777354105209408
0.382917960675006871666
0.874032048897641911136
3.45582019727583372448
6.48526351459200445469
0.525116447836187883841
2.851408813553969485
0.253374741600201597727
-8.71017992877672435339e-17
-3.44390297332201146327e-16
-6.4628994061340849914e-16
-1.39548162640244788519e-16
-7.57753565913414270755e-16
-1.26250495707138597878e-16
5.18271877040604711703e-33
2.81424244869920061906e-32
1.12532470767609244549e-32
-2.55364050870702979441e-49
0.866025403784438646764
3.35410196624968460668
7.93725393319377195968
14.9999999999999999282
0.0
0.0
0.0
0.0
0.0
0.0
0.0
0.0
0.0
0.0
0.0
0.0
0.0
0.0
0.0
0.0
