0.0
0.0
0.0
0.0
0.0
0.0
0.0
0.0
0.0
0.0
2.73861278752583075449
-3.24037034920393030101
3.67423461417476732934
-3.96862696659688626719
4.50000000000000039683
5.19615242270663215502
-15.3704261489393981989
17.4284250579333765527
20.1246117974981080848
47.6235235991626317549
0.0
0.0
0.0
0.0
0.0
0.0
0.0
0.0
0.0
0.0
2.73861278752583075449
-3.24037034920393030101
3.67423461417476732934
-3.96862696659688626719
4.50000000000000039683
5.19615242270663215502
-6.87386354243376047977
7.79422863405994829187
9.00000000000000061523
2.92933290633540846375e-20
0.0
0.0
0.0
0.0
0.0
0.0
0.0
0.0
0.0
0.0
2.73861278752583075449
-3.24037034920393030101
3.67423461417476732934
-3.96862696659688626719
4.50000000000000039683
5.19615242270663215502
6.87386354243376047977
-7.79422863405994829187
-9.00000000000000061523
2.92933290633540846375e-20
0.0
0.0
0.0
0.0
0.0
0.0
0.0
0.0
0.0
0.0
2.73861278752583075449
-3.24037034920393030101
3.67423461417476732934
-3.96862696659688626719
4.50000000000000039683
5.19615242270663215502
15.3704261489393981989
-17.4284250579333765527
-20.1246117974981080848
47.6235235991626317549
0.0
0.0
0.0
0.0
0.0
0.0
0.0
0.0
0.0
0.0
2.73861278752583075449
-3.24037034920393030101
3.67423461417476732934
1.51588061257061681925
-1.71884705062547319502
-3.7020568852414044368
-11.1221448456865793393
12.6113268459966624223
-13.6121506177482965777
24.9360006893280990826
0.0
0.0
0.0
0.0
0.0
0.0
0.0
0.0
0.0
0.0
2.73861278752583075449
-3.24037034920393030101
3.67423461417476732934
2.64575131106459038354
-2.99999999999999974154
-3.46410161513775501158
-1.07185267487114708584e-15
1.2153666942036110285e-15
-1.87117943483349420414e-15
-5.29150262212918204227
0.0
0.0
0.0
0.0
0.0
0.0
0.0
0.0
0.0
0.0
2.73861278752583075449
-3.24037034920393030101
3.67423461417476732934
1.51588061257061710149
-1.71884705062547351504
-3.70205688524140446574
11.1221448456865774143
-12.6113268459966602395
13.6121506177482956715
24.9360006893280885375
0.0
0.0
0.0
0.0
0.0
0.0
0.0
0.0
0.0
0.0
2.73861278752583075449
-3.24037034920393030101
3.67423461417476732934
10.3900002872200419823
-11.7811529493745279955
17.212053184278650487
-4.24828130325281885957
4.81709821193671413043
-22.6121506177482971929
3.6381134701694802347
0.0
0.0
0.0
0.0
0.0
0.0
0.0
0.0
0.0
0.0
2.73861278752583075449
-3.24037034920393030101
3.67423461417476732934
10.3900002872200419823
-11.7811529493745279955
17.212053184278650487
4.24828130325281715311
-4.81709821193671219549
22.61215061774828811
3.63811347016947658128
0.0
0.0
0.0
0.0
0.0
0.0
0.0
0.0
0.0
0.0
2.73861278752583075449
-3.24037034920393030101
3.67423461417476732934
15.8745078663875450688
-18.0000000000000015873
51.9615242270663261537
0.0
0.0
0.0
0.0
0.0
0.0
0.0
0.0
0.0
0.0
0.0
0.0
0.0
0.0
2.73861278752583075449
2.13332767455102730453
-2.68401063358904764538
-2.87172545076338592666
-3.94376941012509342003
2.7207407306742153445
-11.1221448456865804112
-15.2741532466967341115
10.5373835392494348199
24.9360006893281038888
0.0
0.0
0.0
0.0
0.0
0.0
0.0
0.0
0.0
0.0
2.73861278752583075449
3.24037034920392984908
-2.04124145231931554628
-2.64575131106459093704
-5.00000000000000005738
2.30940107675850334105
-1.07185267487114708584e-15
-2.02561115700601815482e-15
9.35589717416747248869e-16
-5.29150262212918204227
0.0
0.0
0.0
0.0
0.0
0.0
0.0
0.0
0.0
0.0
2.73861278752583075449
2.13332767455102758107
-2.68401063358904756814
-2.87172545076338587021
-3.94376941012509371303
2.72074073067421523754
11.1221448456865784861
15.2741532466967329028
-10.5373835392494327889
24.9360006893280933437
0.0
0.0
0.0
0.0
0.0
0.0
0.0
0.0
0.0
0.0
2.73861278752583075449
3.24037034920392984908
-2.04124145231931554628
3.96862696659688571369
7.49999999999999877854
0.57735026918962500396
-5.1234753829798001142
-9.68245836551854279938
-11.1803398874989492479
5.2915026221291827821
0.0
0.0
0.0
0.0
0.0
0.0
0.0
0.0
0.0
0.0
2.73861278752583075449
3.24037034920392994126
-2.04124145231931546499
3.96862696659688582659
7.49999999999999916257
0.577350269189625217473
5.123475382979798262
9.68245836551853951938
11.1803398874989454604
5.29150262212917807499
0.0
0.0
0.0
0.0
0.0
0.0
0.0
0.0
0.0
0.0
2.73861278752583075449
2.13332767455102902905
-2.68401063358904716369
11.4869018030535416674
15.7750776405003801221
27.2074073067421455977
-4.88857110560310742608e-16
-6.7135238086126737667e-16
-2.77892885302300640368e-15
4.81740967960621006733e-32
0.0
0.0
0.0
0.0
0.0
0.0
0.0
0.0
0.0
0.0
2.73861278752583075449
10.8281537222646911879
20.3203367816279226367
-1.09690151583350089404
-5.95623058987490662553
0.396950722949764702062
-4.24828130325281993142
-23.0683818807566910998
1.53738353924943294946
3.63811347016948207052
0.0
0.0
0.0
0.0
0.0
0.0
0.0
0.0
0.0
0.0
2.73861278752583075449
10.8281537222646911879
20.3203367816279226367
-1.09690151583350089404
-5.95623058987490662553
0.396950722949764702062
4.24828130325281822496
23.0683818807566818336
-1.53738353924943233191
3.6381134701694784171
0.0
0.0
0.0
0.0
0.0
0.0
0.0
0.0
0.0
0.0
2.73861278752583075449
10.8281537222646929124
20.3203367816279312803
4.38760606333400153698
23.8249223594996189596
3.9695072294976434542
-4.88858310765982005118e-16
-2.65452529937144506152e-15
-1.06145897554587323405e-15
4.81743333432817680088e-32
0.0
0.0
0.0
0.0
0.0
0.0
0.0
0.0
0.0
0.0
2.73861278752583075449
16.2018517460196515051
55.1135192126215058155
0.0
0.0
0.0
0.0
0.0
0.0
0.0
