0.0
0.0
0.0
0.0
2.37170824512628466112
-2.80624304008045619986
3.18198051533946401746
-9.16515138991168063969
10.3923048454132643891
22.5000000000000024124
1.36930639376291541525
-1.62018517460196519548
1.83711730708738371566
-11.9058808997906588567
13.5000000000000012529
33.7749907475931104296
-5.1234753829797998618
5.80947501931112604162
30.1869176962471648502
11.9058808997906607935
0.0
0.0
0.0
0.0
2.37170824512628466112
-2.80624304008045619986
3.18198051533946401746
-9.16515138991168063969
10.3923048454132643891
22.5000000000000024124
1.36930639376291539424
-1.62018517460196517062
1.83711730708738368747
-6.42137332062315573977
7.28115294937452762658
16.5408162577000186235
-0.875194079726980618282
0.992376807374411475832
-3.54984471899924207446
-5.32447180478965524973
0.0
0.0
0.0
0.0
2.37170824512628466112
-2.80624304008045619986
3.18198051533946401746
-9.16515138991168063969
10.3923048454132643891
22.5000000000000024124
1.36930639376291536025
-1.6201851746019651304
1.83711730708738364187
2.45274635402626947258
-2.78115294937452722975
-11.3446638349933864685
5.99866946270677986149
-6.80185182668553681604
-12.5498447189992426897
5.32447180478965524976
0.0
0.0
0.0
0.0
2.37170824512628466112
-2.80624304008045619986
3.18198051533946401746
-9.16515138991168063969
10.3923048454132643891
22.5000000000000024124
1.36930639376291533924
-1.62018517460196510554
1.83711730708738361368
7.93725393319377258946
-9.0000000000000008561
-28.5788383248864782746
10.2469507659595983371
-11.6189500386222505111
10.0623058987490567654
35.7176426993719709614
0.0
0.0
0.0
0.0
2.37170824512628466112
-2.80624304008045619986
3.18198051533946401746
-2.83218753550187952412
3.21139880795780974278
-2.78115294937452722136
1.36930639376291541525
-1.62018517460196519548
1.83711730708738371566
-6.42137332062315569409
7.28115294937452757478
-1.11504132669530956607
-3.7073816152288601142
4.20377561533222118664
7.75623058987490676079
6.23400017233202626541
0.0
0.0
0.0
0.0
2.37170824512628466112
-2.80624304008045619986
3.18198051533946401746
-1.52752523165194730589
1.73205080756887800211
-5.00000000000000027589
1.36930639376291537725
-1.62018517460196515051
1.83711730708738366467
1.32287565553229449989
-1.49999999999999908626
-1.73205080756887786814
1.70782512765993266868
-1.93649167310370797913
-2.23606797749979136203
-2.64575131106459157464
0.0
0.0
0.0
0.0
2.37170824512628466112
-2.80624304008045619986
3.18198051533946401746
-2.83218753550187919822
3.21139880795780937324
-2.78115294937452790318
1.36930639376291533924
-1.62018517460196510554
1.83711730708738361368
7.93725393319377141183
-8.9999999999999995208
-2.58701555854609363473
7.41476323045771822615
-8.40755123066444010293
21.3683812076231969406
18.7020005169960663431
0.0
0.0
0.0
0.0
2.37170824512628466112
-2.80624304008045619986
3.18198051533946401746
7.41476323045771984397
-8.40755123066444193736
7.28115294937452796614
1.36930639376291541525
-1.62018517460196519548
1.83711730708738371566
2.45274635402626959214
-2.78115294937452736532
-4.60072633828198432761
-1.4160937677509397476
1.60569940397890485499
-5.7437694101250953798
0.90952836754237027676
0.0
0.0
0.0
0.0
2.37170824512628466112
-2.80624304008045619986
3.18198051533946401746
7.41476323045771984397
-8.40755123066444193736
7.28115294937452796614
1.36930639376291533924
-1.62018517460196510554
1.83711730708738361368
7.93725393319377128868
-8.99999999999999938115
21.8127795225606295097
2.83218753550187825874
-3.21139880795780830797
16.8683812076231951103
2.72858510262710776589
0.0
0.0
0.0
0.0
2.37170824512628466112
-2.80624304008045619986
3.18198051533946401746
13.7477270848675209595
-15.5884572681198965837
45.0000000000000052619
1.36930639376291541525
-1.62018517460196519548
1.83711730708738371566
7.93725393319377275469
-9.00000000000000104345
25.980762113533163798
0.0
0.0
0.0
0.0
0.0
0.0
0.0
0.0
2.37170824512628466112
1.8475159607575709396
-2.32442139271568199279
-6.63196584814776083259
-9.10774532223013694379
11.7811529493745305529
1.36930639376291541525
1.06666383727551368187
-1.34200531679452385994
-8.61517635229015781982
-11.8313082303752803148
17.6848147493824004838
-3.70738161522886047149
-5.09138441556557849643
15.8060753088741536556
6.23400017233202746697
0.0
0.0
0.0
0.0
2.37170824512628466112
2.80624304008045580848
-1.76776695296636921323
-6.11010092660778730617
-11.5470053837925151022
10.0000000000000017695
1.36930639376291537725
1.62018517460196492454
-1.02062072615965777314
-1.3228756555322961604
-2.50000000000000133622
1.15470053837925311994
1.70782512765993266868
3.22748612183951293845
-6.70820393249936940814
-2.64575131106459157464
0.0
0.0
0.0
0.0
2.37170824512628466112
1.84751596075757117909
-2.32442139271568192589
-6.63196584814776070223
-9.10774532223013762045
11.7811529493745300897
1.36930639376291533924
1.06666383727551376093
-1.34200531679452374682
5.74345090152677067875
7.88753882025018596806
-14.9640740187081820464
7.41476323045771894072
10.1827688311311551998
5.2686917696247137784
18.7020005169960699477
0.0
0.0
0.0
0.0
2.37170824512628466112
2.80624304008045580848
-1.76776695296636921323
1.52752523165194602763
2.88675134594812726575
-2.50000000000000115967
1.36930639376291541525
1.62018517460196496951
-1.02062072615965780147
-1.32287565553229610532
-2.50000000000000123213
-4.90747728811181950766
-1.70782512765993352546
-3.2274861218395145576
-1.11803398874989437073
1.32287565553229601272
0.0
0.0
0.0
0.0
2.37170824512628466112
2.8062430400804558883
-1.76776695296636914283
1.52752523165194617972
2.88675134594812761886
-2.50000000000000101744
1.36930639376291533924
1.62018517460196492566
-1.02062072615965770417
5.29150262212918067987
9.99999999999999808546
5.48482755730144296162
3.41565025531986563835
6.4549722436790265926
10.0623058987490502177
3.96862696659688389996
0.0
0.0
0.0
0.0
2.37170824512628466112
1.84751596075757243307
-2.32442139271568157563
9.94794877222163930073
13.6616179833452107444
23.5623058987490514155
1.36930639376291541525
1.06666383727551454413
-1.34200531679452361909
5.74345090152677067758
7.88753882025018984663
13.6037036533710713826
-1.62952370186770262235e-16
-2.2378412695375581241e-16
-9.26309617674335527702e-16
1.20435241990155280561e-32
0.0
0.0
0.0
0.0
2.37170824512628466112
9.37745619956425151153
17.5979278663451021843
-2.53318554176392108535
-13.7553253376790428014
1.71884705062547415751
1.36930639376291541525
5.41407686113234574423
10.1601683908139616004
-3.29070454750050269734
-17.8686917696247199593
2.58017969917347067204
-1.41609376775094010488
-7.6894606269188977269
2.3060753088741496322
0.909528367542370735714
0.0
0.0
0.0
0.0
2.37170824512628466112
9.37745619956425151153
17.5979278663451021843
-2.53318554176392108535
-13.7553253376790428014
1.71884705062547415751
1.36930639376291533924
5.41407686113234544369
10.1601683908139610364
2.19380303166700070178
11.9124611797498073524
-2.18322897622370501329
2.83218753550187897331
15.3789212538377887398
0.768691769624714830125
2.72858510262710914276
0.0
0.0
0.0
0.0
2.37170824512628466112
9.37745619956425300501
17.5979278663451096698
3.79977831264587967987
20.6329880065185566808
3.43769410125094455966
1.36930639376291541525
5.41407686113234660649
10.1601683908139659222
2.19380303166700051382
11.912461179749808097
1.98475361474882109702
-1.62952770255327349739e-16
-8.84841766457148433659e-16
-3.53819658515291086183e-16
1.204358333582044489e-32
0.0
0.0
0.0
0.0
2.37170824512628466112
14.0312152004022809993
47.7297077300919566899
0.0
0.0
0.0
1.36930639376291541525
8.10092587300982597738
27.5567596063107536726
0.0
0.0
0.0
0.0
0.0
0.0
0.0
