0.0
2.23606797749978984926
-6.61437827766147711199
13.500000000000001786
0.790569415042094887042
-6.54790042685439786199
15.9099025766973207788
-2.29128784747792010693
12.9903810567665802684
4.50000000000000018531
1.36930639376291541525
-11.3412962222137564763
27.5567596063107569326
-3.96862696659688637734
22.5000000000000027514
7.79422863405994844886
-5.1234753829797998618
29.0473750965556303924
10.0623058987490549501
11.9058808997906607935
0.0
2.23606797749978984926
-6.61437827766147711199
13.500000000000001786
0.790569415042094887042
-6.54790042685439786199
15.9099025766973207788
-2.29128784747792010693
12.9903810567665802684
4.50000000000000018531
1.36930639376291539424
-5.96759819845879728125
13.3392910146958738141
-2.87172545076338569917
11.306075308874149862
4.9218662190777664926
-0.875194079726980618282
-3.65520320807448823334
0.475077640500378900125
-5.32447180478965524973
0.0
2.23606797749978984926
-6.61437827766147711199
13.500000000000001786
0.790569415042094887042
-6.54790042685439786199
15.9099025766973207788
-2.29128784747792010693
12.9903810567665802684
4.50000000000000018531
1.36930639376291536025
2.72722784925486698024
-9.66505640052110648476
-1.09690151583350056802
-6.80607530887414946513
0.274286203628865662422
5.99866946270677986149
-11.4494318421344365252
-8.52492235949962171511
5.32447180478965524976
0.0
2.23606797749978984926
-6.61437827766147711199
13.500000000000001786
0.790569415042094887042
-6.54790042685439786199
15.9099025766973207788
-2.29128784747792010693
12.9903810567665802684
4.50000000000000018531
1.36930639376291533924
8.10092587300982617524
-23.8825249921359896033
1.10151559477437244763e-16
-18.0000000000000023545
-2.59807621135331629384
10.2469507659595983371
11.6189500386222538397
-10.0623058987490531347
35.7176426993719709614
0.0
2.23606797749978984926
-6.61437827766147711199
13.500000000000001786
0.790569415042094887041
-1.8941414260163694967
3.597213598851467749
0.241897694286000158158
-4.92186621907776545521
-2.78115294937452704892
1.36930639376291541525
-8.65444721033627689118
20.4480253105033153874
-0.677922419096384379066
-4.20638587087566260062
-4.32644013465311967678
-3.7073816152288601142
16.3712980612122052609
-2.78115294937452697863
6.23400017233202626541
0.0
2.23606797749978984926
-6.61437827766147711199
13.500000000000001786
0.790569415042094887042
-0.935414346693485791338
1.06066017177982237466
0.763762615825973032274
-6.63952809568069537396
-3.00000000000000033026
1.36930639376291537725
-1.62018517460196582841
1.83711730708738545822
1.3228756555322950534
-1.50000000000000055069
-1.73205080756887786814
1.70782512765993266868
-7.10046946804693109831
2.23606797749978855526
-2.64575131106459157464
0.0
2.23606797749978984926
-6.61437827766147711199
13.500000000000001786
0.790569415042094887042
-1.89414142601636925721
3.59721359885146711538
0.241897694286000288518
-4.92186621907776596844
-2.78115294937452715825
1.36930639376291533924
5.41407686113234537264
-16.7737906963285448368
2.19380303166700109091
2.48753882025018959258
0.624383249411715117928
7.41476323045771822615
3.75997121521553789241
10.8309976683737684656
18.7020005169960663431
0.0
2.23606797749978984926
-6.61437827766147711199
13.500000000000001786
0.790569415042094887041
5.63579881279031115883
-16.3251356602093245104
4.3406780006698400239
-0.274286203628865381274
7.28115294937452798729
1.36930639376291541525
-4.30703418647944478055
8.94585160289482526082
4.64654938569327086657
-18.2936141291243397761
3.80682489238245815849
-1.4160937677509397476
3.38091700444562352021
-7.28115294937452769216
0.90952836754237027676
0.0
2.23606797749978984926
-6.61437827766147711199
13.500000000000001786
0.790569415042094887041
5.63579881279031115883
-16.3251356602093245104
4.3406780006698400239
-0.274286203628865381274
7.28115294937452798729
1.36930639376291533924
1.06666383727551340028
-5.27161698872005507602
5.74345090152677089546
6.51246117974980679851
13.4052282918961904008
2.83218753550187825874
-1.43618120749109178197
15.3309976683737646505
2.72858510262710776589
0.0
2.23606797749978984926
-6.61437827766147711199
13.500000000000001786
0.790569415042094887041
10.2895578136283395241
-28.6378246380551775401
6.87386354243376079775
23.38268590217984332
27.0000000000000044452
1.36930639376291541525
-1.62018517460196519548
1.83711730708738371566
7.93725393319377275469
-9.00000000000000104345
25.980762113533163798
0.0
0.0
0.0
0.0
0.0
2.23606797749978984926
-1.1298706984939754093
-2.99361412912433543385
0.790569415042094887042
-3.44539442629571308512
-1.90918830920367540018
-1.6579914620369401698
3.16454513079089646443
2.35623058987490595498
1.36930639376291541525
-5.96759819845879869173
-3.30681115275728547421
-2.87172545076338600636
5.48115294937453106976
4.08111109601132313002
-3.70738161522886047149
7.07613803031440792299
5.26869176962471788522
6.23400017233202746697
0.0
2.23606797749978984926
-4.6125055039134339198e-16
-3.99999999999999965189
0.790569415042094887042
-2.80624304008045650232
-3.88908729652601103005
-1.52752523165194679121
1.73205080756887793828
2.00000000000000022183
1.36930639376291537725
1.62018517460196424664
-1.02062072615965837099
-1.3228756555322956069
-2.49999999999999945338
1.15470053837925191209
1.70782512765993266868
-1.93649167310371018073
-2.23606797749978949085
-2.64575131106459157464
0.0
2.23606797749978984926
-1.12987069849397512706
-2.99361412912433578729
0.790569415042094887042
-3.44539442629571292547
-1.90918830920367596692
-1.65799146203694013721
3.16454513079089608134
2.35623058987490586235
1.36930639376291533924
8.100925873009824917
0.622800519168238586224
-1.40596417939715601506e-16
-9.42492235949962297575
-1.3603703653371073146
7.41476323045771894072
22.3502912770111355404
-5.26869176962471672756
18.7020005169960699477
0.0
2.23606797749978984926
-4.6125055039134339198e-16
-3.99999999999999965189
0.790569415042094887041
2.80624304008045556832
1.06066017177982039066
1.52752523165194641865
0.577350269189624411699
-0.500000000000000658554
1.36930639376291541525
-1.62018517460196590935
-3.87835875940669887145
1.32287565553229513601
-3.50000000000000134291
-2.02072594216369068688
-1.70782512765993352546
-0.64549722436790224285
-3.35410196624968498336
1.32287565553229601272
0.0
2.23606797749978984926
-3.67173853845635473844e-16
-3.99999999999999970167
0.790569415042094887042
2.80624304008045570137
1.06066017177982060186
1.52752523165194647297
0.577350269189624711434
-0.500000000000000544766
1.36930639376291533924
4.86055552380589463308
1.83711730708738249529
2.64575131106459039501
10.9999999999999978916
2.5980762113533150202
3.41565025531986563835
9.03696114115063618052
7.82623792124926196661
3.96862696659688389996
0.0
2.23606797749978984926
-1.12987069849397364923
-2.99361412912433763794
0.790569415042094887042
8.73830481334899607651
1.49395522569167614357
4.97397438611081995333
23.1552533757178904817
14.137383539249431938
1.36930639376291541525
1.06666383727551423495
-1.34200531679452370545
5.74345090152677093003
7.88753882025018853628
13.6037036533710725785
-1.62952370186770262235e-16
-2.23784126953755788903e-16
-9.2630961767433554806e-16
1.20435241990155280561e-32
0.0
2.23606797749978984926
7.74424897615544975378
11.0936141291243331225
0.790569415042094887042
1.57456573290874065736
-1.90918830920368179903
-0.633296385440980256691
-2.64492988852023122271
0.343769410125094808802
1.36930639376291541525
2.72722784925486548126
-3.30681115275729655734
-1.09690151583350092448
-4.58115294937452744194
0.59542608442464706962
-1.41609376775094010488
-5.91424302645217816589
0.768691769624716544068
0.909528367542370735714
0.0
2.23606797749978984926
7.74424897615544975378
11.0936141291243331225
0.790569415042094887042
1.57456573290874065736
-1.90918830920368179903
-0.633296385440980256691
-2.64492988852023122271
0.343769410125094808802
1.36930639376291533924
8.1009258730098246274
23.6271479343852137846
-1.89858260492596132784e-16
-1.37507764050037982751
-0.198475361474882208109
2.83218753550187897331
17.1541388543045061616
-0.768691769624716405387
2.72858510262710914276
0.0
2.23606797749978984926
7.74424897615545151385
11.0936141291243409146
0.790569415042094887042
6.22832473374676916346
21.4163044847524635154
1.8998891563229400007
12.6981983409578647276
2.06261646075056699243
1.36930639376291541525
5.41407686113234629731
10.1601683908139643725
2.19380303166700076627
11.9124611797498088348
1.9847536147488215538
-1.62952770255327349739e-16
-8.84841766457148410152e-16
-3.5381965851529110654e-16
1.204358333582044489e-32
0.0
2.23606797749978984926
13.228756555322954224
45.000000000000003881
0.790569415042094887042
4.67707173346742699977
15.9099025766973188966
0.0
0.0
0.0
1.36930639376291541525
8.10092587300982597738
27.5567596063107536726
0.0
0.0
0.0
0.0
0.0
0.0
0.0
