-2.99999999999999763386
-4.04508497187473942764
1.54508497187473798977
-0.999999999999999932667
-4.04508497187473910411
5.22822496149604957203e-15
-2.50000000000000158825
1.54508497187473709528
-2.50000000000000096567
-0.999999999999999706782
-4.04508497187473974744
4.741614983805321399e-15
-2.50000000000000141829
2.76724067801820069805e-15
-13.5000000000000026624
-2.50000000000000182782
1.54508497187473740863
-2.50000000000000132256
-2.50000000000000077377
-0.999999999999999423696
0.244721359549995028255
4.52294944879546610852e-16
-1.11803398874989579255
-0.155278640450004033398
2.61803398874989497828
-1.02887860911076074566e-15
2.30901699437494810088
-1.1909830056250522
-0.381966011250105405832
0.223606797749978838547
2.61803398874989507798
-1.12705431488861266838e-15
2.30901699437494803792
-0.746261646075056367418
1.95373835392494300927
-1.78885438199983260469
-1.1909830056250516757
-0.381966011250104747483
-1.78885438199983200768
0.223606797749978607838
0.155278640450004439522
1.11803398874989443253
1.32406139736752536613e-15
-0.244721359549995970823
-2.30901699437494718799
4.29356730167369076189e-16
-2.61803398874989527533
0.381966011250104886957
1.19098300562505280031
-0.223606797749978854933
-2.30901699437494712503
5.27539520471021798589e-16
-2.61803398874989537502
-1.95373835392494342264
0.746261646075056780806
1.78885438199983258335
0.38196601125010422862
1.19098300562505227603
1.78885438199983198635
-0.223606797749978624225
0.999999999999999795361
-1.54508497187473639292
4.04508497187473574914
3.00000000000000045337
2.49999999999999976675
-2.2306657344137348806e-15
4.04508497187473784651
2.50000000000000048036
-1.54508497187473701727
0.999999999999999788721
2.49999999999999959677
-1.7440733178562494724e-15
4.0450849718747384898
13.4999999999999995553
3.39548227266973971336e-16
2.50000000000000193447
2.50000000000000083725
-1.54508497187473733061
2.50000000000000088045
0.999999999999999505632
0.385410196624968569163
-1.61803398874989479677
1.30901699437494802052
-0.738196601125010608607
-5.99999999999999951838
-2.70000000000000125633
0.236067977499789906902
-0.809016994374947863666
2.50000000000000071964
-0.440688837074972436522
-1.61803398874989546182
9.63546957446478361819e-16
-1.89442719099991646193
-2.70000000000000080253
1.95373835392494343576
2.50000000000000076805
1.30901699437494780318
-1.89442719099991651365
0.236067977499789864959
-0.73819660112501045658
-0.333333333333333043075
0.621129993749941308499
-0.621129993749941416442
0.333333333333333340506
1.56056499687497043224
6.85397007595346302811e-16
-1.56056499687497123223
0.939435003125029183829
-0.939435003125029340052
4.17927474825343584e-17
-0.106101669791695607264
-1.00027663427933634121e-21
0.106101669791695964195
1.50000000000000035705
-1.49999999999999972945
1.63996246121630687366e-16
-0.727231663541637702891
0.727231663541637563181
3.4048729578108680782e-17
-2.70528188110495306104e-17
0.738196601125009288374
-1.309016994374945964
1.61803398874989284517
-0.385410196624968343164
-0.236067977499789472673
2.69999999999999729171
5.99999999999999899284
-2.49999999999999877074
0.809016994374947143498
0.440688837074972058279
1.89442719099991430612
-6.95410562939319998177e-16
1.61803398874989417256
-1.95373835392494358792
2.69999999999999823734
-2.50000000000000012608
1.89442719099991577159
-1.3090169943749468687
-0.236067977499789784565
0.738196601125010155108
-0.285410196624968591901
0.190983005625053020162
0.618033988749894503168
-0.961803398874989203056
0.309016994374947534215
-2.69999999999999955871
2.50000000000000038988
-5.99999999999999979261
-4.23606797749979185077
0.140688837074972481471
0.190983005625052764838
6.47228679402206708658e-17
-0.105572809000084000699
-2.70000000000000010025
0.746261646075056556672
-4.23606797749979142525
0.618033988749894630652
-0.105572809000084081166
2.50000000000000095285
-0.961803398874989693173
0.96180339887498843852
-0.618033988749894316054
-0.190983005625052535014
0.285410196624968290734
-2.49999999999999763314
2.69999999999999671472
-0.309016994374947784905
4.23606797749978836408
5.99999999999999938436
-0.140688837074972491776
0.10557280900008375743
-3.32834731027905862396e-16
-0.190983005625052555602
-0.746261646075055667858
2.69999999999999808319
4.23606797749978972826
0.105572809000084205631
-0.618033988749894464408
-2.49999999999999994407
0.961803398874989273382
4.50861154121609164883e-21
-6.68195298502498956628e-21
5.94397583778633772222e-21
-8.67379226738303514626e-22
-9.68368835781163236702e-21
8.09443919022403376843e-21
-7.45055874592144380418e-22
7.86915108471482525215e-21
4.15286778594945812091e-21
1.35535695575927086236e-21
-1.19840215226672825425e-20
1.24851418332991533677e-20
5.84486860034932791367e-21
-1.91854035070448077311e-21
2.08001769827012233715e-20
5.56384600506856516345e-21
8.78690774027070337997e-22
6.00172739032633932856e-21
1.00002237443434879403e-21
9.84776451933399572923e-22
0.385410196624968518132
-1.61803398874989526497
1.30901699437494793884
-0.738196601125010642994
-1.61803398874989538616
1.38572000105429918191e-15
-1.89442719099991702332
1.30901699437494757552
-1.89442719099991660946
-0.738196601125010576743
-5.9999999999999995983
-2.70000000000000071278
0.236067977499788849255
-2.70000000000000027605
1.95373835392494215874
0.236067977499789305191
-0.809016994374948384794
2.50000000000000088869
2.50000000000000080802
-0.440688837074972489829
-0.33333333333333312356
0.621129993749941263038
-0.621129993749941370973
0.333333333333333420992
-0.106101669791695808131
-1.26047496072346697112e-21
0.106101669791696165063
-0.727231663541637596564
0.727231663541637456851
-2.70532196609109156051e-17
1.56056499687497020622
6.85394659593946151726e-16
-1.56056499687497100621
1.50000000000000042286
-1.49999999999999979525
3.4048322722437078661e-17
0.939435003125029562994
-0.939435003125029719223
1.6399485550459577857e-16
4.17919527382860128423e-17
0.738196601125009322767
-1.30901699437494588233
1.61803398874989331335
-0.385410196624968292133
1.89442719099991486751
-1.1176018873183682739e-15
1.61803398874989409691
1.89442719099991586742
-1.30901699437494664105
0.738196601125010275273
-0.236067977499788415028
2.69999999999999674815
5.99999999999999907274
-1.95373835392494231091
2.69999999999999771085
-0.236067977499789224792
-2.49999999999999893976
0.809016994374947664645
-2.50000000000000016603
0.440688837074972111587
-0.277777777777777977733
0.106101669791696219442
0.727231663541637031744
-1.16666666666666665638
0.171676107986081899804
-1.50000000000000045185
1.45446332708327522114
-0.449453885763859709326
0.212203339583391770453
0.0555555555555556514203
0.171676107986082012911
-1.50000000000000022886
1.45446332708327521872
-7.50000000000000005701
-3.00000000000000057652
-1.38888888888888954964
-0.449453885763859703259
0.212203339583392123832
-1.38888888888888936736
0.0555555555555556621569
1.1666666666666657703
-0.727231663541636756439
-0.106101669791695770023
0.277777777777777667693
-1.45446332708327384694
1.49999999999999859866
-0.171676107986082016018
-0.21220333958339152843
0.449453885763859660663
-0.0555555555555557077603
-1.45446332708327384453
1.49999999999999837567
-0.171676107986082129122
2.99999999999999872867
7.49999999999999799348
1.38888888888888915702
-0.212203339583391881806
0.449453885763859654596
1.38888888888888897474
-0.0555555555555557184965
-2.35356409261467570717e-16
7.95136544511424256351e-17
7.95093711923254676438e-17
-2.35356323079120568785e-16
4.67796538399044079733e-16
-3.10693427743326039922e-16
4.67794402223344158487e-16
-6.27368000324232231746e-16
-6.27365905058655618844e-16
6.3255552461678745938e-17
2.61612398243468203021e-16
-1.18674593303429087606e-16
2.6160891758741740906e-16
-1.2022263410704004844e-15
-1.20222485634400919055e-15
-1.01776003030228965936e-15
4.10853652263506689965e-17
4.10862023287113142265e-17
-1.4312245692133980275e-16
-5.05334797997118714179e-17
-0.285410196624968507056
0.190983005625052804943
0.618033988749894435579
-0.961803398874989499741
0.190983005625052748489
6.92137325555990259575e-17
-0.105572809000084353801
0.618033988749894617385
-0.105572809000084320858
-0.961803398874989145376
0.309016994374947055106
-2.70000000000000004633
2.50000000000000040648
-2.70000000000000006546
0.746261646075057997155
2.49999999999999968004
-5.99999999999999857466
-4.23606797749978931666
-4.23606797749978926301
0.140688837074971770789
0.961803398874988735203
-0.618033988749894248472
-0.190983005625052319799
0.285410196624968205894
0.105572809000084110525
-3.37322796597756105445e-16
-0.190983005625052539256
0.105572809000084445333
-0.618033988749894451149
0.961803398874988725588
-2.49999999999999764976
2.69999999999999720235
-0.309016994374947305792
-0.746261646075057108344
2.69999999999999804841
-2.49999999999999867126
4.23606797749978582996
5.99999999999999816644
4.23606797749978756602
-0.140688837074971781092
-2.35356406479813811374e-16
7.95127991723383734737e-17
7.95113566473124037273e-17
-2.35357810193634339562e-16
2.61610677927146295748e-16
-1.18674602098396970416e-16
2.61611560180865247746e-16
4.10860784588961953175e-17
4.10883518043140153305e-17
-5.0534270276928378946e-17
4.67797005899343055974e-16
-3.10697267064444929682e-16
4.67797099978842716413e-16
-1.20223366711454141683e-15
-1.20222554010900527571e-15
-1.43120462944832320146e-16
-6.27371640649360800185e-16
-6.27370212186159450487e-16
-1.01776453429231103663e-15
6.32560078175252246622e-17
1.98665899968144289131e-21
-4.28649794992975576165e-21
3.80512802033175751069e-21
-8.41435963140444078627e-22
-4.89586817165495569792e-21
1.34555183212041157113e-21
2.97726158946619943535e-21
1.86227495072635569267e-21
1.63394071086885681952e-21
7.96702082388972991597e-23
-4.70273128785765309254e-21
8.11095829388552702859e-22
3.32578931881368517471e-21
-3.27285458837984784228e-21
7.93968974622463552243e-21
1.8399700021469347065e-21
6.61449278239482000067e-22
7.51519362992408173768e-22
5.72624227775539202441e-22
2.53519082878986053186e-22
