-2.99999999999999758792
-4.04508497187473948691
1.5450849718747377786
-0.999999999999999792346
-4.04508497187473923863
5.27832886356503390664e-15
-2.50000000000000153259
1.54508497187473726304
-2.50000000000000075177
-0.999999999999999763234
-4.04508497187473983285
4.55664398809053721211e-15
-2.50000000000000145269
3.33457544599282445552e-15
-13.5000000000000020171
-2.50000000000000165302
1.5450849718747375421
-2.50000000000000128214
-2.50000000000000068237
-0.999999999999999429155
0.385410196624968377845
-5.99999999999999940233
-0.809016994374948429042
-0.44068883707497239782
-1.61803398874989441072
-2.7000000000000003564
2.50000000000000076601
1.30901699437494750416
0.236067977499789652108
-0.738196601125010611273
-1.61803398874989495984
-2.70000000000000130595
2.50000000000000040354
7.10347011858123037022e-16
1.9537383539249435129
-1.89442719099991679387
1.30901699437494765219
0.236067977499790124969
-1.89442719099991615748
-0.738196601125010312787
-0.28541019662496840822
0.309016994374947050967
-5.99999999999999882085
0.140688837074972580356
0.190983005625052918538
-2.69999999999999868423
-4.23606797749979026852
0.618033988749894446466
2.50000000000000037108
-0.961803398874989458501
0.190983005625052619026
-2.6999999999999995356
-4.23606797749979091731
4.38894513698101516762e-16
0.746261646075057189063
-0.105572809000084165337
0.618033988749894260982
2.49999999999999999481
-0.105572809000084125967
-0.961803398874988929306
1.53415320683744576202e-16
-1.99611385605412347603e-16
-4.77136422991781965806e-17
5.90490731185470002409e-17
3.73329129350381261852e-17
6.04991482855539841741e-17
-1.52857335012195828063e-16
2.23561013003614886568e-16
1.77421698372227366313e-16
-4.70104713622196000095e-17
-5.27464062672883232202e-17
-1.7458919864803266366e-16
-1.03757733303708983301e-16
6.97268982346322575447e-16
6.19310604333870061608e-16
2.41266776523138482479e-16
5.01032607900509961177e-17
1.43143250867135949864e-16
1.57888188284226534907e-16
3.98227503582969764088e-18
0.244721359549995215677
2.61803398874989508203
-1.19098300562505233644
0.223606797749978898016
3.2340307231556784888e-16
-1.27198689951880229642e-15
-0.381966011250105030709
-1.11803398874989529262
2.30901699437494802368
-0.155278640450004043785
2.61803398874989492756
-0.746261646075055880861
-1.78885438199983231468
-6.51758364594144151559e-16
1.95373835392494330795
2.30901699437494800406
-1.19098300562505163024
-1.78885438199983226497
-0.381966011250105023645
0.223606797749978596739
-0.333333333333333039009
1.56056499687497052693
0.939435003125029354094
-1.65899400087770342801e-17
0.621129993749941184105
3.68404762358694952437e-16
-0.939435003125029755477
-0.621129993749941329562
-1.56056499687497092484
0.333333333333333414758
-0.106101669791695671175
1.50000000000000044654
1.48324044573136407173e-16
-1.03225343866251891239e-16
-1.49999999999999993935
0.106101669791696195573
-0.727231663541637643556
3.85548161770721113618e-17
0.727231663541637496826
-1.38159652650015546217e-16
0.9618033988749883484
-2.49999999999999754869
4.23606797749978679981
-0.1406888370749724325
-0.618033988749894206105
2.69999999999999696133
5.99999999999999888067
-0.190983005625052503046
-0.309016994374947729656
0.285410196624968295825
0.105572809000084118313
-0.74626164607505709931
4.23606797749978902038
-4.32331356687656897914e-16
2.69999999999999824805
-0.19098300562505274131
0.105572809000084740531
-2.49999999999999918961
-0.618033988749894491067
0.961803398874988734731
0.155278640450004267649
-2.30901699437494741052
0.381966011250104685455
-0.223606797749978844721
1.11803398874989475109
7.57658929026134729778e-16
1.19098300562505272693
4.3868837127414865562e-16
-2.61803398874989602394
-0.24472135954999606698
-2.30901699437494722205
-1.95373835392494456118
1.78885438199983245374
2.13080020143892978626e-16
0.74626164607505694867
-2.61803398874989583873
0.381966011250104181898
1.78885438199983244727
1.19098300562505283717
-0.223606797749978848311
0.738196601125009394359
-0.236067977499789217406
-2.49999999999999944331
0.440688837074972368633
-1.30901699437494605919
2.69999999999999725309
0.809016994374947242556
1.61803398874989387262
5.99999999999999934306
-0.385410196624968404748
1.89442719099991454049
-1.95373835392494187271
-2.50000000000000056668
-4.40068807032379234029e-17
2.69999999999999824215
1.61803398874989449317
1.89442719099991592474
-0.236067977499789573204
-1.30901699437494735387
0.738196601125010531101
0.999999999999999415812
2.50000000000000047156
2.50000000000000102041
0.99999999999999918314
-1.54508497187473662469
-3.9123985365906300581e-15
-1.54508497187473713782
4.04508497187473594952
4.04508497187473805859
3.00000000000000046088
2.49999999999999964424
13.4999999999999986289
2.50000000000000136668
-2.41594884476243204934e-15
-1.98659344982347001584e-15
4.0450849718747385642
2.50000000000000048924
2.50000000000000140556
-1.54508497187473763048
0.999999999999999994424
0.385410196624968518203
-1.61803398874989527704
1.30901699437494788642
-0.738196601125010656611
-1.61803398874989536753
1.3383900380348665606e-15
-1.89442719099991695748
1.30901699437494769802
-1.8944271909999165041
-0.738196601125010604667
-5.99999999999999963288
-2.70000000000000079587
0.23606797749978898374
-2.70000000000000052327
1.95373835392494216079
0.23606797749978933685
-0.80901699437494847908
2.50000000000000087305
2.5000000000000006761
-0.440688837074972461924
-0.277777777777777769304
0.171676107986081620205
-0.449453885763859663607
0.0555555555555556950887
0.106101669791696123397
-1.50000000000000004747
0.212203339583392142051
0.727231663541637046092
1.45446332708327494005
-1.16666666666666657342
0.171676107986081738372
-7.49999999999999918689
-1.38888888888888915886
-1.49999999999999984018
-2.99999999999999978478
1.45446332708327491145
-0.449453885763859585543
-1.38888888888888952544
0.212203339583391870628
0.0555555555555555831276
-4.27445996108229826786e-16
7.65413553272329839028e-16
-1.10567707020262314425e-15
1.07424861541274196767e-16
2.12475155420078928406e-16
-5.63603201539973694173e-16
-1.06849403466048448566e-15
2.33507851359644965904e-16
9.28331457919684834045e-16
-4.2241900487733998111e-16
6.04602787944482721646e-16
-2.14281624074391223004e-15
-1.79741510722566526292e-15
-1.98913353229067490877e-16
-2.33936699688475584126e-15
4.78579032535546736885e-16
4.32681696108285755248e-17
-3.56882139395835291176e-16
-1.03788376972805087366e-16
-5.82331723936068724851e-17
-0.333333333333333255072
-0.106101669791695823956
-0.727231663541637718677
5.02423196412382582926e-17
0.621129993749941466824
6.96063075914451811636e-17
0.727231663541637668069
-0.621129993749941507521
0.106101669791695965197
0.333333333333333325275
1.56056499687497045381
1.5000000000000003908
3.1213082380896896815e-17
2.72648314732062869596e-16
-1.50000000000000016065
-1.56056499687497125631
0.939435003125029552625
6.77957735440746783099e-17
-0.93943500312502951774
1.12613558574314776128e-16
1.16666666666666570371
-1.45446332708327369075
-0.212203339583391783878
-0.0555555555555557057414
-0.727231663541636732178
1.49999999999999862548
0.449453885763859593647
-0.106101669791695713202
-0.171676107986081990821
0.277777777777777579916
-1.45446332708327375854
2.99999999999999768182
1.38888888888888880274
1.49999999999999865647
7.49999999999999789499
-0.171676107986081857723
-0.212203339583392019778
1.38888888888888921718
0.449453885763859716242
-0.055555555555555659518
0.738196601125009771405
1.89442719099991526773
1.89442719099991603676
0.738196601125010058226
-1.30901699437494643232
-1.69917788307525854097e-15
-1.30901699437494699906
1.61803398874989345894
1.61803398874989429546
-0.38541019662496815921
-0.236067977499789433656
-1.95373835392494325222
-0.236067977499789628873
2.69999999999999770066
2.69999999999999868584
5.99999999999999947392
-2.49999999999999867638
-2.49999999999999997747
0.809016994374948005637
0.440688837074971849355
-0.28541019662496850749
0.190983005625052802436
0.618033988749894422577
-0.961803398874989512733
0.190983005625052771735
-3.29438700555175814772e-18
-0.105572809000084353223
0.6180339887498946484
-0.105572809000084302763
-0.961803398874989146074
0.309016994374947031182
-2.70000000000000006742
2.50000000000000042702
-2.70000000000000024287
0.746261646075057906611
2.49999999999999965207
-5.99999999999999857213
-4.23606797749978921661
-4.23606797749978927228
0.140688837074971756857
-4.19029498215168045231e-16
4.58422260015118407087e-16
8.4020238033759686494e-17
-8.38891879691368691569e-17
1.54234125049289888358e-16
-1.74505463043530517981e-16
1.09831138652258070104e-16
1.33786964674147115526e-16
4.64533712173485276184e-16
-3.90105971414155465229e-16
8.42482113447799838951e-16
-2.03519515400442897498e-15
-2.68248250406813210279e-16
-5.66135833823399273004e-16
-2.20905448115887927231e-15
7.55180172795521171355e-16
-1.0144233831878969042e-15
-1.79331843364450812675e-15
-1.08127809407910056407e-15
1.41477711182474422785e-16
0.96180339887498902809
0.10557280900008397034
0.105572809000084564944
0.961803398874989070007
-0.618033988749894381286
-3.5160671140547571401e-16
-0.618033988749894567916
-0.190983005625052464481
-0.190983005625052579567
0.285410196624968177218
-2.49999999999999829979
-0.746261646075056705756
-2.49999999999999959132
2.69999999999999772121
2.69999999999999870638
-0.309016994374947026725
4.23606797749978688766
4.2360679774997888625
5.99999999999999857838
-0.140688837074971971277
2.4652739110726614513e-21
-1.01597443590532545095e-21
1.88146292994670220628e-21
7.92179563770241763794e-22
-2.78003526895679624071e-21
8.00390365991460571097e-21
1.2953915453666571541e-21
8.12424960837685575139e-22
2.02815242117990345047e-21
6.53782732479513611671e-22
-2.98264686848967822229e-21
4.99891689020026244244e-21
-1.69269580389611917371e-22
5.65354908263779388963e-21
1.29089824543504021659e-20
2.14269482788442721682e-21
1.59382563846743834114e-21
1.55753448529614281728e-21
3.15882101771740970907e-21
1.1173918391786099014e-21
