-2.99999999999999766575
-4.04508497187473955465
1.54508497187473778232
-0.999999999999999835949
-4.04508497187473931575
4.08651850413729307745e-15
-2.50000000000000167306
1.54508497187473723064
-2.50000000000000086561
-0.999999999999999789341
-4.0450849718747398234
4.20117097678703965206e-15
-2.50000000000000136763
2.8172397615826025699e-15
-13.5000000000000026773
-2.50000000000000163934
1.54508497187473761871
-2.50000000000000120137
-2.50000000000000064707
-0.999999999999999598196
0.385410196624968306419
-5.99999999999999944521
-0.80901699437494843997
-0.44068883707497245394
-1.61803398874989451869
-2.70000000000000152066
2.50000000000000062971
1.3090169943749474473
0.236067977499789558832
-0.738196601125010636355
-1.61803398874989494283
-2.70000000000000163386
2.50000000000000045437
1.53558125288172191697e-16
1.95373835392494289225
-1.89442719099991678018
1.30901699437494772799
0.236067977499790202635
-1.89442719099991612219
-0.738196601125010480804
-0.28541019662496846434
0.309016994374947040039
-5.99999999999999886374
0.140688837074972508929
0.190983005625052782234
-2.69999999999999984849
-4.2360679774997903765
0.618033988749894353191
2.50000000000000031422
-0.961803398874989483584
0.190983005625052669845
-2.69999999999999986351
-4.23606797749979090031
-1.81752016441163181049e-16
0.746261646075056632279
-0.10557280900008415165
0.618033988749894338649
2.50000000000000007062
-0.105572809000084090667
-0.961803398874989097324
1.09811543955774812713e-16
-1.95871375723532130932e-16
-1.15458489340001670372e-16
-1.87762169838357488559e-17
-1.03106852957997451801e-16
-1.13128331178651308175e-15
-2.29986464592070449485e-16
1.09728332090857166972e-16
1.45010208723795406556e-16
-7.31133314108277781271e-17
3.23344160355470027937e-17
-5.3004077334166122876e-16
-9.43062928396325889812e-17
3.71571431007163429879e-17
1.01983101055431604328e-16
2.54953619301701225001e-16
1.3085455274269549447e-16
2.1975005156245179557e-16
1.93185130036629510293e-16
-1.65051971149096129868e-16
0.385410196624968499124
-1.61803398874989489868
1.30901699437494785509
-0.738196601125010662912
-5.99999999999999956466
-2.70000000000000186851
0.236067977499790006239
-0.809016994374948050564
2.50000000000000058359
-0.440688837074972473554
-1.61803398874989541528
5.69001346440453712149e-16
-1.8944271909999164284
-2.70000000000000120171
1.95373835392494310468
2.50000000000000057539
1.30901699437494790398
-1.89442719099991646704
0.236067977499789869368
-0.738196601125010592322
-0.277777777777777736768
0.171676107986081736663
-0.449453885763859592621
0.0555555555555556471374
0.171676107986081612077
-7.49999999999999996137
-1.38888888888888951118
-0.44945388576385954384
-1.38888888888888910456
0.0555555555555556651361
0.106101669791695984356
-1.50000000000000064805
0.212203339583391802141
-1.50000000000000049137
-3.00000000000000037016
0.212203339583392095367
0.727231663541637200994
1.45446332708327520128
1.45446332708327503144
-1.16666666666666664955
-4.68136618697081010757e-16
6.52404964039101348738e-16
-1.19552539776284341559e-15
3.73165179343565415476e-17
5.69460378157982726988e-16
-2.67188937661034915174e-15
-1.80911933553751209487e-15
-7.71443901916704197183e-17
-4.49499541617493187653e-16
-1.23168301310287943962e-16
1.80168458244460411741e-16
-9.1080279181024578375e-16
-1.04058194687589212215e-15
-5.32031747875788336166e-16
-2.49133033240550910362e-15
-1.64537758966740829389e-16
1.74749378119662159085e-16
9.06631806988687489381e-16
4.51324627203491975655e-16
-5.30236584363210164608e-16
-0.285410196624968584265
0.190983005625052944394
0.618033988749894351208
-0.961803398874989190346
0.309016994374947332961
-2.70000000000000010323
2.50000000000000016556
-5.99999999999999959402
-4.23606797749979150762
0.140688837074972391749
0.190983005625052760742
-3.0823457031281198364e-16
-0.105572809000084083803
-2.70000000000000028154
0.746261646075056427903
-4.23606797749979110682
0.618033988749894618648
-0.105572809000084096735
2.50000000000000085065
-0.961803398874989768795
-3.93327840083935164963e-16
3.19459465930680792453e-16
1.07604100645810115824e-17
-7.58197414165792634149e-17
5.97624209284232622943e-16
-2.55861922623640098028e-15
-4.45577625421722345649e-16
-7.71327743000113533444e-16
-1.59726377336693001097e-15
6.56890725292518465933e-17
7.05496666901598487674e-17
-4.74944791223209429497e-16
8.2491724708959342088e-17
-6.04352287197785245366e-16
-2.21291973207683703418e-15
-7.53576045766045719429e-16
1.00124372130203826804e-16
4.21513347584240813092e-16
6.80948561170971261167e-16
-4.65031767913178256827e-16
-4.89798270719154341079e-17
9.70325195383675809903e-17
9.70379966183036094188e-17
-4.89828193103883526759e-17
-2.76043057975374038218e-16
-1.98509984179862909047e-15
-2.76039424351593074125e-16
7.24827691738120140783e-18
7.24647987244362459839e-18
6.39013419194782262399e-18
-9.37788704288024860443e-18
-8.3117593224264185302e-16
-9.36870061169818158436e-18
-9.17293724621094618699e-16
-9.17280522035635514822e-16
5.10219466176922786265e-16
8.22358949880168853387e-17
8.22396208989620777769e-17
2.15104013096820950914e-16
-2.36414713372127508614e-16
0.244721359549995132363
2.61803398874989517227
-1.19098300562505204999
0.223606797749978863612
2.61803398874989481339
-0.74626164607505475212
-1.78885438199983295592
-1.19098300562505203265
-1.78885438199983263149
0.223606797749978784984
1.12869165664583231528e-16
-7.76273412356840476607e-16
-0.381966011250105844612
-6.11863437940006408424e-16
1.95373835392494204535
-0.381966011250105408224
-1.11803398874989557167
2.30901699437494818989
2.30901699437494816092
-0.155278640450004133212
-0.333333333333333099663
1.56056499687497051715
0.939435003125029389785
3.24200631354648669164e-18
-0.106101669791695826957
1.50000000000000055777
1.93413914286753054405e-16
-0.72723166354163766194
-8.61567080811405477202e-17
4.20372547773904985383e-17
0.621129993749941369348
8.49995253472099080054e-16
-0.939435003125029344213
1.80237871689073591391e-16
-1.49999999999999972169
0.727231663541637450594
-0.621129993749941328431
-1.56056499687497130288
0.106101669791696077894
0.333333333333333241621
0.961803398874988348388
-2.49999999999999718056
4.23606797749978735823
-0.140688837074972464784
0.105572809000084038466
-0.746261646075056392755
4.23606797749978883056
0.105572809000084469825
-2.49999999999999936436
0.961803398874989043142
-0.618033988749893962368
2.6999999999999969135
5.99999999999999875002
-4.17915318799793380513e-16
2.69999999999999776149
-0.618033988749894315884
-0.190983005625052505864
-0.309016994374947487562
-0.190983005625052624403
0.285410196624968259703
-0.333333333333333238571
-0.106101669791695801062
-0.727231663541637745985
-1.41523299972666268876e-17
1.56056499687497072699
1.50000000000000067473
3.89471267201338118722e-17
0.939435003125029208763
7.03936529912616906526e-17
2.1617305575994173739e-17
0.621129993749941584292
9.54532470408358341663e-17
0.727231663541637617079
3.09836217303066830802e-16
-1.50000000000000003459
-0.939435003125029737099
-0.621129993749941501946
0.106101669791696114251
-1.56056499687497118282
0.333333333333333423901
1.16666666666666563931
-1.45446332708327371806
-0.212203339583391760977
-0.0555555555555556892408
-1.45446332708327375322
2.99999999999999818873
1.38888888888888918902
-0.212203339583391663805
1.38888888888888887938
-0.0555555555555557397794
-0.727231663541636780753
1.49999999999999842833
0.449453885763859598014
1.49999999999999878253
7.49999999999999793217
0.449453885763859679159
-0.106101669791695917527
-0.171676107986081991312
-0.171676107986081966513
0.277777777777777667805
0.961803398874988800095
0.105572809000084193481
0.105572809000084788081
0.961803398874988842007
-2.49999999999999813643
-0.746261646075057933426
-2.49999999999999942796
4.23606797749978757977
4.23606797749978955459
-0.140688837074972298776
-0.618033988749894495336
-3.68872259507146700384e-16
-0.618033988749894681971
2.69999999999999798509
2.69999999999999897026
5.99999999999999977368
-0.190983005625052372651
-0.190983005625052487737
-0.309016994374947424889
0.285410196624968355687
0.155278640450004107127
-2.30901699437494657231
0.381966011250104015601
-0.223606797749978859057
-2.30901699437494648864
-1.95373835392494604948
1.78885438199983197759
0.381966011250104096289
1.78885438199983162564
-0.223606797749978760821
1.11803398874989461143
3.42256377561010090936e-16
1.19098300562505287293
2.06591346297449443593e-16
0.746261646075057815415
1.19098300562505247952
8.40302084600711059867e-16
-2.61803398874989477673
-2.61803398874989473331
-0.24472135954999637128
0.738196601125009676713
-0.236067977499789819684
-2.49999999999999838989
0.440688837074972123269
1.89442719099991441743
-1.95373835392494336545
-2.49999999999999981693
1.89442719099991534283
-0.236067977499789645548
0.738196601125010070802
-1.30901699437494592979
2.69999999999999732536
0.809016994374947582015
-6.17731046052788510975e-16
2.6999999999999982009
-1.3090169943749464387
1.6180339887498925857
5.99999999999999852675
1.61803398874989343635
-0.385410196624967998357
0.73819660112501003257
1.89442719099991532791
1.89442719099991609695
0.738196601125010319394
-0.236067977499789340161
-1.95373835392494190012
-0.236067977499789535366
-2.49999999999999905751
-2.50000000000000035859
0.440688837074972386883
-1.30901699437494657435
-6.57648001732040557577e-16
-1.30901699437494714109
2.69999999999999778792
2.6999999999999987731
0.809016994374947504429
1.61803398874989360548
1.61803398874989444199
5.99999999999999964303
-0.385410196624968233527
1.00000000000000022384
2.49999999999999965573
2.50000000000000020461
0.999999999999999991182
2.49999999999999965477
13.5000000000000011048
2.50000000000000137724
2.49999999999999998922
2.50000000000000090551
0.999999999999999613496
-1.54508497187473693275
1.38643328098365235588e-15
-1.54508497187473744588
1.70646797705955485239e-15
2.13580509576508532288e-15
-1.54508497187473674812
4.04508497187473565196
4.04508497187473776107
4.04508497187473764878
3.00000000000000121482
