-1.0
-0.577350269189625764509
-0.408248290463863016366
-0.447213595499957951694
-0.577350269189625764509
-0.408248290463863016366
0.447213595499957951694
-0.577350269189625764509
-0.408248290463863016366
1.0
-0.577350269189625764509
-0.408248290463863016366
-0.723606797749978975847
-0.098623200025928817013
-0.408248290463863016366
-6.97348108258677876345e-17
-4.02613679515253238973e-17
-0.408248290463863016366
0.723606797749978850601
-0.0986232000259287923769
-0.408248290463863016366
-0.276393202250021024153
0.675973469215554581522
-0.408248290463863016366
0.27639320225002091313
0.675973469215554581522
-0.408248290463863016366
0.0
1.15470053837925152902
-0.408248290463863016366
-0.723606797749979045582
-0.417774579468393488939
0.0430999187937521500502
-6.97348108258677876345e-17
-0.384900179459750523093
0.13608276348795430083
0.723606797749978920336
-0.417774579468393480726
0.0430999187937521732773
-0.333333333333333379823
0.192450089729875201155
0.13608276348795430083
0.333333333333333259318
0.192450089729875212104
0.136082763487954308572
-3.18050482305496111293e-17
0.835549158936786820368
0.0430999187937522948962
-0.276393202250021093888
-0.159575689721232356093
0.773396662133973654929
0.276393202250020982865
-0.159575689721232356093
0.773396662133973654929
-3.18050680828843124019e-17
0.319151379442464554677
0.773396662133973799775
0.0
0.0
1.2247448713915890491
