0.166666666666666671293
0.333333333333333328708
0.166666666666666666667
0.333333333333333328708
0.166666666666666671293
0.166666666666666666667
0.0
0.0
0.0
0.166666666666666671293
0.333333333333333328708
0.166666666666666666667
0.333333333333333328707
0.166666666666666671293
0.166666666666666666667
0.166666666666666671293
0.333333333333333328707
0.166666666666666666667
0.333333333333333328708
0.166666666666666671293
0.166666666666666666667
0.0
0.0
0.0
0.166666666666666666667
0.166666666666666666667
0.333333333333333333333
0.0
0.0
0.0
0.166666666666666671293
0.333333333333333328707
0.166666666666666666667
0.333333333333333328707
0.166666666666666671293
0.166666666666666666667
0.0
0.0
0.0
0.166666666666666666667
0.166666666666666666667
0.333333333333333333333
0.166666666666666666667
0.166666666666666666667
0.333333333333333333333
0.166666666666666666667
0.166666666666666666667
0.333333333333333333333
