1.0
4.27016101300508328883e-26
-3.99120932116380438104e-26
-3.28947832907774039732e-26
0.723606797749978975847
0.276393202250021024153
-3.99120932116380438104e-26
-3.28947832907774039732e-26
0.276393202250021024153
0.723606797749978975847
-3.99120932116380438104e-26
-3.28947832907774039732e-26
-2.35552565962940057462e-26
1.0
-3.99120932116380438104e-26
-3.28947832907774039732e-26
0.723606797749978975847
-5.43014552599618362986e-23
0.276393202250021024153
-3.28947832907774039732e-26
0.333333333333333379823
0.333333333333333310088
0.333333333333333310088
-3.28947832907774039732e-26
5.55114181680139506296e-17
0.723606797749978906112
0.276393202250021038376
-3.28947832907774039732e-26
0.276393202250021024153
4.30260174479609143064e-24
0.723606797749978975847
-3.28947832907774039732e-26
5.55113598691148045019e-17
0.276393202250020968642
0.723606797749978975847
-4.738347601435601161e-23
9.32476482923219825406e-27
3.43681454739312033765e-26
1.0
-3.28947832907774039732e-26
0.723606797749979045582
-4.65101932188380517469e-23
1.10301249969972608729e-26
0.276393202250020954418
0.333333333333333379823
0.333333333333333310088
-1.60705992906184521021e-23
0.333333333333333310088
5.55110788120463061563e-17
0.723606797749978975847
4.89839001807703301308e-23
0.276393202250020968642
0.333333333333333379823
-8.95224548906695169698e-23
0.333333333333333310088
0.333333333333333310088
5.55112676108916037959e-17
0.33333333333333331483
0.33333333333333331483
0.33333333333333331483
3.18052415533664975651e-17
4.23548437897790757322e-23
0.723606797749978925077
0.276393202250021043118
0.276393202250021093888
-4.45725134871851584193e-23
-2.44136119144214148871e-24
0.723606797749978906113
5.55111954773191341104e-17
0.276393202250021038376
1.79650539353977848861e-23
0.723606797749978906112
3.1805146771619113057e-17
8.07979731516098633722e-24
0.276393202250020973383
0.723606797749978994812
-2.86473872054884852993e-27
9.93030049291611968852e-27
-2.36060872444861221037e-26
1.0
