0.866025403784438646764
-1.11803398874989486889
-1.581138830084189666
-2.7386127875258306433
0.866025403784438646764
-1.11803398874989486889
-1.581138830084189666
-1.22474487139158911709
0.866025403784438646764
-1.11803398874989486889
-1.581138830084189666
1.22474487139158911709
0.866025403784438646764
-1.11803398874989486889
-1.581138830084189666
2.7386127875258306433
0.866025403784438646764
-1.11803398874989486889
-0.27009075673772648304
-1.98167882945870988019
0.866025403784438646764
-1.11803398874989486889
-1.1026013818937920116e-16
-1.90976451355477865945e-16
0.866025403784438646764
-1.11803398874989486889
-0.270090756737726415572
1.98167882945870953719
0.866025403784438646764
-1.11803398874989486889
1.85122958682191614904
-0.756933958067120763105
0.866025403784438646764
-1.11803398874989486889
1.85122958682191614904
0.756933958067120459058
0.866025403784438646764
-1.11803398874989486889
3.162277660168379332
5.79923815201579832215e-22
0.866025403784438646764
0.11803398874989451077
-1.14412280563536871527
-1.98167882945871007117
0.866025403784438646764
0.372677996249964852343
-1.05409255338945981409
-1.90976451355477865945e-16
0.866025403784438646764
0.11803398874989457438
-1.14412280563536869278
1.98167882945870972817
0.866025403784438646764
0.372677996249964852343
0.527046276694729741653
-0.912870929175277008417
0.866025403784438646764
0.372677996249964873546
0.527046276694729771639
0.912870929175276678401
0.866025403784438646764
0.118033988749894907447
2.28824561127073699919
-8.71017056573786673588e-17
0.866025403784438646764
2.11803398874989460329
-0.437016024448821171246
-0.756933958067120954082
0.866025403784438646764
2.11803398874989460329
-0.437016024448821171246
0.756933958067120650035
0.866025403784438646764
2.11803398874989499996
0.874032048897641911136
-8.71017992877672435339e-17
0.866025403784438646764
3.35410196624968460668
0.0
0.0
