0.500000000000000030839
3.00000000000000003084
0.500000000000000030839
3.0
0.5
0.49999999999999996916
-2.00000000000000013878
-2.00000000000000006939
-2.00000000000000010023
0.500000000000000138777
3.00000000000000006939
0.500000000000000038549
3.00000000000000003084
0.50000000000000003084
0.500000000000000030839
0.5
3.0
0.49999999999999996916
3.00000000000000006939
0.50000000000000013878
0.500000000000000038551
-2.00000000000000006939
-2.00000000000000013878
-2.00000000000000010023
0.500000000000000030839
0.50000000000000003084
3.00000000000000003084
-2.0
-2.0
-2.00000000000000003084
0.50000000000000006939
2.99999999999999993061
0.499999999999999969161
2.99999999999999993061
0.500000000000000069389
0.49999999999999996916
-2.00000000000000009252
-2.00000000000000009252
-2.00000000000000009252
0.5
0.499999999999999999999
3.00000000000000009252
0.5
0.499999999999999999999
3.00000000000000009252
0.499999999999999999999
0.5
3.00000000000000009252
