-1.0
-1.0
-1.0
-0.765055323929464692316
-1.0
-1.0
-0.285231516480645096514
-1.0
-1.0
0.285231516480645096514
-1.0
-1.0
0.765055323929464692316
-1.0
-1.0
1.0
-1.0
-1.0
-1.0
-0.765055323929464692316
-1.0
-0.631094441013243115474
-0.688543464649939429866
-1.0
1.02291086842218326147e-16
-0.668495612639582356037
-1.0
0.631094441013243080863
-0.688543464649939465697
-1.0
1.0000000000000001258
-0.765055323929464717914
-1.0
-1.0
-0.285231516480645096513
-1.0
-0.431260967540831363179
-0.165752193680208750438
-1.0
0.431260967540831581145
-0.165752193680208751747
-1.0
1.0
-0.285231516480645096513
-1.0
-1.0
0.285231516480645096514
-1.0
5.75205251403818410005e-17
0.377086929299878895563
-1.0
1.0
0.285231516480645096514
-1.0
-1.0
0.765055323929464692316
-1.0
1.00000000000000094509
0.765055323929464723983
-1.0
-1.0
1.0
-1.0
-1.0
-1.0
-0.765055323929464587362
-0.631094441013243115474
-1.0
-0.688543464649939429866
1.02291086842218326147e-16
-1.0
-0.668495612639582356037
0.631094441013243080862
-1.0
-0.688543464649939465697
1.0000000000000001258
-1.0
-0.76505532392946461296
-1.0
-0.631094441013243115474
-0.688543464649939429866
-0.393140161655588046421
-0.53441314379999657193
-0.622331815219381617491
0.393140161655588250009
-0.534413143799996587102
-0.622331815219381627473
1.0
-0.631094441013243115474
-0.688543464649939429866
-1.0
1.02291086842218326147e-16
-0.668495612639582356037
1.54328979473259894628e-16
0.0688262875999933114709
-0.622331815219381628951
1.00000000000000026616
7.48071970444212294704e-17
-0.668495612639582384515
-1.0
0.631094441013243080863
-0.688543464649939465697
1.0
0.631094441013243080863
-0.688543464649939465697
-1.0
1.00000000000000004698
-0.765055323929464725097
-1.0
-1.0
-0.285231516480645096514
-0.431260967540831363179
-1.0
-0.165752193680208750438
0.431260967540831581145
-1.0
-0.165752193680208751747
1.0
-1.0
-0.285231516480645096514
-1.0
-0.431260967540831363179
-0.165752193680208750438
1.54328979473259894628e-16
-0.333333333333333263003
-0.133004554341855002487
1.00000000000000026616
-0.431260967540831416275
-0.165752193680208759128
-1.0
0.431260967540831581145
-0.165752193680208751747
1.00000000000000066981
0.431260967540831600019
-0.165752193680208745335
-1.0
1.0
-0.285231516480645096513
-1.0
-1.0
0.285231516480645096514
5.75205251403818410005e-17
-1.0
0.377086929299878895563
1.0
-1.0
0.285231516480645096514
-1.0
5.75207368986186545756e-17
0.377086929299878895563
1.0
5.75207368986186545756e-17
0.377086929299878895563
-1.0
1.0
0.285231516480645096514
-1.0
-1.0
0.765055323929464797269
1.00000000000000094509
-1.0
0.765055323929464828936
-1.0
1.00000000000000035293
0.765055323929464661603
-1.0
-1.0
1.0
