-7.49999999999999852501
10.1414159363196664582
-4.03618727030534599413
2.24468464817616576538
-1.34991331419048737605
0.499999999999999671579
-6.15507475536319669686e-22
6.1104482070779867525e-21
-1.44806041349254346779e-20
6.16321680393211707991e-21
3.92754485709227712239e-21
4.69603807222749457129e-22
5.98265358471903518489e-21
3.372202079721979629e-21
1.16964993487160412231e-21
6.532525242695373332e-22
-3.95597097968860400799e-21
2.84620294133721865393e-21
2.00220769995746343329e-22
-5.74160449047878856414e-22
-1.0122816640383466885e-22
7.94120063106420478446e-21
-3.26718499844078423158e-21
1.3630687801940287599e-21
9.32422168163244031851e-22
1.90891129204835621642e-23
-5.4591116459524130901e-21
1.37187702496644782993e-21
7.01040073793914216049e-21
-2.75650847992725051876e-21
-2.61875931055681961483e-21
-5.81778587788286325313e-22
-2.6607452638792697998e-21
-9.62434344586452534104e-22
2.36871713151746466329e-22
-5.69164401435158528683e-24
-1.2541323977611546328e-21
3.94067750456590697372e-21
4.09130653616320523447e-23
1.36923976618403895364e-21
-1.26474478277765131304e-21
1.77313173912040632871e-21
1.532167658638395393e-21
-1.49708557348562506201e-21
-4.47300826942241078469e-23
3.45955673444131063375e-23
-2.55725462751291537391e-22
8.86168156976384780833e-22
-2.47174857615074794706e-22
7.11902719518518935972e-22
-6.47967028886173224112e-22
1.66519780105035752992e-22
1.4830837823766665039e-22
5.90979666470008735018e-22
3.77552358208174034995e-23
-1.64059109434454993908e-22
-1.78636494833909436644
-9.13661459180974693429e-16
2.52342677742945579622
-1.15282815853592924694
0.653547507429800083016
-0.2377811779842313522
1.05632931084143330594e-21
4.84668870928198281225e-22
-5.84386231503139086912e-21
1.76621052785775970017e-21
-7.91343815898316343649e-22
8.11303210588992229143e-23
3.65483675351276361563e-21
1.19696768065841569423e-21
6.36104193930874162355e-22
3.91272535511265203836e-22
-2.58380027857800887169e-21
1.63027548401346898684e-21
-2.0430411661592589501e-22
9.01650300800791677874e-23
-1.21805460212495563625e-22
5.79843093033372005105e-21
-7.6544588860681009179e-22
-9.50505216550704360746e-22
8.54797575089419697543e-23
-6.59656057882011159107e-22
-3.52945932623579962482e-21
4.93061352830821418811e-22
4.1161402208355063007e-21
-1.46662331568091713742e-21
-1.73281244445395506831e-21
-8.84228363235510658993e-22
-1.66815569444427720842e-21
-8.63764751524158259417e-22
1.88381915890397304057e-22
6.60458529340492565832e-24
-4.73843325007991539814e-22
2.36413347606241841968e-21
1.12856499366934737058e-21
3.18165526416551314258e-22
-5.46493595974546583169e-22
8.80085581568368733176e-22
1.46241254050431301806e-21
-1.12065344041702739422e-21
-1.93493433283423028029e-22
1.38219036900377929973e-23
-4.37523570948386392592e-22
5.39709773777707822516e-23
-1.16070665736759832591e-22
3.18636220171988249065e-22
-2.2533109655414178663e-22
1.14992556465711335436e-22
5.96417076001071274642e-23
5.24553147860029906736e-22
3.84547566247883332866e-23
-1.31291797743537464601e-22
0.484951047853569177096
-1.72125695283023340003
-7.53183986455885723042e-17
1.75296196636786610024
-0.786356672223240808092
0.269700610832039006109
4.21569684161395769712e-23
-2.13508949421994287834e-21
2.55611931665592103426e-22
-1.17927744815657642666e-21
-1.03098676716137247378e-21
5.90804892465542070937e-22
-6.42368648093174892528e-22
-6.18556804724011566291e-22
-3.87955495607487036504e-22
1.45186580587289924634e-22
-1.00789785386010439947e-21
7.91583354313848375704e-22
-2.7775516534181485833e-22
4.98710874294633924163e-22
-6.05803843903756374547e-23
1.20877354232379969844e-21
2.14817691757875413605e-21
-1.50969873530952139364e-21
-5.45411265487878315558e-22
-3.0118478628400197559e-22
1.25593581454982109116e-22
-1.29628814510467168616e-21
1.36966814015160066051e-21
-3.40094254480415798934e-22
-6.82481618997376176158e-22
-3.50428478805318682992e-22
-2.54580907781254291837e-22
-6.80739246545199109271e-22
1.19260004098040799934e-22
1.08633830981548958202e-24
5.60309103587691133033e-22
-4.16528382728051145934e-22
1.52748506245918213317e-21
-4.63081273024913614587e-22
-1.05174717526089492554e-22
3.60897490932649852374e-22
8.31164079823618257313e-22
-1.0296521099314777502e-21
-7.807396165080848571e-23
5.52839500585745718769e-24
-2.86692132904016083985e-22
-2.52752071648284982266e-22
-2.56179724907278115077e-22
2.04333171068238869537e-22
-4.82923926408857350127e-23
4.27807878995114063866e-23
-1.08921650785024693621e-22
3.29100775670840197071e-22
1.51855955759993706298e-23
-4.07288017032411642091e-23
-0.269700610832039006108
0.786356672223240808093
-1.75296196636786610024
7.53185707826759312552e-17
1.72125695283023340002
-0.484951047853569177094
-1.56186303526751496778e-21
1.02898622033720885799e-21
-3.16198000075578459569e-22
3.9979887702048343697e-22
2.73784804832394662456e-21
4.36070833380469783701e-22
-1.22558357396115467038e-21
-2.60781625311861195452e-22
-4.35034065447346176581e-22
-3.5466501380516775154e-22
9.63427855378491820361e-22
1.43451520780270841592e-22
-7.90330868075658823589e-23
4.07186527417373975015e-22
5.75558599992767833372e-23
-1.42686143765365740489e-21
1.42933013460672877013e-21
1.4867074000924397671e-21
-7.96693212837052186571e-22
2.14883396669693006018e-22
8.04458739395102257733e-22
-1.04442155362007264582e-21
6.54555226257597507506e-22
1.59364900675545082113e-21
8.06047150513565172249e-22
2.79591653004590119927e-22
1.00171617448503249588e-21
-7.33662666277967590623e-22
2.54617166677489809239e-22
-1.17829629668037306795e-24
8.6301761099015173238e-23
-1.16070235311020771469e-21
-1.47992958496236461639e-22
6.29825890764015308257e-22
2.04999366971644104837e-22
-2.89493568560602291003e-22
1.22333072629835667665e-22
-8.81315827854810507945e-22
1.50876842272151391367e-23
-4.61825318704142847973e-24
-3.45183372016531713181e-22
2.62921298798965573176e-22
-2.67066381859463188888e-22
2.35377204723963325532e-22
-4.11223059868493906219e-23
-4.30624472383509161786e-23
-2.81965036661131883823e-22
1.12709471072514301718e-22
-9.44293520431074979257e-24
3.72529186048586767829e-23
0.237781177984231352199
-0.653547507429800083021
1.15282815853592924694
-2.52342677742945579622
9.13670540475253804788e-16
1.78636494833909436644
1.42192556808375524151e-21
1.73177949501490974293e-21
5.94541837543441324618e-21
-6.51882308974721347527e-22
-2.33910040523253760447e-21
-1.3889051926505450262e-21
1.53529428239048171017e-21
1.51155357069324437726e-21
1.59138632871280977007e-21
-2.72509662892134446462e-22
2.70572656666101668969e-21
-9.23645224023629858206e-22
9.49272225689063283697e-23
8.32496564378880828022e-23
1.31809499728211498578e-22
1.78921852795142048898e-21
-2.77204376613080085235e-21
9.74780698280023008537e-22
1.26740214373025434501e-21
-3.52025444749142027705e-21
-1.90276505191799546068e-21
2.06937606979008858845e-21
2.1778068499833858092e-21
3.11853463904166518911e-21
1.85926639832914604992e-21
1.02411522073450662815e-21
1.76775295513809533444e-21
-4.91188425433149164152e-22
6.00002548140813111156e-23
-5.00887357564182211374e-24
-1.33312551542969297386e-21
8.50863391027420091278e-22
-3.07421741768045515052e-21
3.67100204093156051231e-21
4.54199868309286872256e-22
-1.18184533779055367503e-21
-4.67629797192172828586e-22
-9.14518712483549881792e-22
2.62365007822927331237e-22
-1.88927506182279847174e-23
-7.8707071547323302265e-22
-6.29079683798870640703e-23
3.4654101674525617621e-22
3.97435208181291337291e-22
-1.11531915611809462173e-22
-1.16401195242358823545e-22
-6.64661211596892734888e-22
-6.47701308229482065371e-25
-5.49396513008949790912e-23
1.43497880471366493996e-22
-0.499999999999999671577
1.34991331419048737604
-2.24468464817616576537
4.03618727030534599413
-10.1414159363196664582
7.49999999999999852499
5.12423528704496885154e-21
-4.20496018449956339433e-22
1.56468331715118791022e-20
-4.52807664328202344207e-21
-1.03919648762078034651e-20
-3.08144717887731943801e-21
3.19102515849619018733e-21
3.66560288919643358606e-21
3.08675506141477760063e-21
8.73444112732882478057e-23
3.48697357614777766525e-21
-1.79550516151971306719e-21
3.71745195466985301714e-22
-2.94739762616721912574e-22
1.25590789944573870309e-22
6.29678972508875985053e-21
-7.14294844557129933906e-21
-9.29381046509983792545e-22
3.30495941934113066931e-21
-7.98102451449483986744e-21
-3.21806728897471987533e-21
3.92809766431495078454e-21
3.98204623272936080681e-21
2.91333616008381343455e-21
2.32272423333136125156e-21
9.40723959542004885206e-22
2.5786103401815680147e-21
6.73116232835877004745e-23
-4.70178809310387911844e-22
-7.22804686545974673799e-24
-2.11663713918101526602e-21
2.72146833155866562753e-21
-4.89976516655639840114e-21
6.02237750364572875079e-21
5.85030356156732580471e-22
-1.75517039696252319147e-21
-6.61270412139479985429e-22
-1.34528572346949099811e-21
8.61254871888014602677e-22
-3.25933662124039684341e-23
-1.25944191347663998256e-21
-3.63963673398842042043e-22
5.46880192815600773764e-22
7.5354661492647861827e-22
-4.54054273272880874065e-22
-1.61634515661964748215e-22
-1.06588166918357704555e-21
-2.37593958674940096607e-23
-6.48550243620426588237e-23
2.33703632510015476493e-22
-1.28003019552889160002
3.28699404135770443233
-2.78125607936700274254
2.32277392791479409658
-1.79489292921675802728
0.773652376815897424637
-5.08872190642628095138
7.26982839112031930028
-2.96452234422402589754
1.37545531904343991274
-0.402254173414258699532
-0.57372696917823668205
-0.629021964770013688364
0.29452047988959381949
-0.140456176490205462015
0.402708880788749256516
0.156863545477968769509
-0.027315615745649250262
-0.265652873029680560698
-0.0426988897549799362636
0.107753154737516485874
8.10065929463347891434e-22
-2.28108721550775497039e-21
4.38066225470273096971e-21
2.72068201716088873803e-22
-1.55569754232555473519e-21
-1.62933700104608506738e-23
7.32984742564808839408e-22
4.78247224467939094804e-21
-2.17438256119411633379e-21
-1.52814988466599501113e-21
2.30306027870015279816e-22
2.81223875642191139044e-22
1.23832958299385015513e-22
-4.51905694965643639255e-22
8.73768701983869514979e-23
-8.60758543895509595487e-22
3.13360350530839541442e-21
-7.05202525144154866858e-22
1.80229702083872269361e-21
-2.12809145769800113651e-22
2.1014081011331806168e-21
1.23498392665332703722e-21
-3.83599959139251760503e-22
-1.16149977409168944025e-22
4.17292559893205795777e-23
6.45151098642183246432e-23
5.33307496343880339104e-22
-2.73785517497409699077e-23
3.50629935393928951562e-22
-3.68902981621088546782e-22
-4.40704001114476424848e-23
1.13367300649408631066e-22
3.66443102557881741768e-22
8.46259058255841272752e-23
-1.86208891972793915183e-22
0.453359766919121711732
-0.782330355209520536731
0.956732490252575359672
-0.887467509034570894788
0.740794543530244347424
-0.337675335152252102989
-1.21138759014408225727
-0.298543804440572606615
2.26390731780160360619
-0.906270766150206720398
0.260787991093943299143
-0.270178141312342913606
-0.0836094469818009426974
-0.0836094469818010619086
0.0679799450795956149168
0.130041933657597340939
0.0681268518900681274366
-0.0100142387176549907563
-0.0926422267901419895403
-0.015152556468857102128
0.0371505771590547119738
-7.22202685217081725417e-23
2.04380241029574127748e-22
5.9633209160275832607e-22
-1.27142242003590131894e-22
-1.54605846702775264787e-21
7.33360633529705448996e-22
5.35212821815919525242e-22
1.9696014347531903343e-21
-2.59506608841265986848e-22
-4.6721211326508689207e-22
-1.14607446415089960955e-22
6.47694783673436689154e-22
6.08775881978040934158e-23
-4.23828614639763660816e-22
4.00846127934350680693e-23
-3.25210194700963883449e-22
1.29706656388953899699e-21
1.43713043565472458542e-22
2.55848149913268147968e-22
-3.82607727548818066841e-22
1.52576439993241100448e-21
8.67636885947702130827e-22
6.69922282496328040923e-23
-1.56316932253260592235e-22
-1.35483295357711764557e-23
5.89685328191445886148e-23
-3.68848918036201555758e-22
-1.7616652797155831014e-23
2.19198353855306819305e-22
-3.18575896623605920186e-22
-2.94769186606100942339e-23
-1.75992705038863208045e-23
3.59882983303362294628e-22
5.97094634440600412921e-23
-1.41287562970013422943e-22
-0.30541655679352036644
0.627663291133674708945
-0.708459404155510980117
0.708459404155510980724
-0.627663291133674855773
0.305416556793520444288
0.375266975894504696665
-1.55859989413344480219
-8.61523258008364618006e-16
1.55859989413344548626
-0.375266975894504603305
0.0768930654022550280507
-0.0762769160765908195382
0.0762769160765910305913
-0.0768930654022550000366
-0.0131923238787409934315
-8.61977635074316478543e-17
0.0131923238787409373212
0.00878912587195918385127
-0.00878912587195910100331
-2.71424103801730474724e-17
-1.96183902273512808824e-22
6.97735415080455817081e-22
3.10303494005602176065e-24
-8.05923625255045120191e-22
4.00114329542654377292e-22
3.4006850086588373382e-22
6.44490064392464508041e-22
4.68632402750243000294e-22
3.62728424522598890372e-22
9.33141156196891489252e-23
7.95003522232754734457e-24
1.39367278785141162049e-22
1.46163862834607562382e-22
-5.12601243621006469846e-22
4.73994862066002132925e-24
1.4952995511891862197e-23
-9.49687821668461801851e-22
6.08829978944304244874e-22
-5.81236337768093959409e-22
-6.79724114279886557925e-22
3.84160446998817799648e-23
3.8978290741773540429e-22
-1.15923676104690557232e-23
-1.28254894122655783494e-22
-1.65257614255592951158e-24
5.48233034530908615288e-23
2.38003879433253219141e-23
-3.90830770803549761382e-22
3.07824670443779193079e-22
-4.09065797169864933809e-22
8.90158066000603597196e-24
-2.52968458903906867225e-22
2.66781661512853652461e-22
-9.92664291479638228137e-24
2.20947273295776130417e-24
0.337675335152252032432
-0.740794543530244220475
0.887467509034570902802
-0.956732490252575569393
0.78233035520952081513
-0.453359766919121792089
-0.260787991093943369987
0.906270766150206500908
-2.26390731780160416993
0.29854380444057456315
1.21138759014408125059
-0.0679799450795956248195
0.0836094469818010414518
0.0836094469818010298086
0.270178141312342672953
0.0100142387176549831786
-0.0681268518900681024911
-0.13004193365759729388
0.015152556468857145309
0.0926422267901419083482
-0.0371505771590547029925
6.79200393787006233778e-22
-2.01745631634054107977e-22
-4.68227253345895336182e-22
9.54937853820309968539e-22
3.72988355806718503027e-22
-1.62649937150285955948e-21
1.53759044891299866697e-21
8.96271660699595313621e-22
-1.24205968801557553766e-21
1.0322401896570868268e-21
1.08075900343556609909e-22
-9.77092501634656226376e-22
1.57565364503085710236e-22
-3.7329666833556716526e-22
-5.13485635355671692039e-23
-1.35140737681327094681e-21
4.52040462034605158723e-22
-8.11963002063045549017e-22
1.153200082698803817e-21
-6.21413364703651255048e-22
-1.56320427274185350229e-21
-3.98488316171276320079e-22
3.8429582053019310093e-23
-2.7073049901172680036e-22
9.02452749373232966759e-24
-4.13048523923625987495e-22
2.38102385821064663584e-22
-6.55323277543718499422e-23
2.71581496710901124157e-22
-2.14477570550305926161e-22
3.01397957062281992446e-23
-4.66778231704903597179e-22
1.07197964958194835832e-22
-6.13376030118772714839e-23
1.36764972778827272652e-22
-0.773652376815897859614
1.79489292921675911086
-2.32277392791479570097
2.7812560793670047241
-3.28699404135770594967
1.28003019552889221082
0.402254173414259046752
-1.37545531904344045662
2.96452234422402779655
-7.26982839112031958459
5.08872190642627986408
0.140456176490205575946
-0.294520479889593709108
0.629021964770013029838
0.573726969178236446593
0.027315615745649075134
-0.156863545477968312394
-0.402708880788749127097
0.0426988897549800135388
0.265652873029680219662
-0.107753154737516413786
3.77268047221799058133e-21
-2.32840176818011719358e-21
-3.64307418821988266747e-21
4.47955372166242315452e-21
-3.5776420655350451578e-21
-3.28860728838310165085e-21
3.04719194342093889713e-21
1.87371598344903715547e-21
-2.62605615279878587943e-21
1.96243412511668537747e-21
-2.07538928990047210399e-22
-9.32445762653070215776e-22
3.31947585301875634649e-22
-4.53778366637477635764e-22
-1.37647483653719081031e-22
-2.4779921756473706404e-21
2.55961145523014283853e-21
-2.30145565624056829739e-21
3.85120912502172998853e-21
-5.31210855699785667363e-22
-2.01777952004720471855e-21
-1.12967962264513604569e-21
-3.02143749448032670987e-22
1.76830465963954849664e-22
-3.40645810277709777815e-23
-1.03493113229591608645e-21
-1.79773622175243724277e-22
3.30864020554111650115e-22
4.76284266178587638217e-22
-2.81508695888800003786e-22
2.38536338841698502198e-23
-8.21083786969017326422e-22
3.85969126757104983957e-23
-5.48705264788356570211e-23
2.26947747349604492931e-22
0.694896193190201869027
-0.703897776933359929869
-0.553557323210330238446
1.5157239464877257582
-1.93012840241932905951
1.0827536120723150245
-1.85444987194847323748
5.16406410553696048778
-4.57509561578328801097
3.26853829814428651268
-1.24786534501156122669
-4.69204452086395311425
5.96917684639212243411
-1.88345193647227841532
0.259411976941058865738
-0.402453339035897125539
-0.710534020721711745728
0.32186787248401283461
0.334884172792271124652
0.0614045506609512560929
-0.119243422301724063582
-3.09586110857775939284e-21
-3.91087221597180079947e-22
4.49210095900058778118e-21
6.77407757286204499794e-22
-8.46287722716547660043e-22
2.20241202841818595001e-21
-2.6668890844266165491e-21
-3.05149090016697051763e-22
-3.76202338351341139575e-21
2.59897977238218974081e-21
-1.94410671494667410143e-21
2.13886482143776580701e-21
8.60097159183979817022e-23
3.08497761559679653929e-22
1.20093970145412071268e-22
-3.76318428954613381574e-23
1.98141707420209052877e-21
-2.38572840510618724884e-21
2.18592811623828098909e-21
6.05223114413503243902e-22
2.93447663847554732637e-21
6.21358847700303487878e-22
6.18695900528825776026e-22
-1.47275815916822990378e-22
-1.05110028667422005131e-22
7.39112706335881470006e-22
-1.90588440788137620513e-22
3.03790384571538784334e-22
2.46568621576563946377e-22
-6.3095540790651887427e-22
-1.01372673335697471478e-22
-5.94238789580867054965e-23
2.81148354140260238392e-22
1.92047619331219993173e-22
-2.39800224500404278834e-22
-0.371122772217873800273
0.432144974550610108168
-0.0914980035765989460734
-0.356173147343186327639
0.650740192913175341974
-0.426811325672825970884
0.76153711483591130727
-1.50308860783751345371
1.84468243841252299166
-1.50308860783751348152
0.641951067041215679159
-1.06926537513359062513
-0.239346332431987491687
1.92095935448911408464
-0.342980823464445429745
-0.360805970978080167135
0.0555112862959318068835
-0.168391068978854191077
0.133873823702236633194
0.056877998656105378954
-0.0657062154243534470356
3.0815861727641443143e-22
-1.6440629611132147989e-22
9.36296827100843254612e-22
-2.6108703244076821772e-22
9.3670306534686402461e-23
1.27435673552070620914e-22
-8.48253314638297957101e-22
-9.0031336155467924342e-22
6.45890428207729615115e-23
2.04333109457678819831e-21
-1.29048009342740124844e-21
5.18687843701053543079e-22
-3.80549916969405516915e-22
7.03498218790687687895e-22
-1.16755049818439568095e-24
3.27698420052507742326e-22
-1.06339513203342424159e-22
-3.62295803332581688667e-22
-1.44155999671105672752e-22
-3.621420175438781949e-22
1.2885570956207550662e-21
5.58656716112594823273e-22
7.38525637651203802906e-22
-2.70923820914301123783e-22
-7.41282916317931852938e-23
5.7981501022875521696e-22
-3.04221733175809160497e-22
-4.97359304063836981809e-23
2.90280956874892385803e-22
-8.45244882546838183055e-22
-7.42572417725363198848e-24
-1.94677396064023626461e-22
3.37177082471173069494e-22
8.20245685770295440594e-23
-1.18846642848888067238e-22
0.426811325672825653407
-0.650740192913174788168
0.356173147343185950022
0.091498003576599229149
-0.432144974550610428393
0.37112277221787397485
-0.64195106704121570407
1.50308860783751307742
-1.84468243841252253523
1.50308860783751303739
-0.761537114835910990397
0.34298082346444496701
-1.92095935448911334499
0.239346332431986336075
1.06926537513359150993
0.168391068978854159917
-0.0555112862959318503559
0.360805970978080323093
-0.0568779986561054481004
-0.133873823702236588385
0.0657062154243534598298
3.88794340056997495146e-22
3.2323485676958262332e-22
-9.14086387213443454704e-22
6.97024086592565470338e-22
6.03759509017973117302e-22
1.9799765555243215361e-22
2.26540796255722058585e-21
6.6726890478344913304e-22
4.92078758573186216615e-22
-1.289362710205376777e-22
1.26613938531746936182e-21
-1.66859919581283294822e-21
-2.79818912152708406918e-22
3.50272731624130056318e-22
-1.58602438217375934814e-23
-5.92255150624879586655e-22
1.2736711933201387145e-22
8.57810901806363963552e-22
-8.50421764456755278972e-22
-1.28872958609300941724e-21
-1.31514826616568030773e-21
4.10418337703801639086e-22
4.05238188669963429242e-22
-3.84052367896241691793e-22
8.93390818090987775008e-23
1.31220624952232589699e-22
3.23884786606057763271e-22
-2.77896311687811955605e-22
4.04866674454898354437e-22
-8.27766331827648412027e-22
4.75765174693616773434e-24
-4.00260398413660524285e-22
2.72244650424625705349e-22
-8.6641127825375275386e-23
1.17781689780714826619e-22
-1.08275361207231408608
1.93012840241932727398
-1.51572394648772437533
0.553557323210329288684
0.703897776933360834012
-0.694896193190202129794
1.24786534501156107152
-3.2685382981442847758
4.57509561578328612764
-5.1640641055369587488
1.85444987194847168675
-0.259411976941058385502
1.88345193647227766727
-5.96917684639212343245
4.69204452086395385124
-0.321867872484012651795
0.710534020721711530501
0.402453339035897690457
-0.0614045506609514257162
-0.334884172792271165725
0.119243422301724154921
-2.11740350808949105032e-22
1.48288051046805648711e-21
-4.71902493641893818374e-21
5.09669532603930127404e-21
-6.10314684150157225689e-22
9.01634804188726926467e-22
2.68005337801354443093e-21
1.49604157933102891946e-21
-3.7804232879791613394e-21
-3.92516787988585676804e-22
2.07134894709092152635e-21
-3.6160317319501089117e-21
-3.1026681013091346203e-22
1.14814572966187909792e-22
-7.54202543775406177363e-23
-2.44250385297453497083e-21
2.90940551057833619316e-21
7.25613650513094450619e-22
7.52300694591151041149e-22
-1.61842954404636228576e-21
-2.77627792960384662901e-21
-3.28914591405401312466e-22
3.91362517601079419884e-22
-4.26855601220905184133e-22
6.29347598617431000636e-23
-6.88962900772484357011e-22
2.36432904976102131382e-22
-8.44058243417330994581e-23
5.87297069894225648449e-22
-6.40897648564089815992e-22
1.09408978138709664967e-22
-5.31240778854773819588e-22
2.13685126269959395012e-22
-1.6230771506095436782e-22
2.34680786022848569496e-22
-0.38894403313376284263
0.0614045506609511588044
0.32186787248401236219
0.259411976941059473119
-1.24786534501156283587
1.08275361207231531784
1.12124084501551130184
-0.710534020721710538492
-1.88345193647227951177
3.26853829814428629359
-1.93012840241932778768
-2.15541530540376231703
5.9691768463921223483
-4.57509561578328836734
1.51572394648772588925
-4.69204452086395366816
5.16406410553696058759
-0.553557323210329679185
-0.133192919118240117943
-0.703897776933359839562
0.209945145336632773107
2.42969575652975241744e-21
-9.20893275564575767541e-23
2.77885146818826583088e-21
5.30385132372451684761e-22
3.07351264804177569378e-21
-2.52246201421666809519e-21
-7.36954855349987461982e-21
-3.49377952585230194627e-21
-5.62395707399274806143e-21
5.88307028258642349428e-21
-5.21903779698819142341e-21
-1.08376708373159088198e-22
1.63205665900708286033e-21
4.75308225411030716195e-22
-3.12246879472514948758e-23
1.52425774359926126943e-21
2.52295301118896997496e-22
-1.8491870165278437021e-21
1.37441486242159600704e-21
1.10319605927556462088e-21
2.364822231157169547e-21
3.64663150304021828942e-22
4.7512805144396715651e-22
-7.73851446907587907929e-22
-3.43125304093921202311e-22
1.0342816981783468051e-21
-5.66037713539325593725e-22
2.34206558306220434908e-22
4.96707245878092291771e-22
-1.16185697865478408397e-21
2.76999821910291730205e-22
-1.71717314136212750673e-22
4.036255107578742849e-22
1.05676830400184544328e-22
-2.20430326522813999327e-22
0.374825912311306648538
-0.275940547562800409079
-0.07799418379725050042
0.0779941837972503477458
0.275940547562800837714
-0.374825912311306907457
-0.833436770320385971522
0.974397618040274212885
2.93881343917673580949e-16
-0.974397618040274148653
0.833436770320385733867
1.01750944269216790206
-2.34751676478340401913
2.34751676478340424096
-1.01750944269216826749
-1.22691063156491801379
4.44730249796298879923e-17
1.2269106315649180111
-0.429057234934561726081
0.429057234934561708923
-1.85235964846860130157e-17
2.3294029565041464526e-21
6.65673125436804148184e-22
7.38395324054846601234e-23
8.25017322841537685915e-22
1.14084542144815406063e-21
-6.98214143668449838528e-22
-1.23600033153654204961e-21
5.90955027293672895141e-22
1.25706846615053262755e-21
1.10820537965502699715e-21
4.6727114108889065493e-24
-1.3435863782010308488e-21
2.13462447883717552322e-21
-3.93601160193585667065e-22
-1.23539096860212470242e-23
7.08720011839052549953e-22
4.4698056615676368596e-23
4.02607175844346012088e-22
-6.6924108340286812553e-22
1.242842443802874815e-22
-2.53959129152637370617e-23
9.91604686806747986128e-22
1.90586517937465893202e-22
-8.38326626885854018307e-22
1.07938817878118729588e-23
7.2457091558295304524e-22
-2.00511892092850574114e-23
6.9903622805302851936e-23
3.55400957986914778844e-22
-1.3101252082999601486e-21
-1.15175844173862877458e-23
-2.95008709033675046792e-22
3.34762624196316506848e-22
3.87191272303763607674e-24
-9.1735764179663679071e-25
-1.08275361207231434514
1.24786534501156128323
-0.259411976941058748707
-0.321867872484012353437
-0.0614045506609517151391
0.388944033133763237837
1.93012840241932779686
-3.26853829814428529146
1.88345193647227769983
0.710534020721710686255
-1.12124084501551115203
-1.5157239464877247466
4.57509561578328702148
-5.9691768463921225739
2.15541530540376305403
0.553557323210329790752
-5.16406410553696133594
4.69204452086395441051
0.703897776933360224307
0.133192919118239817991
-0.209945145336632760727
-2.08507912697712615493e-21
2.36154178005183497342e-21
-2.99788515639563640165e-21
4.51927457667186760004e-21
-1.68684804313585621472e-21
4.43876345762882779149e-21
4.31447055076519107518e-21
3.4405994923818225403e-21
2.76264619064847683747e-21
-2.98459666005302414478e-21
5.5703272619442144776e-21
-2.60325963468218496694e-21
1.19905453692286623579e-21
-7.75228692714967683297e-22
1.28109587941882589589e-22
-1.1277392227970447014e-21
2.01423835860247270511e-21
2.00919767423289021334e-21
-1.1017025233233215549e-21
-9.68448173096378124335e-22
-2.33686145527003568033e-21
1.35226878368417622253e-21
-1.55932327752887793674e-22
-5.55127009763046641666e-22
2.80125771878611449497e-22
1.08724690617371819688e-22
6.44396523155912383404e-22
-1.18206689652010942543e-22
6.02880767391752287788e-22
-1.42134835029617583561e-21
-2.37923279880873142842e-22
-5.01478943637316431401e-22
3.080038828787333875e-22
-1.19082661441495509889e-22
2.21922930815490125469e-22
0.345534332721748085039
-0.0426988897549799689912
-0.027315615745649533475
-0.140456176490204965676
-0.402254173414259719558
0.773652376815898163824
-0.919200380459481388052
0.156863545477969375264
0.294520479889593797155
1.37545531904343926433
-1.79489292921675799691
1.55553703932467939094
-0.62902196477001521165
-2.96452234422402756631
2.322773927914795721
-3.09715374660769280027
7.269828391120324266
-2.78125607936700461731
-5.08872190642628069359
3.28699404135770333983
0.506334752810203058391
6.2090384854070506177e-21
1.15139142014759343468e-21
1.02827075252271749214e-21
1.41477340078105377214e-21
4.60598546040560115111e-21
-5.35238230184112879047e-21
-7.3668369116937791901e-21
1.62421032538367470515e-21
-4.53889781807013573965e-21
3.71846098637281289472e-21
-4.53277326393531701978e-21
-2.2980377726974677524e-21
9.68147210963688357281e-21
-4.98202801061406823974e-21
-4.01440781467622566195e-23
2.20740751869853047959e-21
-2.04269718024723269732e-22
-4.949499492836567977e-22
3.41585887779090169254e-22
1.68527880145293768712e-21
1.19636304381061808965e-21
1.16383364398763577214e-21
-3.75247621678849866968e-22
-1.62996969039297850818e-21
-3.14468043543013461927e-22
1.03646540944915907221e-21
-4.33503853598257437609e-22
1.78677288873472699639e-22
6.54735184189149183135e-22
-1.55182492146638094677e-21
2.63034081113879459774e-22
-2.26045380572157614688e-22
4.33172218414179068259e-22
-1.42583262278915186416e-24
-9.99532312395903184125e-23
-0.773652376815898213854
0.402254173414259271818
0.140456176490205725453
0.0273156157456488462145
0.0426988897549801351959
-0.345534332721747908802
1.79489292921675986396
-1.37545531904344167921
-0.294520479889593862213
-0.156863545477967372688
0.919200380459480004031
-2.32277392791479618345
2.96452234422403026626
0.629021964770012133497
-1.5555370393246786636
2.78125607936700439081
-7.26982839112032400327
3.09715374660769346442
-3.2869940413577030231
5.08872190642628032918
-0.506334752810203520636
1.18094128962715736965e-21
2.50339137539754689486e-21
-8.62626553502807189442e-22
3.74716446815648410171e-21
-2.51655381170991068682e-22
1.63665950490517218658e-21
-6.91016371083137340739e-24
5.59152706715531529999e-21
3.68076960754632879772e-21
-2.82405806097728827953e-21
4.53575988373974718465e-21
-2.39284400105471629335e-21
9.44599587028164593594e-21
-6.28413492842142599073e-21
2.41282870132176527273e-22
3.13100104495719975581e-22
8.5452208693437383301e-22
1.33621502012385644083e-21
-9.63144059809245570815e-22
1.40758171671968602928e-21
-6.23183355887784859663e-22
2.03811922828036288082e-21
-8.52133984523493450776e-22
-1.27030931723472313075e-21
2.05340700179155723135e-22
8.44842438570925669914e-22
3.09236656022039181762e-22
1.76102731260290458823e-22
3.83807575078312020795e-22
-1.73603442028447702993e-21
-3.74210242794816193666e-22
-3.89801805655838800941e-22
3.30754879944953906915e-22
3.91924123931876655912e-23
8.30283049644608622329e-23
-0.499999999999999265177
-1.83913589267519169758e-16
-5.06259000717026363348e-16
3.8607171246029541843e-16
-5.40696050406809373853e-16
0.500000000000000586547
1.34991331419048619709
1.34252270082892895294e-15
7.75900208724349972238e-16
-9.12915451710532458153e-16
-1.34991331419048822013
-2.24468464817616428576
-3.38197476921144238018e-15
-6.13967459873230968097e-16
2.24468464817616830205
4.03618727030534505551
8.16176698588617774424e-15
-4.03618727030535088018
-10.1414159363196659862
10.1414159363196639812
-1.15286312386840256572e-17
5.43562527743312339718e-21
2.30300700128694284392e-21
-6.51847600113208616724e-23
3.64296853269743512845e-21
3.19858006206718596569e-21
-3.78489747474472221487e-21
-4.69576811641436943668e-21
6.64411223887772364594e-21
-1.47262742862052071817e-21
-3.17444989636667803379e-22
4.95452304225424180653e-23
-3.58885772740800134313e-21
1.68717623143416622659e-20
-1.09049768377841180409e-20
2.18986517662686910599e-22
1.5842191723536991314e-21
-4.31756907070714428965e-23
5.348445290348229957e-22
-1.95836889873454770343e-22
2.6813516024341095982e-21
6.85992120618090711702e-22
2.003884323410614923e-21
-1.26159603228915173896e-21
-1.85143941105579509525e-21
-1.08132074972073539707e-22
1.16279700539007136219e-21
-1.50597278799608180276e-22
1.02003927192178399062e-22
5.18538139807873355918e-22
-1.68500963870248425821e-21
-1.48137937621941548475e-22
-3.06244818170718794704e-22
4.12899898100475341632e-22
4.67548169133567919441e-23
-2.22069683228796636614e-23
-1.28003019552889087403
3.28699404135770233417
-2.78125607936700217325
2.32277392791479403614
-1.79489292921675816197
0.773652376815897452889
-2.23453406556501340666e-21
3.34598954702992421567e-21
-1.31526236593670332084e-20
1.86766125006921198289e-21
3.06842527233990149083e-21
-2.98128507521756364147e-21
3.2115279242818156399e-21
2.24886035389141039428e-21
1.4173596998447395022e-21
1.84095196997638680207e-21
-3.68750623928948557737e-21
8.29894470849898120979e-22
1.98311153970210206782e-22
1.56718798032190082343e-21
-9.75569812533648029057e-22
-5.08872190642628169315
7.26982839112032076468
-2.96452234422402686113
1.37545531904344047726
-0.40225417341425888885
4.45445439784698074687e-21
-7.07072509284835254666e-21
-6.69434110586937112017e-22
8.84520797670434002308e-22
-2.54484980119759056389e-21
3.50477772973854772883e-21
3.14292544804852403015e-21
-2.50052762734190419008e-22
-1.60539437573827253365e-21
7.11469865388885876581e-22
-0.573726969178236121351
-0.629021964770012872845
0.294520479889593670887
-0.140456176490205361699
1.83756503410201238584e-21
-2.44788373302831153206e-22
5.2709515983171870401e-23
-4.6717668855366553082e-22
-2.41592593705441777581e-22
3.79261744750045867995e-23
0.402708880788748718412
0.156863545477968455163
-0.0273156157456492480646
1.5829490092304527844e-22
-2.44365130612273767756e-22
2.26370201510248951101e-22
-0.265652873029680202802
-0.0426988897549798348691
-1.19885497104555307208e-23
0.107753154737516384401
0.453359766919121486926
-0.782330355209520536731
0.956732490252575359669
-0.887467509034570894787
0.740794543530244347424
-0.337675335152252053717
-1.2102420764227323145e-22
-6.10797078659782430404e-22
-1.85956657004615982288e-21
-2.85628445052928090393e-22
-5.63754236611540752724e-22
-1.01564795952560655579e-21
-5.75015588263898117742e-22
-1.08443681067401348317e-21
6.70939844241202394634e-22
8.94316008487777384063e-22
1.01647032430214356006e-21
9.85535951270842416617e-22
-1.13440870998762085679e-21
-8.05272782358706247339e-22
7.91859674675161012497e-22
-1.21138759014408226362
-0.298543804440572606616
2.26390731780160360619
-0.9062707661502067204
0.260787991093943298102
6.40974246904294016798e-22
6.56260253372566355822e-22
3.3636185548730980744e-21
5.15953189493276372657e-22
-1.2896421089315355079e-21
-1.59449953922265187321e-21
7.72038290911502115769e-22
1.07225209652970672089e-21
6.58570805071157705433e-22
-5.27666504970871772757e-22
-0.270178141312342581571
-0.0836094469818009426973
-0.0836094469818010619088
0.0679799450795955476831
8.07543570194052038588e-22
-4.55179252151889128131e-22
-2.66611822179998549076e-22
4.02496855489359239538e-22
3.97418184693711298941e-22
-1.15144962007610225324e-22
0.130041933657597169833
0.0681268518900681274364
-0.0100142387176549632147
1.38609197536716560141e-22
-1.370655712112075155e-22
-4.56033214129528090834e-23
-0.0926422267901419064487
-0.0151525564688571200161
5.02699124051372316286e-23
0.0371505771590547084608
-0.305416556793520296302
0.627663291133674708945
-0.708459404155510980115
0.708459404155510980722
-0.627663291133674855774
0.305416556793520374151
6.79252544033087530751e-22
-1.58505351435814706586e-22
7.62289715007415111046e-23
-6.43551897705247344169e-23
3.08721000389587169816e-22
4.76995570290736984005e-22
-1.69637907999543789167e-22
-1.84694193972498096319e-22
-3.2281262311861745868e-22
-4.41650585875816816822e-22
1.15803001544458687831e-24
3.18521265885326880976e-22
3.80631034094151401176e-22
4.37598251770263772603e-23
-5.61379708669879434891e-24
0.37526697589450469727
-1.55859989413344480219
-8.61523607333655341916e-16
1.55859989413344548626
-0.375266975894504603907
-9.31911857169221210893e-22
9.67234569368750551519e-24
1.73418880761181255793e-21
-1.04512824122174384248e-21
3.9770525434385989542e-22
-2.39122462811687819281e-22
-2.60606815268347314152e-22
-7.01474872840384712586e-23
-1.09637316016369814127e-22
-1.4787898035408826041e-23
0.0768930654022549276008
-0.0762769160765908195385
0.0762769160765910305902
-0.0768930654022548995865
-2.63271009782018463731e-22
1.1536275673092171279e-22
1.59194281708785525179e-22
2.46426881381108090734e-22
3.16949412810842397731e-22
4.38926052798545227617e-23
-0.0131923238787409456991
-8.61977871888701099793e-17
0.0131923238787408895886
1.37548740109743395107e-22
-3.44789329013732322007e-22
-3.86321461642820173711e-23
0.00878912587195915811073
-0.00878912587195907526258
4.31997737454749490116e-23
-2.7142490010044095088e-17
0.337675335152251983161
-0.740794543530244220473
0.8874675090345709028
-0.956732490252575569391
0.782330355209520815131
-0.453359766919121567283
-9.21770432470221755184e-24
1.26896289689368427529e-21
1.72055123832680851977e-21
-5.44105918007510265408e-22
1.84887138629208374299e-22
5.2504282177078165152e-22
4.74985422729906285061e-22
4.80141597386174579889e-22
7.2904657741707382874e-23
-6.12922049727685880979e-22
-9.36709442116067908251e-22
-1.42518742379173084453e-21
1.11240465776228168346e-21
1.11693801245445984535e-21
-6.84134736783661159274e-22
-0.26078799109394336895
0.906270766150206500908
-2.26390731780160416994
0.298543804440574563163
1.21138759014408125694
5.46729970359129414839e-22
-3.61675981819377157171e-21
-9.23542311190270434112e-22
-4.95103874500393904604e-22
6.56134783404143625565e-22
1.78564968266493462773e-21
-2.24717263637639191595e-22
-8.31696770638187494993e-22
-1.22472530858030287503e-21
4.522707904517971962e-22
-0.0679799450795955575847
0.0836094469818010414525
0.0836094469818010298095
0.270178141312342340914
-7.32798535741046123434e-22
4.42900643398732017389e-22
4.8612453699237061279e-22
9.12039593866905143629e-23
5.77452069913850925089e-24
9.59414767085887511271e-23
0.010014238717654955638
-0.0681268518900681024915
-0.130041933657597122774
2.49162299605884720488e-22
8.04453867846123234313e-23
6.34067989280129615375e-23
0.0151525564688571631972
0.0926422267901418252563
-6.81303854120917659738e-23
-0.0371505771590546994793
-0.773652376815897887861
1.79489292921675924556
-2.32277392791479564053
2.78125607936700415481
-3.28699404135770385152
1.28003019552889148482
4.90932359564354955748e-22
8.11155717555592211821e-22
1.2228746424164603441e-20
-2.29494283052172368619e-21
-6.14320216780005932282e-21
-1.84176010816941183289e-22
-1.34882732830809992896e-21
-1.7057775622043756768e-21
1.68997471429712079348e-21
5.22218310085849890716e-22
2.53989045283205077225e-21
-1.63525408328445023826e-21
-5.66455363421996077255e-22
-1.59352028359073153625e-21
1.22094688167721833731e-21
0.40225417341425923606
-1.37545531904344102116
2.96452234422402876014
-7.269828391120321049
5.08872190642628060584
-1.19981730980066294804e-23
8.43945180499190802642e-22
3.55665656640685779506e-21
5.44404801864417634735e-22
-3.4201399803749887079e-22
-2.32148587225934125353e-21
-1.0625882256575382377e-21
8.91146915420450393426e-22
6.11547284637628186934e-22
-8.44372547039348024709e-22
0.140456176490205475631
-0.294520479889593560502
0.629021964770012214321
0.573726969178235885887
-1.37121557944137323481e-21
3.60389264676015423256e-22
-2.3640090525765830614e-22
-4.76003297380117558246e-23
1.05365499685564013802e-21
-2.35929100421516001076e-22
0.0273156157456490729362
-0.156863545477967998049
-0.402708880788748588991
8.07748874407075074718e-22
4.13892340244532339545e-22
-6.96386346798933527391e-23
0.0426988897549799121448
0.265652873029679861766
-1.42586732035761551114e-22
-0.107753154737516312312
0.621927168858483382763
-0.417006955789983036382
-0.875234670005566790937
1.81082720728291098327
-2.15233600531292423335
1.17232942731324790604
-1.08356720768492768975
2.91435454830489331875
-2.51333541466820653063
1.75357950857261900189
-0.659077563310036063576
-0.214952526906261072588
-0.286106997127851677739
0.245740923639995515292
-0.176739001462425257261
0.23716519840048838827
0.103303370319949154425
-0.0274706170412476097876
-0.21971939613717746081
-0.0281960902596906722138
0.104144039536394136984
-1.08356720768492782442
2.91435454830489369014
-2.51333541466820679863
1.75357950857261918235
-0.659077563310036138754
-3.75952989293941441611
5.84192951777818527015
-2.20759409276126569697
0.477335359866771078021
-0.369352803571120766859
-0.387028751812351777798
0.160887301736977271243
0.217531337309500848769
0.0136979421993481754866
-0.0640173313006012509426
-0.214952526906260814949
-0.286106997127851429278
0.245740923639995428708
-0.176739001462425090996
-0.369352803571120595959
-0.387028751812351581672
0.160887301736977204123
0.0422067699536777084534
0.04059895449392891094
-0.0185668631072938356844
0.237165198400488130987
0.103303370319949036814
-0.0274706170412476470363
0.217531337309500719637
0.0136979421993481575399
-0.0185668631072938226957
-0.219719396137177269029
-0.0281960902596906073993
-0.0640173313006012118591
0.104144039536394071004
-0.351265542119172657232
0.40607738685937805027
-0.0687429616153718608605
-0.365610051352516333839
0.65125993548199838495
-0.425976027170960372466
0.391882591304857927703
-0.784143940908263940461
0.962349491200075983153
-0.784143940908263942712
0.336503473036869851907
0.0404127415460792027053
-0.0355409906270319403652
-0.0355409906270320668418
0.0576253637649518830437
0.0253507440946025796257
0.0289595959772481594713
-0.00118050123074440781776
-0.0404952061862039763271
-0.0158416170267075370163
0.027443509806052038141
0.391882591304857940794
-0.784143940908263943528
0.962349491200075986919
-0.784143940908263945781
0.336503473036869858381
-0.915947124713261000195
-0.549203731437529650063
2.04362209088181079641
-0.398991816713511942019
-0.174418277626821516804
6.85918252758737879184e-18
-0.075977601305482466877
0.0670493788418407681201
0.0292070936758422194854
-0.0292667893036146460155
0.0404127415460791421295
-0.0355409906270319405036
-0.0355409906270320669811
0.0576253637649518126856
-0.174418277626821438508
6.85822244182851172379e-18
-0.0759776013054824327715
0.000528878144870267598562
0.000230382350845757600384
-0.00322483679654389530051
0.0253507440946025855564
0.0289595959772481595847
-0.00118050123074438474477
0.067049378841840731546
0.0292070936758422035535
-0.0032248367965438879382
-0.0404952061862039737163
-0.0158416170267075472445
-0.0292667893036146329485
0.0274435098060520428222
0.425976027170960137837
-0.651259935481997921679
0.365610051352516005022
0.0687429616153721458371
-0.406077386859378371696
0.351265542119172797502
-0.336503473036869943317
0.784143940908263837899
-0.962349491200075864722
0.784143940908263749305
-0.391882591304857720178
-0.0576253637649518715613
0.0355409906270319226797
0.0355409906270321045849
-0.0404127415460791882545
0.00118050123074443893472
-0.0289595959772481664554
-0.0253507440946026487118
0.0158416170267075529584
0.0404952061862039991825
-0.0274435098060520570566
-0.336503473036869949792
0.78414394090826384097
-0.962349491200075868491
0.784143940908263752376
-0.391882591304857733269
0.398991816713511671559
-2.04362209088181024618
0.549203731437528776581
0.915947124713261496378
0.0759776013054824503788
1.21656242489528421244e-16
0.174418277626821530908
-0.0292070936758422168655
-0.0670493788418408210107
0.0292667893036146603193
-0.0576253637649518012022
0.0355409906270319228164
0.0355409906270321047243
-0.0404127415460791276776
0.0759776013054824162727
1.21653044608145182813e-16
0.174418277626821452616
-0.000230382350845776207158
-0.000528878144870259830878
0.00322483679654389800766
0.00118050123074441586248
-0.0289595959772481665674
-0.0253507440946026546441
-0.0292070936758422009321
-0.0670493788418407844366
0.00322483679654389064541
0.0158416170267075631857
0.040495206186203996572
0.0292667893036146472521
-0.0274435098060520617376
-1.17232942731324684198
2.15233600531292227093
-1.81082720728290948559
0.875234670005565704448
0.41700695578998408731
-0.621927168858483713274
0.659077563310035901288
-1.75357950857261796613
2.51333541466820554222
-2.91435454830489227766
1.08356720768492680705
0.176739001462425234616
-0.245740923639995233406
0.286106997127851367091
0.214952526906260878388
0.0274706170412474377424
-0.103303370319948921894
-0.237165198400488321252
0.028196090259690796528
0.2197193961371772426
-0.104144039536394120031
0.659077563310035976466
-1.75357950857261814658
2.51333541466820581022
-2.91435454830489264905
1.08356720768492694172
-0.477335359866770563149
2.20759409276126447928
-5.84192951777818532088
3.75952989293941520955
-0.160887301736977230573
0.387028751812351856677
0.369352803571120657425
-0.0136979421993481572146
-0.217531337309500876894
0.0640173313006012560229
0.176739001462425068351
-0.245740923639995146821
0.286106997127851118629
0.21495252690626062075
-0.160887301736977163453
0.387028751812351660551
0.369352803571120486527
-0.0405989544939289271011
-0.0422067699536776671894
0.0185668631072938328118
0.0274706170412474749913
-0.103303370319948804283
-0.237165198400488063969
-0.0136979421993481392675
-0.217531337309500747762
0.0185668631072938198231
0.0281960902596907317136
0.219719396137177050819
0.0640173313006012169395
-0.104144039536394054052
-0.352999880269764840103
-0.0145967524084796374112
0.273811465164998999071
0.516693735737720552176
-1.69738458519333298186
1.38956543558521243684
0.760086761122394373643
-0.163140061165535168882
-1.91613921742036371909
2.96358319843785552344
-1.69738458519333135765
-0.932308017511922678806
2.53302498366962967427
-1.91613921742036412233
0.516693735737720377203
-0.223848613356412018659
-0.163140061165534905402
0.273811465164999629377
0.132423469988719584053
-0.0145967524084800181181
-0.047583323476244363113
0.425199191996767240213
-0.236152572914919840138
-0.786595248555913065138
1.33197079255502598721
-0.784480118282346562855
-1.5814812584443237689
4.6094437634940770227
-3.81278571553109204664
1.33197079255502689131
-3.73875552690776471402
4.60944376349407806221
-0.786595248555913143133
-0.0228813643108787909282
-0.236152572914919910357
0.0499322161022624499025
0.111435288930796890795
-0.217319010547813633312
0.262877406876261157184
-0.196837200112509896595
-0.291913666727160501647
-0.466051085242076941088
0.262877406876260840406
-0.215636750650569740397
-0.217319010547813629122
0.0345422235285419624723
0.0636372686681360934919
0.0895072574180081364965
-0.048317991267332341843
0.302778466022049062862
0.0895072574180082823308
0.0768295925468771312962
-0.148974897935380080306
-0.0386012706341123026676
-0.157764023807339218884
0.112228661788517578428
0.453419536977012313644
-0.352345090063577699406
-0.0588058649956960792313
0.0588058649956960679682
0.352345090063577877046
-0.453419536977012464502
-0.69175514166820205917
0.813103536885512246484
-1.56641873131534937858e-16
-0.813103536885511665343
0.691755141668201780641
0.390960795447118636689
-0.997890481827107938619
0.997890481827108128503
-0.390960795447118993298
0.109155703161451244806
2.19678421474450149385e-17
-0.109155703161451260001
-0.0141947955545201947182
0.0141947955545201745882
7.3348753669780964342e-18
-0.365770262340484625055
0.428198910389353974471
-5.61633286353512396875e-17
-0.428198910389353714517
0.365770262340484479606
0.851193319750104599842
-2.04362209088181050075
2.04362209088181087816
-0.851193319750105065538
-1.1367677688268972074
-1.20901264860998147394e-16
1.1367677688268973081
-0.131803183804997222005
0.131803183804997251666
-4.65225662807947220413e-18
-0.0608502005614957102388
0.0762079836563282136002
-0.0762079836563282917857
0.0608502005614957161579
0.0360698687719022229113
3.54835531278811317949e-17
-0.0360698687719021919145
-0.138877286999789464253
0.138877286999789538077
-8.53459652276341705473e-18
-0.00204433556579948697658
2.92782455109656127198e-17
0.00204433556579949394729
0.0380897828645925913218
-0.0380897828645926496695
-1.47506258432261137267e-17
-0.0134251722769071041779
0.0134251722769071005225
2.5023334169014837108e-17
-7.63560061333827959111e-18
-1.38956543558521194751
1.69738458519333227649
-0.516693735737720342459
-0.273811465164999201363
0.0145967524084797094559
0.352999880269764859792
1.69738458519333204531
-2.96358319843785644791
1.91613921742036436408
0.163140061165533922312
-0.760086761122393926633
-0.516693735737719801482
1.91613921742036407297
-2.53302498366963052631
0.932308017511923342222
-0.273811465164999620355
0.1631400611655347099
0.22384861335641217655
0.0145967524084800459946
-0.132423469988719543857
0.0475833234762443471824
0.784480118282346731939
-1.33197079255502617399
0.786595248555913176773
0.236152572914919397808
-0.425199191996767022382
-1.33197079255502603269
3.81278571553109122241
-4.60944376349407785959
1.58148125844432450221
0.786595248555912937992
-4.60944376349407765331
3.73875552690776455381
0.236152572914919839975
0.0228813643108788638854
-0.0499322161022624461452
0.196837200112509951806
-0.262877406876261050159
0.21731901054781375811
-0.11143528893079694086
-0.262877406876260994822
0.466051085242077286993
0.291913666727160487207
0.217319010547813694318
0.215636750650569772351
-0.034542223528541969947
0.0483179912673322364597
-0.0895072574180081343651
-0.0636372686681361618878
-0.0895072574180081955472
-0.302778466022049277864
-0.076829592546877148289
0.0386012706341124377806
0.148974897935380072013
0.157764023807339267642
-0.112228661788517644002
0.441819374688645260676
-0.0281960902596898368885
-0.0274706170412480427829
-0.176739001462424502906
-0.659077563310037699881
1.17232942731324854524
-0.960513939667420494154
0.10330337031994797555
0.245740923639995621894
1.75357950857261829725
-2.15233600531292319844
1.12463270743505845868
-0.286106997127850615709
-2.51333541466820788069
1.81082720728291151917
-1.17168501715883615327
2.91435454830489381657
-0.875234670005566399947
-0.301236852475407536064
-0.417006955789983087315
0.168567401939362012394
-0.324805322394544148501
0.013697942199347664898
0.160887301736977385345
0.477335359866770744825
-0.659077563310036282345
1.12380210345970612231
-0.38702875181234988521
-2.20759409276126744599
1.75357950857262004855
-2.6332601213727231208
5.84192951777818488506
-2.5133354146682063531
-3.46098608849884224314
2.91435454830489381835
0.12782038245915443604
-0.0865468081868892672009
0.0405989544939287486406
0.160887301736977501036
-0.176739001462425205774
0.125816216935478567857
-0.387028751812351630625
0.245740923639995202612
-0.285743356589319663611
-0.286106997127851424671
0.0552256144060818037293
-0.00855262438963881028683
0.0136979421993481072964
-0.0274706170412476189361
0.149404485419432596137
0.103303370319949157006
0.107123264742891037936
-0.0488647748317441423534
-0.0281960902596906436441
-0.12707716934703538634
0.0669934623773393855126
-1.17232942731324686373
0.659077563310035466494
0.176739001462425587081
0.0274706170412472555732
0.0281960902596911459117
-0.441819374688646348679
2.15233600531292274629
-1.75357950857261771629
-0.245740923639996135996
-0.103303370319948384418
0.960513939667421130925
-1.81082720728291023667
2.51333541466820605007
0.28610699712785221172
-1.12463270743505933314
0.875234670005566540284
-2.91435454830489400289
1.17168501715883615566
0.417006955789983357913
0.301236852475407320984
-0.16856740193936202316
0.659077563310035964036
-0.477335359866770372392
-0.160887301736977529097
-0.0136979421993479590997
0.324805322394544503112
-1.75357950857261830836
2.20759409276126408438
0.387028751812352959954
-1.1238021034597075666
2.5133354146682064485
-5.84192951777818486722
2.63326012137272300985
-2.91435454830489405301
3.46098608849884247557
-0.127820382459154434891
0.176739001462425037693
-0.160887301736977133819
-0.0405989544939290362662
0.0865468081868894135302
-0.245740923639995186332
0.387028751812351648465
-0.125816216935478599691
0.286106997127851397864
0.285743356589319696099
-0.055225614406081804379
0.0274706170412475412946
-0.0136979421993481058307
0.00855262438963884746416
-0.103303370319949033306
-0.149404485419432722066
-0.107123264742891038586
0.0281960902596906933572
0.048864774831744112331
0.127077169347035387489
-0.0669934623773393939516
-0.773652376815898431044
9.31437753748344769337e-16
-7.01839471200827273049e-16
6.45575801953236489356e-16
-7.29602204051170435862e-16
0.773652376815898144021
1.794892929216759628
-1.06889367865583209719e-15
1.09662535869799856149e-15
-1.62360619795469758805e-15
-1.79489292921675803133
-2.32277392791479548515
1.16643958636665580956e-16
-3.66824856179144872361e-16
2.32277392791479587127
2.78125607936700402534
1.46795413930412638601e-15
-2.78125607936700511315
-3.28699404135770505834
3.28699404135770473247
-8.70088058227107941609e-17
0.402254173414259482929
-5.47358797240898756969e-16
2.57988686032867770488e-16
-3.04178623413568774706e-16
-0.402254173414258804127
-1.37545531904344139136
1.68062819725163260895e-15
-1.04968314112031133476e-15
1.37545531904344069277
2.96452234422402909831
-2.8980427792581539702e-15
-2.96452234422402640734
-7.26982839112032206683
7.26982839112032223718
-4.08999774026242026264e-17
0.140456176490205479521
-1.20794682282025773366e-16
1.73148483876475290423e-16
-0.140456176490205473512
-0.29452047988959376337
8.95881318691114565325e-17
0.294520479889593616376
0.629021964770013370076
-0.629021964770013221913
-8.70341280681566324222e-18
0.0273156157456492754685
-6.47126696915429885935e-17
-0.0273156157456492470046
-0.156863545477968701038
0.15686354547796867679
-1.99429846900949460036e-17
0.0426988897549799212281
-0.0426988897549798861626
1.66790086324459288987e-17
-1.42265295031808322635e-17
0.69489619319020151299
-0.703897776933359929877
-0.553557323210330238458
1.5157239464877257582
-1.93012840241932905951
1.08275361207231478902
-3.81491312123076490673e-21
-8.79570435088316236839e-22
-8.95080524982999211302e-21
-1.17572713788780128207e-21
3.55439741191312874114e-21
-3.79887924211646390574e-21
1.94746162529397247552e-22
8.98451247833113089602e-22
1.91338512279041180341e-21
4.0633345142108874464e-22
-2.20718962644113374892e-21
2.25955435165612332957e-22
1.36971506316735786727e-21
2.18000535648322387104e-21
-1.63775129434040166725e-21
-1.85444987194847321452
5.1640641055369604878
-4.57509561578328801097
3.26853829814428651268
-1.24786534501156122248
6.74183176138878928923e-21
-5.73462906538746174728e-21
-2.36100385867916155677e-21
1.7232699500364594597e-21
-1.53612390890613993342e-21
2.73212620885144529246e-21
2.23991746489030992474e-21
-5.36165760291888884841e-22
-2.79521377556542557009e-21
9.69921168094362640778e-22
-4.69204452086395266363
5.9691768463921224341
-1.88345193647227841532
0.259411976941059188797
2.19202133553993411761e-21
-4.38495222456532474866e-22
6.63079784242764636045e-22
-2.23944017930046898207e-22
-7.09921505403134227951e-22
1.72546903665610662908e-22
-0.40245333903589726122
-0.71053402072171174573
0.321867872484012699887
5.05817456860436232474e-22
9.84776002815083769546e-22
5.86400964327328778436e-23
0.334884172792271251851
0.061404550660951341688
-8.94110867910171156612e-23
-0.119243422301724215302
-0.371122772217873660837
0.432144974550610108169
-0.0914980035765989460725
-0.356173147343186327639
0.650740192913175341974
-0.426811325672825851948
2.83221350263937701592e-22
-3.1473943032687416936e-22
-3.71004925468428488285e-22
2.86883459195753389708e-22
7.36458358045795431764e-22
-4.61000027766326473866e-22
-1.28217148051498479899e-21
-6.08043098512556031721e-22
5.05032141324185581803e-22
5.44567244195197327662e-23
1.55572075202255720642e-21
9.7188411127117605834e-22
-3.97303570354721662131e-22
-6.98275326892474132534e-22
5.45400949792842378506e-22
0.761537114835911316455
-1.50308860783751345371
1.84468243841252299166
-1.50308860783751348152
0.641951067041215683059
-4.88862362955408386559e-22
3.34970655267758715568e-21
2.8738080032868637124e-21
-6.41577266929586953911e-22
-9.00991186876477448336e-22
-2.11661058846464257471e-21
-9.12561955835332672186e-22
1.05781209814784060757e-21
-1.35526314881741973977e-22
-3.69668721618502421304e-22
-1.06926537513359084302
-0.239346332431987491685
1.92095935448911408464
-0.342980823464445606644
6.06893753690077274721e-22
-6.42967897032002359439e-22
-2.5425457643046877885e-22
1.4767951790200820739e-22
1.82320563229519018823e-22
-1.90964859199497001052e-22
-0.36080597097808003954
0.0555112862959318068836
-0.168391068978854098342
-1.99053338709688788031e-23
5.14060538408077481561e-22
-8.7052051241976865424e-23
0.133873823702236580959
0.0568779986561053349212
7.9428307649032938669e-24
-0.0657062154243534477735
0.426811325672825534471
-0.650740192913174788168
0.356173147343185950022
0.0914980035765992291492
-0.432144974550610428393
0.371122772217873835416
9.01880339785943756896e-22
6.43836389250330704562e-22
3.88747325422590699788e-22
-2.7234701549790649716e-22
-6.50080093793058869315e-22
7.28735835411304509854e-22
4.31567928569445525735e-22
7.38449601759145786409e-22
-4.26380197304362111178e-22
-2.70742354970425918667e-22
-1.53242518747426183544e-21
-3.77375760379553010012e-22
5.65162912307812433409e-22
1.1481460063232713778e-21
-5.91183596796520000091e-22
-0.641951067041215707972
1.50308860783751307742
-1.84468243841252253523
1.50308860783751303738
-0.761537114835910999579
-9.51113044209389409752e-23
-1.33813254292531964593e-21
-6.02838286545635075685e-22
-1.62419924325169804157e-21
9.77439433948048781291e-22
2.24926424290884095095e-21
6.52385497986221014155e-22
2.59753655721139334049e-22
-1.4871037799025675736e-21
4.53128441220075361298e-22
0.342980823464445143907
-1.92095935448911334499
0.239346332431986336074
1.06926537513359172782
1.13496387881321948036e-21
4.21505519112166542582e-22
-1.37869819506602791833e-21
-3.13189765578691994732e-22
-2.93428377161867711296e-22
1.16139438177145388722e-22
0.168391068978854067181
-0.055511286295931850356
0.360805970978080195497
-2.39992889979417665326e-22
2.89767765525885274941e-22
9.59657593228643823468e-23
-0.0568779986561054040673
-0.13387382370223653615
-9.43866361090379725588e-25
0.0657062154243534605677
-1.08275361207231385059
1.93012840241932727399
-1.51572394648772437534
0.553557323210329288693
0.703897776933360834009
-0.694896193190201773763
-2.61483736761542373934e-21
-9.08381935863949673306e-22
8.91018821440317625528e-21
-1.59017243966167007863e-21
-2.56331291840854800898e-21
2.44053698760763442527e-21
-4.15674911961732811599e-21
-4.26421263386074009301e-21
2.16322624329582626928e-23
1.62268087548486264024e-22
2.07024923308156349025e-21
-4.65087753311598502692e-22
-1.72433589298249683462e-21
-2.13693659639982426382e-21
1.783654352007967785e-21
1.24786534501156106731
-3.2685382981442847758
4.57509561578328612765
-5.16406410553695874882
1.85444987194847166379
1.13212738000499019784e-21
1.71248936466977782456e-21
4.60586759837278488195e-21
-5.68407043968626911078e-23
8.48395322238827664489e-23
-2.64430394487889773371e-21
-8.9174459733387326664e-22
2.24631259864959816803e-21
1.28069051050590451278e-21
-1.20549677459669761095e-21
-0.259411976941058708562
1.88345193647227766727
-5.96917684639212343244
4.69204452086395340063
8.1449911932659086133e-22
3.65634303884959706136e-22
-2.30153179527635255188e-21
5.15849225616698846333e-22
5.15797070312468645762e-22
-1.12291411320345708067e-23
-0.321867872484012517073
0.710534020721711530505
0.40245333903589782614
4.26943595705842514356e-22
6.037764686867838264e-22
1.39165285041223108314e-23
-0.0614045506609515113115
-0.334884172792271292925
-1.39094252944197969278e-22
0.119243422301724306641
-0.352999880269764770011
-0.0145967524084796527352
0.273811465164998994985
0.516693735737720582968
-1.69738458519333300121
1.38956543558521227048
0.425199191996767220082
-0.23615257291491982372
-0.786595248555913106029
1.33197079255502600167
-0.784480118282346548263
0.111435288930796922965
-0.217319010547813630007
0.262877406876261152567
-0.196837200112510045429
0.0636372686681361285097
0.0895072574180081435117
-0.0483179912673322890068
-0.148974897935380109174
-0.0386012706341123187253
0.11222866178851758714
0.760086761122394388543
-0.163140061165535120428
-1.91613921742036377835
2.9635831984378555181
-1.69738458519333136813
-1.58148125844432380794
4.60944376349407717727
-3.81278571553109203131
1.33197079255502690043
-0.291913666727160660691
-0.466051085242076966528
0.262877406876260939572
0.302778466022049128559
0.0895072574180082281696
-0.157764023807339214483
-0.932308017511922831193
2.53302498366962967507
-1.91613921742036404844
0.51669373573772075219
-3.73875552690776451392
4.60944376349407791774
-0.786595248555913222545
-0.215636750650569724051
-0.217319010547813612806
0.0768295925468771003113
-0.223848613356411944277
-0.163140061165534957925
0.27381146516499945181
-0.0228813643108788928523
-0.236152572914919899469
0.0345422235285419754616
0.132423469988719600916
-0.0145967524084799193841
0.0499322161022624710667
-0.0475833234762444210489
0.453419536977012261772
-0.352345090063577700137
-0.0588058649956960793665
0.0588058649956960681032
0.352345090063577877777
-0.45341953697701241263
-0.365770262340484622897
0.428198910389353976096
-5.61630826063394365382e-17
-0.428198910389353716143
0.36577026234048447745
-0.0608502005614957695157
0.0762079836563282074309
-0.0762079836563282856174
0.0608502005614957754349
-0.00204433556579946867979
2.92781375021008107068e-17
0.0020443355657994756505
-0.0134251722769071057182
0.013425172276907102063
-7.63568293917218841603e-18
-0.691755141668202089439
0.813103536885512246571
-1.56641733254360808712e-16
-0.81310353688551166543
0.691755141668201810907
0.851193319750104636426
-2.04362209088181050075
2.04362209088181087816
-0.851193319750105102122
0.0360698687719022825247
3.5484019375225655743e-17
-0.0360698687719022515281
0.0380897828645925602689
-0.0380897828645926186176
2.50234483624107753575e-17
0.390960795447118798975
-0.99789048182710792621
0.997890481827108116095
-0.390960795447119155585
-1.13676776882689728752
-1.20902542103997545501e-16
1.13676776882689738823
-0.138877286999789460931
0.138877286999789534756
-1.47507425831024762504e-17
0.109155703161451170458
2.19676480486502939907e-17
-0.109155703161451185654
-0.131803183804997217034
0.131803183804997246695
-8.53456437476777560995e-18
-0.0141947955545201641757
0.0141947955545201440456
-4.65221052434526976189e-18
7.3348577235384417508e-18
-1.38956543558521178115
1.69738458519333229584
-0.516693735737720373253
-0.273811465164999197277
0.0145967524084797247752
0.352999880269764789699
0.784480118282346717345
-1.33197079255502618846
0.786595248555913217666
0.236152572914919381389
-0.425199191996767002253
0.196837200112510100641
-0.26287740687626104554
0.217319010547813754808
-0.111435288930796973032
0.0483179912673321836224
-0.0895072574180081413781
-0.0636372686681361969058
0.0386012706341124538374
0.148974897935380100882
-0.112228661788517652714
1.69738458519333205579
-2.96358319843785644256
1.91613921742036442334
0.163140061165533873861
-0.760086761122393941524
-1.33197079255502604181
3.81278571553109120709
-4.60944376349407801417
1.58148125844432454125
-0.262877406876261093986
0.466051085242077312425
0.291913666727160646257
-0.0895072574180081413839
-0.302778466022049343563
0.15776402380733926324
-0.516693735737720176468
1.91613921742036399907
-2.5330249836696305271
0.932308017511923494609
0.786595248555913017401
-4.60944376349407750885
3.73875552690776435372
0.217319010547813678001
0.215636750650569756007
-0.0768295925468771173039
-0.273811465164999442791
0.163140061165534762427
0.223848613356412102164
0.236152572914919829089
0.0228813643108789658069
-0.0345422235285419829367
0.0145967524084799472594
-0.13242346998871956072
-0.0499322161022624673092
0.0475833234762444051181
0.539039987461342695343
-0.0386012706341114574143
-0.0483179912673330756396
-0.196837200112509231021
-0.784480118282348041862
1.38956543558521258961
-0.799715090848554763616
0.0895072574180075972072
0.262877406876261709424
1.33197079255502512694
-1.69738458519333152313
0.419810416011322108644
-0.217319010547813466584
-0.786595248555913451683
0.516693735737720379871
0.202933292507396083913
-0.236152572914919947979
0.273811465164999681774
-0.00694578255384289889534
-0.0145967524084800165812
0.0181228919481090579869
-0.799715090848554807962
0.0895072574180075959463
0.262877406876261711488
1.33197079255502514351
-1.69738458519333159902
1.80586707385956227171
-0.466051085242076560356
-3.81278571553109334797
2.96358319843785778478
-2.13659610513968306345
4.60944376349407772411
-1.91613921742036378518
-0.0783926506068106310344
-0.163140061165534961466
-0.00145035371351698756134
0.419810416011322283621
-0.217319010547813463881
-0.786595248555913477096
0.516693735737720754253
-2.13659610513968327949
4.60944376349407790414
-1.91613921742036410019
-3.49940919447577769877
2.53302498366962992028
0.136957357621668106687
0.202933292507396019946
-0.236152572914919938561
0.273811465164999549921
-0.0783926506068106249483
-0.163140061165534909146
0.136957357621668123192
-0.00694578255384287675026
-0.014596752408479971871
-0.00145035371351700903804
0.0181228919481090438608
-1.38956543558521126648
0.784480118282346041278
0.196837200112510603665
0.0483179912673318556119
0.0386012706341128384637
-0.539039987461343657644
1.69738458519333172748
-1.33197079255502559745
-0.262877406876261797054
-0.089507257418007461484
0.799715090848554929287
-0.51669373573771984792
0.786595248555912922798
0.217319010547814020261
-0.419810416011322520613
-0.273811465164999620355
0.236152572914919886304
-0.202933292507396173261
0.0145967524084800432769
0.0069457825538429429489
-0.0181228919481090920792
1.69738458519333180337
-1.33197079255502561402
-0.262877406876261799118
-0.0895072574180074602243
0.799715090848554973638
-2.96358319843785607107
3.81278571553109088534
0.466051085242078525349
-1.80586707385956357461
1.91613921742036378755
-4.6094437634940776486
2.13659610513968312899
0.163140061165534895673
0.0783926506068106389586
0.00145035371351702294205
-0.516693735737720222302
0.78659524855591294821
0.217319010547814017551
-0.419810416011322695594
1.91613921742036410256
-4.60944376349407782862
2.13659610513968334504
-2.53302498366963010526
3.49940919447577786675
-0.136957357621668162087
-0.273811465164999488501
0.236152572914919876886
-0.202933292507396109294
0.163140061165534843356
0.0783926506068106328682
-0.136957357621668178593
0.0145967524084799985658
0.00694578255384292080572
0.00145035371351704441936
-0.0181228919481090779533
-1.08275361207231475599
1.35919843626046682929e-15
-1.31045952655526899256e-15
7.54897634900723842194e-16
-1.17180929188781917225e-15
1.08275361207231559255
1.93012840241932842836
-1.30335239720740968847e-15
1.9242165287168914441e-15
-1.37853016771651231928e-15
-1.93012840241932826184
-1.51572394648772543622
5.65583335996913998014e-16
-1.20124643231399304741e-15
1.51572394648772618116
0.553557323210330357888
-6.94092492507030955112e-16
-0.553557323210329662656
0.703897776933360046632
-0.703897776933359915767
4.21012591636949535066e-18
1.24786534501156116238
-5.94728843751511474782e-16
1.38714470789484619357e-15
-7.92722603779295896717e-16
-1.24786534501156176811
-3.26853829814428506037
2.07154865423626482317e-16
-3.6140169535342361698e-15
3.26853829814428864892
4.57509561578328733692
8.10864378773760951517e-16
-4.5750956157832876404
-5.16406410553696168509
5.16406410553696153058
1.41599828299579150032e-17
-0.259411976941058384627
-3.15151734782499167636e-16
-4.80443565128224758378e-16
0.259411976941059229124
1.88345193647227691763
2.32759725836887179708e-15
-1.88345193647227872272
-5.96917684639212239374
5.96917684639212168784
4.55897035236224957643e-17
-0.321867872484012582409
-1.40023047158796624191e-16
0.321867872484012874514
0.710534020721711729709
-0.71053402072171192293
4.42278427114436855867e-17
-0.0614045506609513141907
0.0614045506609513167913
2.28087783842147049766e-17
-4.98668379969428940656e-18
-0.388944033133762629093
0.061404550660951158805
0.32186787248401236219
0.259411976941059473119
-1.24786534501156283588
1.08275361207231497354
-2.6253635389365924166e-21
-1.33067368900920501111e-21
-2.98665458135462333078e-21
-8.4408216140245542773e-23
3.39912525890948350794e-21
-1.92728664477935636869e-21
-4.92182263674321682169e-22
7.23666829517238329056e-22
1.70142706391061807768e-21
-7.9521344531447818261e-22
-2.26295122490469281213e-22
1.05359857904299022099e-21
1.02590409497950746391e-21
8.17204044315700041451e-22
-9.26394149960074639527e-22
1.12124084501551129271
-0.710534020721710538487
-1.88345193647227951176
3.2685382981442862936
-1.93012840241932783596
3.13183306101421035712e-21
-9.81395949726801617144e-22
4.56691640904244317291e-21
-2.46327638145488680142e-21
-3.36620881137376979654e-21
-1.38870669035670404595e-21
-2.78321329992955985557e-21
-1.42835661064980069094e-21
-1.16693550282663766198e-21
6.36354239281458651753e-22
-2.15541530540376259787
5.96917684639212234831
-4.57509561578328836735
1.51572394648772648561
8.39783155461081524704e-23
-3.83337966381247722052e-21
3.21033780794777292941e-21
5.18800339962165725524e-23
-1.91804448915502136523e-22
-9.26994180107640552877e-23
-4.69204452086395356777
5.16406410553696058759
-0.553557323210330099139
-1.35308326929461763614e-21
-4.27034678851460642215e-22
2.20437829048789505497e-22
-0.133192919118240194852
-0.70389777693335970717
-3.50134869230776559115e-22
0.209945145336632909863
0.374825912311306502989
-0.275940547562800409078
-0.0779941837972505004193
0.0779941837972503477456
0.275940547562800837715
-0.374825912311306761907
1.09668471325477468578e-21
6.01523701741746290721e-22
-1.18047571643348363866e-23
6.76113631573199509181e-22
-9.44687254475102384616e-23
1.33254943365109489094e-22
-8.8488599051973410392e-22
1.20511879073080865681e-21
1.29022249448753040727e-23
-4.28438551723580394775e-23
-1.41179142463570635273e-22
9.62441595110698169155e-22
-2.08622041306135873226e-22
3.31106897111810945547e-22
1.29181834796017499271e-23
-0.833436770320386000956
0.974397618040274212888
2.93879988713477389846e-16
-0.974397618040274148652
0.833436770320385763298
-1.4852936545865213831e-22
-3.64863685755837798597e-23
2.30472787649025161513e-21
-1.49752989108899716122e-21
-2.14540950383144962559e-22
3.21277445127141781871e-22
3.4133238126221184602e-22
-3.26067487830919431727e-22
7.77108133532217030163e-23
3.12072130251248927584e-23
1.0175094426921681747
-2.34751676478340401913
2.34751676478340424096
-1.01750944269216854013
2.1990517081082098781e-21
-4.73654034035544042335e-23
-5.29508987593011684077e-23
-1.3907959254804650865e-21
-2.47836997543524125206e-22
-7.04912667877935889734e-23
-1.22691063156491822827
4.44732208111544905456e-17
1.22691063156491822557
-5.72018667881453438457e-22
-2.41773760169201480667e-22
-1.55030324895395796106e-23
-0.429057234934561668914
0.429057234934561651755
8.48264612833148713537e-23
-1.85235169751150846299e-17
-1.08275361207231400084
1.24786534501156128324
-0.259411976941058748711
-0.321867872484012353433
-0.0614045506609517151457
0.3889440331337630243
-9.22119383564184465638e-22
-1.22040158018970756862e-21
2.99275738717514249602e-21
-3.14978064422281198018e-22
-2.32352677070424657125e-21
1.71025153466594362527e-21
-2.13962226206696797036e-21
-1.38520424503102227322e-21
-4.85003444164675358196e-22
-1.02646958039973219785e-21
7.27942868678509349289e-22
1.42202840758913968775e-21
-9.86797873116705642972e-22
-1.08823126353601651357e-21
9.38957601147623498607e-22
1.93012840241932784515
-3.26853829814428529146
1.88345193647227769983
0.710534020721710686252
-1.12124084501551114289
-1.7564265786247550153e-21
2.94498899976685309932e-21
5.11831993588090873472e-21
1.29142470780772572997e-21
4.40117441692055833963e-21
1.25604635051049340652e-22
2.3098579556482437331e-21
8.84295134718402915898e-22
1.66127839692168240629e-21
-8.7651217833699806945e-22
-1.51572394648772534294
4.57509561578328702147
-5.9691768463921225739
2.15541530540376333487
4.22670903017448060156e-21
3.86034246432842168334e-21
-3.2515799943871573637e-21
-1.37694928954700731096e-21
-8.15574504305920887119e-22
4.94242423323817652266e-22
0.553557323210330210701
-5.16406410553696133593
4.69204452086395431012
8.78819603184979747866e-22
6.00901180007526720566e-22
-2.92208374088790665752e-22
0.703897776933360091916
0.1331929191182398949
2.14766303068990674448e-22
-0.209945145336632897483
0.441819374688645236301
-0.0281960902596898694327
-0.0274706170412480742837
-0.176739001462424514019
-0.65907756331003762992
1.17232942731324824468
-0.324805322394544209612
0.0136979421993476995313
0.160887301736977415144
0.477335359866770740213
-0.659077563310036306028
-0.0865468081868893011418
0.0405989544939287494951
0.160887301736977467045
-0.176739001462425282741
-0.00855262438963878817957
0.0136979421993480793137
-0.027470617041247577757
-0.0488647748317441285476
-0.0281960902596906362049
0.0669934623773393769392
-0.960513939667420683722
0.103303370319948090098
0.245740923639995711638
1.75357950857261811032
-2.15233600531292318484
1.12380210345970632822
-0.387028751812350075841
-2.20759409276126742719
1.75357950857262018201
0.125816216935478576647
-0.387028751812351464311
0.24574092363999525144
0.149404485419432539746
0.103303370319949080768
-0.127077169347035345815
1.12463270743505878558
-0.286106997127850863195
-2.51333541466820759874
1.81082720728291197669
-2.63326012137272321154
5.84192951777818489058
-2.51333541466820651147
-0.285743356589319663582
-0.286106997127851424593
0.107123264742891021969
-1.17168501715883613577
2.91435454830489344369
-0.875234670005566605537
-3.46098608849884263329
2.91435454830489419738
0.0552256144060818097916
-0.301236852475407462397
-0.417006955789982923799
0.127820382459154434752
0.168567401939362093509
-1.17232942731324656316
0.659077563310035396534
0.176739001462425598192
0.0274706170412472870757
0.0281960902596911784552
-0.441819374688646324304
0.659077563310035987719
-0.477335359866770367781
-0.160887301736977558897
-0.0136979421993479937318
0.324805322394544564222
0.17673900146242511466
-0.160887301736977099829
-0.040598954493929037118
0.0865468081868894474704
0.027470617041247500114
-0.0136979421993480778478
0.00855262438963882535758
0.0281960902596906859183
0.0488647748317440985247
-0.0669934623773393853781
2.15233600531292273269
-1.75357950857261752936
-0.24574092363999622574
-0.103303370319948498965
0.960513939667421320492
-1.75357950857261844182
2.20759409276126406558
0.387028751812353150575
-1.12380210345970777251
-0.245740923639995235153
0.387028751812351482151
-0.12581621693547860848
-0.103303370319948957067
-0.149404485419432665675
0.127077169347035346964
-1.81082720728291069418
2.51333541466820576811
0.286106997127852459204
-1.12463270743505966006
2.51333541466820660686
-5.84192951777818487273
2.6332601213727231006
0.286106997127851397781
0.285743356589319696065
-0.107123264742891022619
0.875234670005566745869
-2.91435454830489363001
1.17168501715883613815
-2.91435454830489443204
3.46098608849884286572
-0.0552256144060818104413
0.417006955789983194398
0.301236852475407247317
-0.127820382459154433603
-0.168567401939362104275
-1.08275361207231457962
1.3591988407521345717e-15
-1.31045941295118360368e-15
7.54897674293669804876e-16
-1.1718097068425121755e-15
1.08275361207231541617
1.24786534501156105216
-5.94723304082438502148e-16
1.38714392222420961353e-15
-7.92718881605313190357e-16
-1.24786534501156165789
-0.259411976941058171606
-3.15148907712395679444e-16
-4.8044541349637950592e-16
0.259411976941059016108
-0.321867872484012627679
-1.40022948889017376538e-16
0.32186787248401291978
-0.0614045506609512383145
0.0614045506609512409132
-4.98646432138592536388e-18
1.9301284024193283948
-1.30336165504072869832e-15
1.92421750844660159789e-15
-1.37853081542483257192e-15
-1.93012840241932822827
-3.26853829814428491314
2.07150190424263563094e-16
-3.61402009915415115568e-15
3.26853829814428850168
1.88345193647227657184
2.32759328299148694201e-15
-1.88345193647227837693
0.710534020721711494722
-0.71053402072171168794
2.28082259512774642039e-17
-1.51572394648772574822
5.65579200634584630515e-16
-1.20124323367686620412e-15
1.51572394648772649316
4.57509561578328718575
8.10872568495184984138e-16
-4.57509561578328748924
-5.96917684639212189678
5.96917684639212119087
4.42283732920062459655e-17
0.553557323210330472372
-6.94091345312613553107e-16
-0.553557323210329777143
-5.16406410553696159734
5.16406410553696144284
4.55893548144674878822e-17
0.703897776933359868753
-0.703897776933359737884
1.4160206107454439607e-17
4.20998513812234147112e-18
0.345534332721748033668
-0.0426988897549800427861
-0.0273156157456495956491
-0.140456176490204954293
-0.402254173414259533177
0.773652376815897642681
-3.93924195703740142372e-22
6.04809926829024885652e-22
4.5852534619347710451e-22
6.9467019230180285683e-22
1.98006185243532438555e-21
-1.84264505278036682217e-22
-1.08515413519724140717e-21
1.92448406223965160316e-21
6.1117080547769463658e-22
6.75529796871423028353e-23
5.46842663670380371903e-22
5.99602008348732946324e-22
-2.76908860189482162582e-22
1.09891258539814915261e-22
-1.05889207339186778865e-23
-0.919200380459481656292
0.156863545477969689607
0.294520479889593945765
1.37545531904343869981
-1.79489292921675763674
2.09052653083460965865e-21
-3.22478632847494246442e-21
7.96085160718569738115e-21
-6.8391678299996791903e-21
-2.90545638330031466116e-21
-1.87071602494659382696e-21
1.68326084398663371557e-21
-8.8033981549880395741e-22
8.84798814325161334383e-22
1.09690897505876250159e-22
1.55553703932467987172
-0.629021964770016027153
-2.96452234422402660273
2.32277392791479585911
5.57267078490597683618e-21
-5.60431946556099906909e-21
3.48970673754518785497e-21
-2.94508657704553223491e-21
6.96212822001471035887e-22
1.12459818540230798286e-23
-3.09715374660769233613
7.26982839112032280161
-2.78125607936700453324
4.57776380179783911176e-22
-2.79917734543373063434e-21
-1.58738676498279179216e-22
-5.08872190642628243789
3.28699404135770556108
5.1141345672186987362e-22
0.506334752810203251037
-0.77365237681589769271
0.402254173414259085438
0.14045617649020571407
0.0273156157456489083921
0.0426988897549802089945
-0.345534332721747857432
7.02302984505613749282e-22
-1.70284318281074645974e-22
-4.5124641542565355045e-22
1.54342680701473902474e-21
-1.14146936142702767833e-21
1.32132061764796634332e-21
-1.93552764182540064424e-21
1.96635361049931141061e-21
-2.46458735154859737004e-22
-9.61116474988777885083e-22
-4.1518655338798884406e-22
1.36992581108864092339e-21
2.30781475016880755629e-22
-2.44277545005526256582e-22
1.92014100780427248446e-22
1.79489292921675950381
-1.37545531904344111469
-0.294520479889594010824
-0.15686354547796768703
0.919200380459480272266
-1.4816546146132079145e-21
-7.54732895283492343606e-22
3.64852239097566858235e-21
-1.63928531135088996696e-21
4.36866906758273946057e-21
1.14574708196247780505e-21
4.68980066631072281518e-21
-8.42126751974010350905e-22
1.88398755086489915587e-21
-6.32893702096542659849e-22
-2.32277392791479632154
2.96452234422402930267
0.629021964770012949014
-1.55553703932467914441
7.55949251403806957008e-21
6.32100119056395864556e-21
-5.63806467212378514867e-22
-5.33718486679012544146e-21
-7.82717872407598005192e-22
7.41429188102726071401e-22
2.78125607936700430674
-7.26982839112032253889
3.0971537466076930003
3.60103230735259580191e-21
-3.81560299418903786818e-22
-8.43919986866423191137e-22
-3.28699404135770524436
5.08872190642628207347
1.1931055737672104436e-21
-0.50633475281020371328
-0.773652376815898107633
9.314383647564708128e-16
-7.01841092311096683883e-16
6.45573754165838264816e-16
-7.2960682034321380896e-16
0.77365237681589782063
0.402254173414259595852
-5.47356142543205717364e-16
2.579899957478164618e-16
-3.04175033742787311898e-16
-0.402254173414258917061
0.140456176490205516482
-1.20795337513235529714e-16
1.73152066628522116199e-16
-0.140456176490205510476
0.0273156157456492323441
-6.47121264794218335477e-17
-0.0273156157456492038817
0.042698889754979902785
-0.0426988897549798677206
-1.42259677241618431726e-17
1.79489292921675937007
-1.06889103896523024394e-15
1.09663535439984446643e-15
-1.62359320727621363526e-15
-1.79489292921675777345
-1.37545531904344177759
1.68061201254366396453e-15
-1.04969906832338449692e-15
1.37545531904344107901
-0.294520479889593719711
8.95827289523369301887e-17
0.294520479889593572734
-0.156863545477968572625
0.156863545477968548381
1.66778151145204637865e-17
-2.32277392791479520515
1.1662272115490328978e-16
-3.66844655320118668062e-16
2.32277392791479559133
2.96452234422402956511
-2.89799489044645970617e-15
-2.96452234422402687418
0.629021964770013156264
-0.629021964770013008119
-1.99417835134876922488e-17
2.78125607936700246204
1.46799955636185142833e-15
-2.78125607936700354989
-7.26982839112032352354
7.26982839112032369389
-8.70331030243069174007e-18
-3.28699404135770317791
3.28699404135770285201
-4.08984300437716073486e-17
-8.70047476570497426041e-17
-0.499999999999998759001
-1.83906389650884136592e-16
-5.06258414742303786596e-16
3.86072480925425807559e-16
-5.40697264122694624786e-16
0.500000000000000080371
-1.50667602608112374418e-22
9.66395533874371570952e-22
-5.88265607364277911205e-24
1.57996712283286926326e-21
1.37037888344247718466e-21
1.18213994513974490316e-21
-2.05819756692995415112e-21
3.04787629552331722558e-21
2.47776057965918329298e-22
-1.90365924425771733389e-22
2.28485906729631981711e-22
1.19513180203548932376e-22
1.13816018620322368231e-22
-9.79777001283936180342e-23
1.26187436787024443841e-22
1.34991331419048550148
1.34251905106238964696e-15
7.75903528336597878003e-16
-9.12915377065836701938e-16
-1.34991331419048752452
1.92230560700959766422e-21
-3.97925805109140005838e-21
6.64581151568928067559e-21
-9.88260927276331385478e-21
2.36387318997522492838e-21
-5.62806922396848490834e-22
7.07042942762088835032e-21
1.98259172801999147691e-22
1.31617097382911522118e-21
-4.76786899344473289406e-22
-2.24468464817616341624
-3.38196864439888207349e-15
-6.13961965661426173044e-16
2.24468464817616743252
1.08242744600498745278e-20
2.86195721370933324182e-22
4.05703911270927307849e-21
-8.77802075655301451922e-21
1.02137070899824055799e-21
7.75933756560172840846e-22
4.03618727030534253297
8.16175402036290576744e-15
-4.03618727030534835762
8.30023784249790860316e-21
-4.31282342523997687003e-21
-1.18274170285988912749e-21
-10.1414159363196660788
10.1414159363196640738
2.05997089733360824017e-21
-1.15275579246717079726e-17
