-7.50000000000000081617
-5.35490401473878512291e-17
1.42779217571235294189e-17
-5.08472982955996073309e-17
-6.72633117905876303427e-17
-3.29393154805158964165e-17
10.1414159363196706706
9.96365701603956203505e-17
-3.4603515444453150882e-17
5.80151381122265076727e-17
5.61539726422091807033e-17
-4.03618727030534895379
-1.03432099408485481906e-16
1.92279419497027868411e-16
1.90071617232843149109e-17
2.24468464817616745212
9.54230133129085822158e-18
-1.22666550992729527563e-16
-1.34991331419048848643
2.25927472678426184103e-17
0.500000000000000127446
1.56894887448278061295e-20
3.18927112641235916282e-21
-2.89865950815723116977e-21
1.46851297737389778042e-22
1.9776341387376148618e-21
-8.76740455115796782503e-21
-1.07373583533821529348e-20
2.16288723891477147328e-21
-1.16012794179589179008e-21
-9.17312072128935468189e-22
9.38940800114642577017e-23
-2.58894431895392710629e-21
-5.74252210235960808702e-21
5.36734150252931899765e-21
-1.12615797166044678064e-21
8.25795277705425393644e-22
2.85459868759570822503e-22
2.80463991679509489059e-21
-6.64995699912782251518e-22
1.46224558809810000428e-21
2.47985510251379289176e-21
4.64051187322727368997e-21
-3.63147396406175985016e-21
7.26009512620120434143e-22
-9.17088685374041255981e-22
-1.40329507963822849183e-21
2.55609705951569560012e-22
-3.26657504394462270064e-22
-1.37137348257127300378e-22
2.88662604493142964519e-22
1.55007299760065790697e-21
3.84199847344264154713e-22
5.51771451184510773282e-22
-1.41574798287677876149e-22
-1.54562783579132279796e-22
-1.28003019552889218904
-5.08872190642628202159
-0.573726969178236571309
0.402708880788749051189
-0.265652873029680481676
0.10775315473751640915
3.28699404135770601276
7.26982839112032153647
-0.629021964770013080367
0.156863545477968618112
-0.0426988897549798581042
-2.78125607936700484064
-2.96452234422402806376
0.294520479889593913227
-0.0273156157456491843826
2.32277392791479588921
1.37545531904344081203
-0.140456176490205583509
-1.79489292921675936194
-0.402254173414258927837
0.773652376815897922023
7.71235567873098531671e-21
4.69426890469940689731e-21
-5.75808283786016538988e-24
-4.43226018784555242586e-22
-2.44984013275322211481e-22
-3.3790763676895463723e-21
-1.04211693215754831648e-20
9.50729101286831345528e-22
7.23884553751634922023e-22
6.12880974711456602033e-22
1.35561992741734479603e-21
-1.97597390620790393943e-22
-4.98876647949681357691e-21
5.05634755536357606764e-21
-1.05890425212102532064e-21
9.20245888189857597437e-22
2.38808734212349246089e-22
1.41569423111076429524e-21
-1.97581175086025756095e-22
1.92914310476182165864e-21
2.97342169241591348731e-21
4.56481586497381957478e-21
-2.32116318293085971253e-21
6.41744163726195835548e-22
-8.9988263425872857583e-22
-1.00472781736950490904e-21
-2.46370847419548412497e-22
-5.51827431820497591188e-23
-5.00846391788957378539e-22
6.06379257150832907083e-22
1.33196966681647946636e-21
4.27021788733796353117e-22
2.99209785690263124467e-22
-1.27445366206026594476e-22
-1.82702569400834508668e-22
0.694896193190202058326
-1.8544498719484738187
-4.69204452086395368954
-0.402453339035897516956
0.334884172792271319227
-0.119243422301724152419
-0.70389777693336012782
5.16406410553696249598
5.96917684639212437873
-0.710534020721711953519
0.0614045506609512625109
-0.553557323210330875646
-4.57509561578329027162
-1.88345193647227972067
0.321867872484012972465
1.51572394648772685507
3.2685382981442882029
0.259411976941059275174
-1.93012840241933014726
-1.24786534501156195679
1.08275361207231541057
-1.46818730587232288986e-21
3.94290390947987377391e-21
4.41735305713940686359e-21
-1.02394202813029206598e-21
-1.87298101138136266422e-21
3.11294987695877770763e-21
-6.96128178526477662993e-21
-7.24523486880997665056e-22
3.04115895946693067933e-21
7.90474143866409993198e-22
3.36030521720075070636e-21
4.11073276306602058975e-21
-1.82297254794355449712e-21
2.2739341097354993217e-21
-1.00073791030603829386e-21
4.44710181731953048528e-22
-6.16817057447870638697e-22
-4.64326275418989776045e-22
1.17124164131791033797e-22
1.67429981905707512406e-21
3.95915228375286091931e-21
3.9000144270218542565e-21
8.56623942462467216014e-23
4.60065130499754201316e-22
-9.36162593338418498038e-22
-2.81878083410642398837e-22
-4.77977231957831040846e-22
-6.3265001705089131409e-23
-4.486864047614613487e-22
3.01485991350552891987e-22
1.12843466781376665298e-21
3.69012934361692286865e-22
7.69359221489350264147e-23
-1.50912006689750948722e-22
-2.09286121629063406962e-22
-0.388944033133762840098
1.12124084501551128004
-2.15541530540376268065
-4.69204452086395439076
-0.133192919118240300786
0.209945145336632913215
0.0614045506609510981431
-0.710534020721710220889
5.96917684639212348548
5.16406410553696114832
-0.703897776933359753937
0.321867872484012416741
-1.88345193647227994972
-4.57509561578328982144
-0.55355732321032985173
0.259411976941059702362
3.26853829814428740939
1.51572394648772678977
-1.24786534501156324877
-1.93012840241932853341
1.08275361207231534874
-2.20626164260787594337e-21
2.57774550830947262934e-23
5.88815619845278142501e-21
-7.97544478039734547889e-22
-1.41679193959544691263e-21
1.92783806151212577568e-21
-1.61861411189081118897e-21
-1.06018989621575484792e-21
3.01914305273632971698e-21
1.2775249933824263905e-21
3.96243717887464220036e-21
4.02843199593788171872e-21
1.43267125968484466289e-21
-7.71506353072626551804e-22
-9.69015787344389711368e-22
-1.13505789624363734702e-21
-5.09831700288648565854e-22
-2.06076313445419267813e-21
-1.68305608584235056461e-22
1.92906422002158973248e-22
3.52275962118615888817e-21
3.34596937197415028956e-21
2.31735825644830917024e-21
1.44638507870264132691e-22
-9.63550380770122648894e-22
2.39033684134759438425e-22
-2.43089324515211167922e-22
-2.03047426487534748768e-22
-1.65021013471081934485e-22
-4.36829253890243526515e-22
1.13727856093194770002e-21
1.59358295382824407438e-22
6.37605274310792686328e-23
-2.07376566488557439833e-22
-1.62889464544023442342e-22
0.345534332721748114507
-0.919200380459481520243
1.55553703932467949627
-3.09715374660769357804
-5.08872190642628030246
0.506334752810201748487
-0.0426988897549799666851
0.156863545477969547025
-0.629021964770015581309
7.26982839112032506258
3.28699404135770393927
-0.027315615745649543875
0.294520479889593961958
-2.96452234422402777679
-2.78125607936700420007
-0.14045617649020498297
1.3754553190434394681
2.32277392791479610312
-0.402254173414259761599
-1.79489292921675809963
0.773652376815897872378
2.30136544681778266178e-21
-2.38015391838426780208e-21
1.53252362410364665689e-21
1.87742395155192623642e-21
-3.23771071276806914409e-22
-3.30027860130028841314e-21
2.84937641993205366352e-21
-1.37027722534005078564e-21
-4.11157756616816382054e-21
1.20820003754726179455e-21
2.31869780533499136467e-21
6.04122254122226957191e-22
4.83258981897748150937e-21
-3.6750581434073742228e-21
-1.06525886795478657534e-21
-3.45612079996485321539e-21
1.78974759660002934224e-21
-2.66819261329595005978e-21
-8.45596720756773432927e-23
-1.45613996108700666886e-21
1.680765473972808838e-21
2.62193141932560910303e-21
4.07595617055252419724e-21
-4.38943376071502522709e-22
-9.53723669754645711728e-22
2.87174726670634348499e-22
-4.01777913498255680283e-22
8.07078413243070313085e-24
-1.29239211679990166468e-22
-7.91577236410956841079e-22
1.29887759239099541151e-21
-1.44565875808294697645e-22
1.27499702152173394961e-22
-2.2951617407468082399e-22
-3.21544328177166810328e-23
-0.499999999999998949394
1.34991331419048534815
-2.24468464817616317991
4.03618727030534288104
-10.1414159363196628045
-4.23772887843224408632e-15
-1.27733633986150013556e-16
1.40052772178154789766e-15
-3.41654812864509460127e-15
8.26140339976077109856e-15
10.1414159363196650509
-4.87258382211609464948e-16
9.68181627350284959204e-16
-7.17406667658349659645e-16
-4.03618727030534912852
2.63397956073749715442e-16
-9.03370084696821257645e-16
2.24468464817616796257
-5.18100375932529188793e-16
-1.34991331419048785324
0.500000000000000187519
5.20573605094031878021e-21
-1.28331018084105026607e-21
-4.94818219671682931335e-21
5.77018308531293920367e-21
-3.05860464795402746155e-22
-6.01294284212947158374e-21
3.36185404482160865756e-21
-1.60151764773022589404e-21
-1.05680782153613049714e-20
1.93761556774640614273e-21
8.81174219465286741934e-22
-3.29796306920986932796e-21
6.00958989815694487931e-21
-4.47974385609478711735e-21
-1.21014985205350538471e-21
-4.77140769182041510429e-21
3.71279244620053709438e-21
-2.1229772235513236579e-21
2.19464215960261723966e-23
-2.53499708778290667045e-21
8.45824079887305268417e-22
1.83734458459567263361e-21
4.58130990331322747056e-21
-3.9202908061941625774e-22
-9.5794149535972430688e-22
7.64998043718133847789e-23
-6.05043529929848699399e-22
2.91086100633906257902e-23
-1.45394214704636607544e-22
-9.16958682869772544827e-22
1.45448785792046591699e-21
-3.19501517806808275702e-22
1.66468313039140687338e-22
-2.00961780822246594115e-22
4.80808007252065007006e-23
-1.7863649483390951936
-3.39651726463559487535e-17
3.1891614616422329254e-17
1.58740446076343435942e-17
4.70637141899482306027e-18
-4.63688334027780055665e-18
3.90229207531553703911e-16
4.19381358862450611737e-17
-1.29095674318735878843e-16
-1.10485883053893810515e-16
-7.91971623612407876216e-18
2.52342677742945526591
2.03393067301890854904e-17
3.02093287387285752029e-16
5.33292242105553885802e-17
-1.15282815853592924327
-1.23471638564239483416e-16
-1.04502656862199025948e-16
0.653547507429800152337
5.25749149611955056544e-17
-0.237781177984231380274
6.38961609593746636123e-21
1.85693405607410996869e-21
-8.85677381541581203055e-22
1.96570312376474062082e-23
-1.70222741727880022149e-22
-4.11127843400606174719e-21
-2.30215386403314112417e-21
4.26335764293941097986e-21
-1.82000872998352470896e-22
-2.98082600096887163754e-21
1.22276265392266786749e-21
-1.95413884467674966401e-21
-1.35260615914086243038e-21
7.38981739497556453743e-22
-1.01607667780122012226e-21
-3.06099686276724159365e-23
8.12829409844431350036e-22
1.43481817158808627954e-21
-3.08145920768538548889e-23
3.803377195865328924e-22
1.18875145564488512423e-21
2.47483271198938940746e-21
-9.25442913788887073588e-22
-4.51695837556782403455e-23
-7.39023285372570419354e-22
-8.0246442721814939497e-22
2.06373029053559161302e-22
-1.83830331608747652692e-22
-2.66444959239026993353e-22
6.56952979593264921247e-22
9.30964405258556425559e-22
3.31194797657448668996e-22
2.10664300549413837812e-22
3.38570628843622467511e-23
-1.01440831484311712847e-22
0.453359766919121728731
-1.2113875901440824187
-0.270178141312342818129
0.130041933657597356204
-0.0926422267901419929098
0.0371505771590547396968
-0.782330355209520600788
-0.298543804440572448547
-0.0836094469818010778002
0.0681268518900680730635
-0.0151525564688571669266
0.956732490252575513689
2.26390731780160337892
-0.0836094469818008910246
-0.0100142387176549127213
-0.887467509034570944305
-0.906270766150206628094
0.0679799450795955449999
0.740794543530244325543
0.260787991093943290133
-0.337675335152252051036
4.73370948974115058912e-22
1.77763029225569772384e-21
9.99197318588659437298e-22
-2.05187050901556761002e-22
-6.36468838025347685184e-22
-2.62602736001370789305e-22
-1.40409219077131615715e-21
1.94092772842630374044e-21
-4.32395092803372780068e-23
-1.09725909181829479049e-21
7.28504956577344676503e-22
6.57517109592193150205e-23
-2.30467641029841141646e-22
-1.31421965727421611824e-22
-8.82301852764362416727e-22
5.13746944301438594904e-23
-4.65393601282123698178e-23
2.27468854506333897038e-22
2.15939187159973109497e-22
5.2424694944059889604e-22
1.26112812586650660624e-21
1.63498752092839838231e-21
6.99995281038822572464e-22
-1.98312250286179358334e-22
-7.02931416655671067882e-22
-2.37401018540754924841e-22
-8.59811887535489608857e-23
-6.60606168332214760082e-23
-2.31746260329271254468e-22
4.88675647187153990227e-22
5.89528998670647072412e-22
1.84771289749024701884e-22
6.3796377848579006561e-23
1.40710440819750412712e-22
-1.18982985628793912083e-22
-0.37112277221787375294
0.761537114835911272478
-1.06926537513359077751
-0.360805970978080249626
0.133873823702236636102
-0.0657062154243534255748
0.432144974550610010958
-1.5030886078375133504
-0.239346332431987434457
0.0555112862959318534614
0.0568779986561052984762
-0.0914980035765987846949
1.8446824384125228986
1.92095935448911419245
-0.168391068978854073996
-0.356173147343186423665
-1.50308860783751349422
-0.342980823464445561994
0.650740192913175327249
0.641951067041215698461
-0.426811325672825859158
-7.99863909283954860346e-22
1.82293009306957464826e-22
2.20213430301517081269e-21
-2.37481592595617607969e-22
2.13427324858055985231e-22
1.32894684880434410273e-23
9.10200555195336806803e-24
-1.50787409569442176237e-22
6.35464325617274958709e-22
7.05893334763463826164e-22
4.5985335445376050666e-22
4.40872546867801483772e-22
-1.81066174699066407883e-22
1.34395210310499420282e-22
-8.74311298736522896185e-22
-9.95524155446838731431e-23
-8.82695051132633793714e-22
-7.85957295775442427684e-22
-4.22498139396571731506e-23
-7.54031663084482785854e-24
1.11145821308007577311e-21
1.03088161264049712503e-21
1.93483950600725701417e-21
-2.05537120727654218362e-22
-7.02749145255571226763e-22
3.80640998226272764469e-22
7.80453496341120397201e-23
-1.30406463838060466326e-22
-1.8861137554374128905e-22
-1.04568084525030020126e-23
5.09501205815764185519e-22
3.88052651894773782909e-24
8.27457997835298517614e-24
1.65859990365899937146e-22
-9.27804834818756739066e-23
0.374825912311306627309
-0.833436770320385887603
1.01750944269216797463
-1.2269106315649183688
-0.429057234934561923438
-1.74946996929839314233e-17
-0.275940547562800432102
0.974397618040274042697
-2.34751676478340427313
1.36686052624647473322e-15
0.42905723493456143736
-0.0779941837972504585507
4.39838185751342664375e-16
2.34751676478340436901
1.22691063156491772645
0.0779941837972502678657
-0.974397618040274362024
-1.017509442692168414
0.275940547562800877457
0.833436770320385799533
-0.374825912311306791852
8.94547332715789378514e-22
-1.04242942152820312138e-21
2.67252748762647608779e-22
1.62737328696249834906e-21
6.5414475120944334947e-22
-1.74545840974128527812e-21
2.71878520124306830361e-21
-5.85901036764697580119e-22
-1.42941353091904415215e-21
9.71788363250784138533e-22
7.86053919500330212066e-22
-1.92177332094916468362e-21
3.09823064245768250648e-23
3.15978699289100110545e-22
-9.24993201603384516432e-22
-1.40688002098137403269e-21
5.47426237805553727099e-22
-9.54810046607744791616e-22
-1.0446546412861341309e-22
-1.04900577713667810722e-21
-2.07971541111783452055e-22
8.09633309245060329535e-22
3.07234090016363963016e-21
-5.52769069673717389096e-22
-7.05849156725886840091e-22
3.93033633335118242389e-22
2.39046445817621123984e-22
-3.03172450702819620491e-23
-5.51509296752742392166e-23
-4.30154614541830351592e-22
5.89091727134805840652e-22
-1.89769414341482416979e-22
4.86466895846314778692e-23
8.42307491032551057089e-23
1.70963864491508387501e-23
-0.773652376815897916647
1.79489292921675922887
-2.32277392791479563135
2.7812560793670041518
-3.28699404135770376728
-0.506334752810205122066
0.402254173414259105757
-1.37545531904344106447
2.96452234422402870813
-7.26982839112032108034
5.08872190642628158379
0.140456176490205809855
-0.294520479889593464923
0.629021964770012141865
3.09715374660769239877
0.0273156157456487030544
-0.156863545477967575858
-1.55553703932467864318
0.0426988897549802265421
0.919200380459479971543
-0.345534332721747763856
2.43331223857125927222e-21
-6.93016742912846602284e-22
-4.05151301401671881239e-21
5.0338288879296221709e-21
3.90746076025645235924e-22
-3.05962715254755056148e-21
4.88270343201587397392e-21
-1.50831335885673215425e-21
-7.28901895141973120309e-21
8.61900267651166651803e-22
1.16666417850199178725e-21
-4.96186515243453498281e-21
9.25980269152997263345e-22
-2.19222095808652930621e-22
-1.21361077983617298821e-21
-2.94625752318368958131e-21
2.63788149951729942663e-21
-7.335612583993504423e-23
1.41554544598329221983e-22
-2.61611985877781099083e-21
-5.54315375806714467961e-22
3.8535787265038575377e-22
3.81670035756142990708e-21
-5.95924360792007956289e-22
-7.49278189023987992996e-22
2.01595836319032060728e-22
-1.09074544631160675836e-22
-1.43830447776827518734e-23
1.87996985559225927604e-22
-6.86043125969158737874e-22
8.92352107090032965314e-22
-3.84926831065596483272e-22
1.3973219286445387888e-22
-4.65859693537226904577e-23
1.26572094665583904415e-22
0.484951047853569185253
-7.04790865477503371844e-19
2.39188565689237336856e-17
2.47969118369030613677e-17
1.67567336535728192553e-17
-1.44697509735310947775e-18
-1.7212569528302334871
-1.12157004811161037537e-17
-6.18297126348377642011e-17
-4.92852335751203976171e-17
1.2350046919746558343e-17
5.10362815977398319416e-17
8.24943252882499852836e-18
1.75821100457508373075e-17
-5.11522291541810174642e-17
1.7529619663678660131
9.28397282842337510531e-17
8.92838001312115107954e-17
-0.786356672223240811944
-7.97212530314016509385e-17
0.269700610832039019233
-1.89745238813762971974e-21
-4.28408441681225833301e-22
5.64083987047535260017e-22
1.29633309529828330563e-22
-1.64196459333407935182e-21
1.43113699650591136809e-21
3.38273316623042870444e-21
3.02466103745285380958e-21
4.7777136975136924381e-22
-1.94514950943462725398e-21
1.17514621719354325799e-21
2.00961034809158059661e-22
-7.76413736710147136958e-23
-1.478372887812128248e-21
7.58256535206950108184e-23
-8.70692322912838300965e-22
5.24571055425156894538e-22
-2.34193670212530415045e-22
2.34573212637479577262e-22
-6.82156680418329164761e-22
5.31361935929493862573e-23
-9.12925442812312699192e-23
1.72927075409233823061e-21
-5.78679437885620474521e-22
-2.01011698376982541323e-22
4.36621814722347910803e-23
1.20507926197212187724e-22
-2.58622983175076548358e-22
-1.0732892227905053105e-22
3.25157274705449862848e-22
-2.24542093599833734108e-22
5.42029635978838399956e-23
2.74952436251054799984e-23
2.87615740532806257644e-22
-4.43220019958127922662e-23
-0.30541655679352040746
0.375266975894504747756
0.0768930654022549775354
-0.0131923238787409161996
0.00878912587195913426466
-8.52974185105127396783e-19
0.627663291133674812112
-1.55859989413344503512
-0.0762769160765909871163
-8.38800879250463365529e-18
-0.00878912587195911098756
-0.708459404155510987654
-4.98758895755291876997e-16
0.0762769160765909002563
0.0131923238787408859788
0.708459404155511064723
1.55859989413344548435
-0.0768930654022548858505
-0.627663291133674884699
-0.37526697589450469324
0.305416556793520409341
-1.50665115860168373413e-22
-6.64839468229854234944e-22
3.76092070100463324064e-24
4.33007757351029397682e-23
2.04042487076160122252e-22
3.65957606008431335147e-23
1.0449268653128035112e-21
5.64399688169522334122e-22
-2.36998662546526322094e-22
7.42174045937440508293e-22
-5.473832795467940892e-22
-1.4262298065813362249e-22
-6.82914959728653861012e-22
-2.83590844701669586806e-22
2.43879963728209672471e-22
-1.02684358587527589392e-22
-4.93099997747590908773e-22
-4.80979706239621429246e-22
-1.07522544621501247637e-22
-7.23663744949850876435e-22
-2.37015494511269217465e-22
-6.03596909439477878178e-22
2.06887641609761410399e-21
-8.76321356986252128723e-22
-1.35016464986816901813e-22
4.23041629900723368492e-22
1.14834334128387594932e-22
-2.75361236121380018387e-22
-3.02356477187997359555e-23
-1.78465123146728630234e-22
-3.32142772379656719544e-22
-1.06140118567385691915e-22
4.24906488099943941981e-23
3.10474210503561588673e-22
-8.33409591209940092929e-24
0.426811325672825622828
-0.641951067041215620466
0.342980823464445000756
0.168391068978854146386
-0.0568779986561054516361
0.0657062154243534891782
-0.650740192913174765432
1.5030886078375129825
-1.92095935448911314478
-0.0555112862959317745499
-0.133873823702236588466
0.356173147343185830731
-1.84468243841252262908
0.2393463324319860945
0.360805970978080171731
0.0914980035765993946447
1.50308860783751314234
1.06926537513359179212
-0.432144974550610478204
-0.761537114835911091832
0.371122772217873876741
8.72772076284888522551e-22
-2.42409273216902302307e-22
-8.80155471762966957628e-22
1.29608557470549354572e-21
7.12891278412727129226e-22
-1.12793906894994365417e-22
1.42495084095944236983e-21
9.96919494222950324084e-22
5.38561039274291433721e-22
3.34172540556930031613e-22
7.33714924314695822435e-22
-1.88965071272873491205e-21
-7.26277916949623188467e-22
4.83887984135345826957e-22
2.29078855289179878152e-22
-1.79427502055776631204e-22
1.54527329895344629071e-22
1.0637168641546154913e-22
-4.84335004066618065622e-22
-8.29624065795670818006e-22
-1.67605936100285114711e-21
-3.51954349794104216121e-22
2.00093938885326575831e-21
-1.21480779677475036308e-21
-4.60705117473084800672e-23
4.93025189141431308154e-22
4.60101287593953870622e-22
-1.67129793642448870098e-22
7.04467371747746955143e-23
-6.22224546049387396693e-22
-3.34168614426485251975e-22
-2.472387145740559115e-22
5.05948805105263104204e-23
2.32590387852743447741e-22
1.1158624027575492758e-22
-1.08275361207231430291
1.93012840241932766886
-1.51572394648772478215
0.553557323210329846476
0.7038977769333602089
-0.209945145336632645469
1.24786534501156131744
-3.26853829814428520801
4.57509561578328660661
-5.16406410553696016296
0.133192919118239236067
-0.259411976941058612599
1.88345193647227788739
-5.96917684639212324908
4.69204452086395379364
-0.321867872484012314478
0.710534020721710958684
2.15541530540376388495
-0.0614045506609517842427
-1.12124084501551151144
0.388944033133763164318
-1.07689697885896584771e-21
2.0133451419584062413e-21
-4.66665016560113036617e-21
5.57264648386939534678e-21
-6.79610229790061925188e-22
2.90485621098686795461e-21
2.44453997627827039089e-21
2.50815154185405645337e-21
-1.15942938757581514167e-21
-1.07500464951975520672e-21
3.16082431172916248584e-21
-4.33576449387768732435e-21
-1.36523762409395594807e-21
1.1555405930567653103e-21
-9.54586901400303332395e-24
-1.48601269292363594941e-21
2.59440214797964355686e-21
1.3168711381054304475e-21
-3.76277360918004588972e-22
-1.27158011030339904269e-21
-2.85405626386912974979e-21
-1.57736427863816282495e-22
2.22099715394081210415e-21
-1.21260628357529019442e-21
-1.27478650007167090513e-22
1.48356813624966099944e-22
4.54721821776559368006e-22
-4.13901459122672373254e-23
3.30079032547862628606e-22
-8.81834227804749619056e-22
-1.14655937839751752836e-22
-3.00575221436284643392e-22
1.05317608965460573611e-22
1.20746984383326195836e-22
1.96266812711915791217e-22
-0.269700610832038965721
2.15350151156548606499e-17
1.06345751841885231323e-17
-6.52195037672173313203e-18
-1.43649902851823613591e-17
1.01709987697316195344e-17
0.786356672223240727921
-3.70624329691233514723e-17
3.98750881633262457386e-17
8.79645708762885602806e-17
-9.97556282669850468679e-18
-1.75296196636786602808
-2.81123410278304337151e-17
-2.00847300468477186233e-16
-7.37744429594718815341e-18
-8.67383258419764437915e-19
1.66164455814193234447e-16
-1.96907848765582004257e-17
1.72125695283023331364
1.02860415076485029676e-16
-0.484951047853569162153
-8.24946707727647100947e-22
-8.34133998613860757515e-22
8.53854891489363610601e-22
-2.59836765789647968012e-22
-4.37075758259516324871e-22
1.44358718568597785067e-21
-5.91450762297150605647e-22
-1.05112612111891706754e-21
2.39113438132370946562e-22
1.9484254602799403844e-21
1.61842248664292827471e-21
1.48405723680288485563e-21
-2.86781297780412692739e-21
9.121615778800992009e-22
3.83936400213021260584e-22
-2.43417948427055642056e-22
2.63557166635596136996e-22
-6.45943724061551793616e-22
-4.30410842109343529054e-23
-1.08355121435605559347e-21
5.50600062890657818299e-23
-1.04262973443682683606e-22
2.46934830044260024653e-21
-8.49725831187036205229e-22
2.25843894988304311961e-22
6.33791040111678038e-22
2.52062165927768554859e-22
-2.09250134707184604645e-22
-1.42420867746072015484e-22
-6.91754712540134552642e-22
-1.12359290145693302702e-21
-1.74554103450713144356e-22
4.03468547227605608612e-23
3.7483178054449335967e-22
2.2344364685149219499e-23
0.337675335152252070049
-0.260787991093943382861
-0.0679799450795955620209
0.0100142387176549762165
0.0151525564688571345449
-0.0371505771590546931905
-0.740794543530244298364
0.906270766150206524043
0.0836094469818010366724
-0.0681268518900680054663
0.0926422267901418466603
0.887467509034570896975
-2.26390731780160383368
0.0836094469818007655112
-0.130041933657597208011
-0.956732490252575455622
0.29854380444057369274
0.270178141312342635614
0.782330355209520771159
1.2113875901440817018
-0.453359766919121612778
1.31830652590014551207e-21
1.17721699708084359286e-22
1.37648086838382367536e-22
4.49132220552189767501e-22
5.32560510450376687856e-22
3.48308655192108156028e-22
-1.23797915605827351289e-21
8.77276990795441728858e-22
1.04819491003171225317e-21
6.70916389523704649243e-22
3.46749817558965510064e-21
4.5333003242442185711e-23
7.28991278511262368035e-22
-1.51080703241617763161e-21
9.69438714182787128453e-23
1.77704508975506305175e-22
3.65249701517892497411e-22
3.51255100939581680938e-22
-5.32666991740205682877e-22
-6.65965591342563714359e-22
-8.25698607514825483803e-22
5.52668569151056722598e-22
1.96036043719311236684e-21
-1.35352941675169009632e-21
3.2515570290693503746e-22
6.4723475384741496785e-22
4.51348219060014921257e-22
-1.0539415637393496687e-22
-5.32862765153544033522e-23
-1.11868936733773369662e-21
-1.18922045392352605983e-21
-2.31485710290881136774e-22
4.14140348936449720887e-23
2.77397021930478717175e-22
1.28148038424123133684e-22
-1.08275361207231411959
1.2478653450115610353
-0.259411976941058579285
-0.321867872484012590835
-0.0614045506609514148017
0.119243422301724177479
1.93012840241932740877
-3.26853829814428482057
1.88345193647227753718
0.710534020721711313848
-0.334884172792271008405
-1.51572394648772432236
4.57509561578328627982
-5.96917684639212277713
0.402453339035897261088
0.553557323210329237185
-5.16406410553695976683
4.69204452086395396728
0.703897776933360951577
1.85444987194847214916
-0.694896193190201918869
-1.22524434031104756726e-21
2.1340241686655384501e-21
-2.16582723864426520023e-21
3.94802908542991629359e-21
-1.37820527407618972555e-21
4.26077654205606316018e-21
1.33161979915634679263e-21
5.1983910342560977723e-21
2.85944470314204838845e-21
-2.72760036176550886473e-21
7.14387202486110863853e-21
-1.00433421390526929008e-21
3.40925907550240885046e-21
-3.60066426026897470652e-21
5.34474929439489190563e-22
-5.75637933272174689015e-22
1.92983484752786859809e-21
1.30019083582002609843e-21
-7.89188445808931154776e-22
-2.20886582399122538985e-22
-2.17573271871527654609e-21
1.13835151181812879893e-21
1.06984061334261393973e-21
-1.48299205272385433613e-21
4.83207863401259520667e-22
5.44819996687833447113e-22
8.04385679821255336297e-22
-1.30293883999133411651e-23
1.14411239956427955041e-22
-1.46933961277973230004e-21
-1.38408345096845282501e-21
-3.50931509576327175764e-22
5.18269183531960311508e-23
2.55260459829697832821e-22
2.4532852958685599175e-22
0.237781177984231363434
1.59603315964284507199e-17
1.20150278414055255119e-17
1.49508322550669826159e-18
-4.21991554284014082471e-18
1.32156730246754508906e-17
-0.653547507429800165042
-2.04174740242547969039e-17
1.84810980578752409588e-17
4.21008072582797415122e-17
-2.86574698768964712242e-17
1.15282815853592932946
-1.10930202751705292525e-17
-7.3903709054480106689e-17
4.62677331887392744155e-17
-2.52342677742945542956
2.13837219928502334388e-17
-9.29407088865899080354e-17
-3.23221478263943001733e-16
6.78293962302623965857e-17
1.78636494833909521741
2.04248338546185929811e-21
9.46198680737016340393e-22
2.74087341761497988378e-21
-5.81276592544035074754e-24
1.56427683805768944894e-21
-2.08562492038435318896e-21
-1.9251340552178662533e-21
3.09173385577148325826e-22
-7.69433592592726330943e-22
3.61806481813494180381e-22
4.77428761607717771333e-21
-1.16910460972733726115e-21
1.95411054723779045271e-21
-1.96607838440326582896e-21
-3.47726606265565673437e-21
6.15660937615243874036e-22
6.19439872012306945777e-22
5.07072180057120573201e-22
1.71704706114488698193e-22
-4.81863194403842379556e-22
1.08190348368689310351e-21
2.39883858990870290995e-21
2.67343538238678182053e-21
-6.24179853681404739347e-22
-1.64767289244769306753e-22
7.2860965315976944855e-22
1.85954683119419162274e-22
-1.23082197822675762677e-22
-9.43770489167125406026e-24
-1.03110165677748638547e-21
-1.17034145601591438116e-21
-1.06245143591641240638e-22
9.10031978927316477527e-23
1.17491481983227889704e-22
9.97125571930312007084e-23
-0.773652376815898148241
0.402254173414259200673
0.140456176490205546369
0.0273156157456491258049
0.0426988897549799907294
-0.107753154737516424765
1.794892929216759722
-1.37545531904344113975
-0.29452047988959378583
-0.156863545477968253114
0.265652873029680149792
-2.32277392791479619092
2.96452234422402915168
0.629021964770013030712
-0.402708880788749004026
2.78125607936700490206
-7.26982839112032244421
0.573726969178236323762
-3.28699404135770517162
5.08872190642628116252
1.28003019552889225638
7.19313173828114927989e-22
2.2401299552082242231e-21
1.75775519251541325193e-21
2.19678789290920630106e-21
-5.64953393630819640753e-23
1.97015180130397590891e-22
5.77991805503006357535e-22
4.84376681245015617294e-21
2.05549497687127093746e-21
-3.56034116333416690969e-21
9.21004003700374356726e-21
-1.79762550578994997844e-21
8.20600317685151501856e-21
-7.36746944830615693098e-21
-3.25750855215246864097e-21
-5.3220027826110633946e-25
1.0610651940452455129e-21
1.52183470991841591239e-21
-2.79424138830643489728e-22
4.75787833903177504218e-22
3.19674681542091239164e-22
3.0816397971054445611e-21
1.85191148013426094972e-21
-5.18159085922021009965e-22
-1.19935845168438506613e-22
7.28604052206131383018e-22
5.00624375969445860369e-22
-6.06665470414157845625e-23
5.02976999059545272618e-23
-1.29344337008813737505e-21
-1.61907187064409568028e-21
-2.01875080129918317766e-22
5.6678975546228703881e-23
1.58631426142403994762e-22
1.88176625828115498232e-22
-0.500000000000000058099
1.24740717501305276627e-18
5.2424414903266065027e-18
5.24590413857549249774e-18
1.25282684184579256808e-18
-2.39196612764817357123e-17
1.34991331419048826633
2.56303025686083374463e-17
2.36102106140582234524e-17
2.56202337579076752574e-17
7.11503917747799869979e-17
-2.24468464817616710847
-7.34249798578542876244e-17
-7.34368295824783296707e-17
-1.24105135611099537325e-16
4.03618727030534851417
1.43146702347956761754e-16
2.19264546715403429124e-16
-10.1414159363196704427
-4.67799220730032380556e-16
7.5000000000000010701
2.42152540058311400291e-21
2.52360238512398616294e-21
4.17161079620395568342e-21
1.07218811467596044556e-21
2.18807273875260604197e-21
-4.73055496756537962154e-21
1.86145134980291985054e-21
5.49169282928465674234e-21
-1.00278310740487629646e-21
-3.35952305374004486715e-21
6.91995212396408588333e-21
-5.03232782693383418947e-21
9.26616864798416090392e-21
-7.72175278355326002387e-21
-7.63465793245526352712e-21
8.8899470669991799071e-22
6.33837442731587334515e-22
1.38089534192997003409e-21
3.6810718588663714749e-22
2.12538928954497777563e-22
2.46439354790946311493e-21
5.05287872307918555675e-21
2.41137704304433604872e-21
-2.77057839788800060711e-22
-3.13997672474083008743e-22
5.6236497444868911051e-22
-1.75198847308069487468e-22
-3.39748440872249044593e-22
7.07123117593465188323e-22
-6.8768511125386908545e-22
-8.98144725243780656638e-22
-4.22666818951418263628e-23
1.94937109749988832591e-22
-2.45813537128830549793e-22
1.73423162424490823934e-22
-1.28003019552889149219
-4.49763222150919509053e-17
1.47580270553786961011e-17
-7.1776782043242895042e-18
-5.96869314062349350938e-18
2.4343356400358178715e-19
3.28699404135770391941
7.94164916688150024428e-17
-3.82445637131108668453e-17
5.41379502276369218039e-18
5.46211858520179591067e-18
-2.78125607936700379806
-6.68763994410230050791e-17
8.74911886295246221377e-17
2.84346012548343808808e-18
2.32277392791479540059
1.58943208827249024875e-18
-4.76283040563111194986e-17
-1.79489292921675919489
2.55216006458147624887e-17
0.773652376815897967378
-5.08872190642628275223
1.46886600443500454922e-17
-3.88968429381059351785e-17
-9.03199223456149974568e-17
-4.11976945112572445274e-17
7.26982839112032294222
-3.98291077535970300296e-17
1.60686098454949638216e-16
9.37441128840887382454e-17
-2.96452234422402855616
5.55067731251230672389e-17
-3.32199256553754412102e-17
1.3754553190434413777
-5.4746185309519862554e-17
-0.402254173414259180529
-0.573726969178236299714
9.28512047589228000931e-18
8.26755891057971087472e-19
8.87708860640144118394e-19
-0.629021964770012934824
-3.98255159169388866131e-17
-2.86316459411328532365e-17
0.294520479889593803533
7.70487173600810847124e-18
-0.140456176490205564249
0.402708880788748801299
5.20380485163731561667e-18
6.06438301650903117244e-18
0.156863545477968455271
1.86006777128732295952e-17
-0.0273156157456491890474
-0.265652873029680237515
-1.04007309886897683455e-17
-0.0426988897549798799118
0.107753154737516403893
0.621927168858483534105
-1.08356720768492799491
-0.21495252690626106761
0.23716519840048835755
-0.219719396137177452984
0.104144039536394133223
-0.417006955789983116232
2.91435454830489434689
-0.286106997127851424387
0.103303370319949099666
-0.0281960902596906655391
-0.875234670005567354654
-2.51333541466820773779
0.245740923639995450631
-0.0274706170412475855493
1.81082720728291193554
1.75357950857261983468
-0.176739001462425276553
-2.15233600531292517806
-0.659077563310036402337
1.17232942731324844594
-1.08356720768492814441
-3.75952989293941500402
-0.369352803571120850362
0.217531337309500770134
-0.064017331300601267673
2.91435454830489474831
5.84192951777818647799
-0.387028751812351610624
0.0136979421993482255663
-2.51333541466820801569
-2.20759409276126667561
0.160887301736977292533
1.75357950857262028526
0.477335359866771316627
-0.659077563310036658631
-0.214952526906260892179
-0.369352803571120659948
0.042206769953677707213
-0.0185668631072938191182
-0.286106997127851462034
-0.387028751812351633756
0.0405989544939289026606
0.245740923639995499591
0.160887301736977306513
-0.17673900146242536118
0.237165198400488190974
0.217531337309500730341
-0.0185668631072938377524
0.103303370319949045708
0.0136979421993481296252
-0.0274706170412475635652
-0.219719396137177316346
-0.0640173313006011918569
-0.0281960902596906549775
0.104144039536394109064
-0.352999880269764841913
0.760086761122394458398
-0.932308017511922866468
-0.22384861335641215831
0.132423469988719650197
-0.0475833234762443730988
-0.0145967524084797462707
-0.163140061165535034326
2.5330249836696303642
-0.163140061165534875766
-0.0145967524084800268883
0.273811465164999108264
-1.91613921742036420185
-1.91613921742036501893
0.273811465164999608446
0.516693735737720741029
2.96358319843785660547
0.516693735737720856397
-1.697384585193333401
-1.69738458519333205802
1.38956543558521272873
0.425199191996767279206
-1.58148125844432413076
-3.73875552690776507145
-0.0228813643108788762304
0.049932216102262446282
-0.236152572914919742125
4.60944376349407822907
4.60944376349407863801
-0.236152572914919906543
-0.786595248555913497854
-3.81278571553109327738
-0.786595248555913328439
1.33197079255502682653
1.33197079255502733176
-0.784480118282347098022
0.111435288930796876964
-0.29191366672716054282
-0.215636750650569776713
0.0345422235285419744532
-0.217319010547813682035
-0.466051085242077011874
-0.21731901054781363458
0.262877406876261196902
0.262877406876261023825
-0.196837200112510158644
0.0636372686681361385032
0.302778466022049043758
0.0768295925468771153399
0.0895072574180081733228
0.0895072574180082150317
-0.0483179912673322729605
-0.148974897935380142185
-0.157764023807339165969
-0.0386012706341123441835
0.112228661788517633512
0.441819374688645279945
-0.960513939667420493681
1.12463270743505853502
-1.17168501715883636377
-0.30123685247540767304
0.168567401939362135031
-0.0281960902596898838891
0.103303370319947917071
-0.286106997127850657029
2.91435454830489417049
-0.417006955789982898109
-0.0274706170412479742126
0.245740923639995723594
-2.51333541466820831011
-0.875234670005566599731
-0.176739001462424579031
1.75357950857261869907
1.81082720728291219197
-0.659077563310037677187
-2.15233600531292363055
1.17232942731324843601
-0.32480532239454417892
1.1238021034597061086
-2.63326012137272358965
-3.46098608849884194466
0.127820382459154074995
0.0136979421993477628667
-0.387028751812349622667
5.84192951777818544845
2.91435454830489401334
0.1608873017369772483
-2.20759409276126785675
-2.5133354146682065614
0.477335359866771144665
1.75357950857262031333
-0.6590775633100366044
-0.0865468081868892947013
0.12581621693547859445
-0.285743356589319696275
0.0552256144060815843982
0.04059895449392874118
-0.387028751812351701524
-0.286106997127851694728
0.160887301736977498491
0.245740923639995384653
-0.176739001462425366551
-0.00855262438963878800688
0.149404485419432561919
0.107123264742891181922
0.0136979421993481406575
0.103303370319949197765
-0.0274706170412475905136
-0.0488647748317441821464
-0.127077169347035449101
-0.0281960902596906957154
0.0669934623773394698585
-0.773652376815898891349
1.79489292921676055572
-2.32277392791479627412
2.78125607936700400349
-3.28699404135770239469
-1.53333459016375449885e-15
1.02063960841853704981e-15
-1.51964773519121383221e-15
1.02298426841269108942e-15
-5.10997976319846821337e-16
3.28699404135770444067
-5.42536123535661960948e-16
8.68404616583639522595e-16
5.10854941175170110857e-16
-2.78125607936700433655
6.11928297462510990168e-16
-2.07817028994958753209e-15
2.32277392791479600532
-4.77084036271835024782e-16
-1.79489292921675796102
0.773652376815897826459
0.402254173414259846002
-1.37545531904344256819
2.96452234422403051374
-7.26982839112032302972
-1.23779481621275277777e-15
-4.86382877189350587215e-16
2.318027496720126397e-15
-4.68907280868248687372e-15
7.26982839112032552159
5.73147697955524860452e-17
-5.17485466653812074761e-16
-2.96452234422402746927
-2.30381237843220176135e-16
1.37545531904344128745
-0.402254173414259105603
0.140456176490205548134
-0.294520479889593654231
0.629021964770012566647
-5.25725701489636029336e-16
-1.9604902617319145654e-16
2.29913021910147934462e-16
-0.629021964770012907531
1.15323714280337729111e-16
0.29452047988959356274
-0.140456176490205537219
0.0273156157456492084606
-0.156863545477968405211
3.09507586980892852167e-16
-2.84201577088605454927e-17
0.15686354547796847791
-0.0273156157456491771956
0.042698889754979857521
-1.84982525818426236023e-16
-0.0426988897549798803085
6.35199027295565519467e-17
0.453359766919121526229
-2.07285264845733894175e-17
1.11796415491088728538e-17
1.55698262981229560927e-17
1.40926287176769404349e-17
-1.44019498116314420586e-17
-0.782330355209520524301
3.11775998585361406695e-17
-5.49145160393437801046e-17
-5.3593018407199117396e-17
2.19027718415076085633e-17
0.956732490252575321374
6.66100828187426908502e-18
1.14615199386280110803e-16
-5.33672218575410033028e-18
-0.887467509034570860264
-8.54515797832215071718e-17
-3.91532717729778401239e-17
0.740794543530244338322
6.524034850413319759e-17
-0.337675335152252129899
-1.2113875901440826154
1.45865339525600154209e-17
6.88141725347115413066e-18
-1.59619533362609017531e-17
1.51282481773340946479e-17
-0.298543804440571977375
-7.08583486493429759689e-17
-3.55056254905773377739e-17
-5.68850874141568517537e-17
2.26390731780160328291
1.67154356247467043783e-16
1.10596740968545886565e-16
-0.906270766150206794574
-1.09209858580648192151e-16
0.260787991093943410241
-0.270178141312342660482
4.9480768339659663747e-18
2.61276768759394846481e-18
3.62117466222784193042e-18
-0.0836094469818009324762
-7.24530466055332821677e-18
-1.74859459298265286278e-18
-0.0836094469818010481981
-1.51384153125831557291e-17
0.0679799450795956353134
0.130041933657597196721
-1.20503718618687894799e-18
-1.90702257045916046092e-18
0.0681268518900681250184
8.4139632446304055967e-18
-0.0100142387176550001666
-0.0926422267901419160786
-1.26963556816920714592e-18
-0.0151525564688571020349
0.0371505771590547012438
-0.351265542119172670207
0.391882591304857929413
0.0404127415460791510777
0.025350744094602630639
-0.0404952061862040051539
0.0274435098060520388107
0.406077386859378070017
-0.784143940908263923344
-0.0355409906270320124763
0.0289595959772481419585
-0.0158416170267075220532
-0.0687429616153718449126
0.962349491200075972603
-0.0355409906270319739634
-0.00118050123074441316378
-0.365610051352516335291
-0.784143940908263964138
0.0576253637649518318904
0.651259935481998330669
0.336503473036869895252
-0.425976027170960372174
0.391882591304857965396
-0.915947124713261093095
-0.174418277626821532418
0.0670493788418407698451
-0.0292667893036146208658
-0.784143940908263966762
-0.549203731437529551496
-4.656386143076131883e-17
0.0292070936758421491228
0.962349491200076077541
2.04362209088181083344
-0.075977601305482340637
-0.784143940908264142855
-0.398991816713512005516
0.336503473036869986504
0.0404127415460791428588
-0.17441827762682145044
0.000528878144870271327176
-0.00322483679654388261646
-0.0355409906270319473024
1.30314678128394094093e-17
0.000230382350845757466346
-0.0355409906270320522812
-0.075977601305482467121
0.057625363764951900695
0.0253507440946025920257
0.0670493788418407212826
-0.00322483679654389874482
0.0289595959772481611098
0.0292070936758422184293
-0.00118050123074442029584
-0.040495206186203977853
-0.0292667893036146250261
-0.0158416170267075339972
0.0274435098060520403631
0.453419536977012303088
-0.69175514166820205842
0.39096079544711867229
0.109155703161451240057
-0.0141947955545201917581
7.6334409629650758436e-18
-0.352345090063577679767
0.813103536885512255487
-0.997890481827107915814
2.84515135844693516282e-17
0.0141947955545201611699
-0.0588058649956961513993
-2.48407634817715227961e-16
0.99789048182710821845
-0.109155703161451211338
0.0588058649956961162029
-0.81310353688551172125
-0.390960795447119135492
0.352345090063577808389
0.691755141668201856765
-0.45341953697701241186
-0.365770262340484613101
0.851193319750104646779
-1.13676776882689725318
-0.13180318380499724493
4.6504936773583021413e-18
0.428198910389353894076
-2.04362209088181065219
-5.57220549965656408489e-18
0.131803183804997200753
1.28090092857618022983e-16
2.04362209088181103789
1.13676776882689738271
-0.428198910389353989736
-0.851193319750105156101
0.365770262340484636286
-0.0608502005614957079794
0.0360698687719022226852
-0.138877286999789477932
-1.4126211747176591722e-17
0.0762079836563282108984
4.16568149618187745264e-17
0.138877286999789521716
-0.0762079836563282748969
-0.0360698687719022649779
0.0608502005614957984111
-0.00204433556579948457969
0.0380897828645925950274
-8.5736308317715797378e-18
1.64784105289966516436e-17
-0.03808978286459260998
0.00204433556579946610915
-0.0134251722769071062893
7.01218842828051495733e-18
0.0134251722769071119026
-1.45829705501864170226e-18
-1.17232942731324664062
2.15233600531292224978
-1.81082720728290986737
0.875234670005566396012
0.417006955789983332771
-0.168567401939361919266
0.659077563310035387762
-1.75357950857261730591
2.51333541466820529226
-2.91435454830489290466
0.301236852475406937591
0.176739001462425584616
-0.245740923639995864938
0.286106997127852017352
1.17168501715883595315
0.0274706170412472088916
-0.103303370319948462707
-1.12463270743505942595
0.028196090259691168206
0.960513939667421166018
-0.441819374688646264938
0.65907756331003589527
-1.75357950857261806677
2.51333541466820603041
-2.91435454830489367248
-0.127820382459154839012
-0.477335359866770311118
2.20759409276126355624
-5.84192951777818427164
3.46098608849884269734
-0.160887301736977334577
0.38702875181235314393
2.63326012137272303362
-0.0136979421993482465904
-1.12380210345970771921
0.324805322394544674575
0.176739001462425004927
-0.245740923639995062165
0.286106997127851138527
-0.0552256144060820186428
-0.160887301736977068993
0.387028751812351450591
0.285743356589319646149
-0.0405989544939290247638
-0.125816216935478607723
0.0865468081868894640276
0.0274706170412474895877
-0.103303370319948875154
-0.10712326474289086921
-0.0136979421993481075204
-0.149404485419432640224
0.00855262438963881674627
0.0281960902596906904207
0.127077169347035208461
0.0488647748317441156724
-0.0669934623773393587603
-0.305416556793520291435
3.4713810965629999653e-18
-2.57498783102616245131e-18
-8.93253969246198762238e-18
-1.15376236915734382418e-17
6.37034581085097564463e-18
0.627663291133674686161
-5.9282117259366403635e-18
2.0274093476292398429e-17
3.78164961142769943163e-17
-7.81396765244111048688e-18
-0.708459404155510941554
-1.392112702450092292e-17
-7.05647624383813353966e-17
-6.50103909734574156427e-18
0.708459404155510934132
7.44639463598467356858e-17
3.48294420002912865173e-17
-0.627663291133674823376
-6.11611913392822914534e-17
0.305416556793520466342
0.375266975894504722663
1.14172069628588779637e-17
2.82444437727820783441e-17
2.52502903106387871403e-17
1.06867356243503234069e-19
-1.55859989413344486059
-4.31570816090710805383e-17
-8.38791327919748746299e-17
7.31575660462698865728e-18
-8.92817305855660485475e-16
6.45181685584277547729e-17
-5.94846675478145233552e-17
1.55859989413344565841
1.23227103867263862137e-16
-0.375266975894504784396
0.0768930654022549343922
2.55344007953731464352e-18
5.18150280307933380404e-18
3.30405001772008022273e-19
-0.0762769160765908162938
5.38992724152391628177e-18
3.96038420410628764548e-18
0.0762769160765910097853
2.52357262172042008009e-18
-0.07689306540225503325
-0.0131923238787409516896
-4.23238478470483684598e-18
-1.98889260256166411102e-18
-7.62499233869274921452e-17
-3.87654765651202035078e-18
0.0131923238787409555931
0.00878912587195916185194
3.51020288270716790655e-18
-0.00878912587195911485742
-1.8023013701071719235e-17
0.42597602717096014619
-0.336503473036869929322
-0.0576253637649518310387
0.001180501230744402304
0.0158416170267075605789
-0.0274435098060520523696
-0.651259935481997956922
0.784143940908263822419
0.0355409906270319875468
-0.0289595959772481361233
0.0404952061862039795738
0.365610051352516011234
-0.962349491200075853156
0.0355409906270320031698
-0.0253507440946026385898
0.0687429616153721193978
0.78414394090826377342
-0.0404127415460791368425
-0.406077386859378290593
-0.391882591304857781837
0.351265542119172792339
-0.336503473036869947433
0.398991816713511683739
0.0759776013054824619251
-0.029207093675842168175
0.0292667893036146364436
0.784143940908263846002
-2.04362209088181021702
3.41362331447823668263e-18
-0.0670493788418407795614
-0.96234949120007593535
0.549203731437528688142
0.174418277626821461087
0.78414394090826397001
0.915947124713261591072
-0.391882591304857880672
-0.0576253637649518039419
0.075977601305482414708
-0.00023038235084577159691
0.00322483679654388979005
0.0355409906270319389286
1.2782564355451915249e-16
-0.000528878144870259036007
0.0355409906270320942599
0.17441827762682154769
-0.0404127415460792136929
0.00118050123074441545436
-0.0292070936758421914017
0.00322483679654389699142
-0.0289595959772481858293
-0.0670493788418408291832
-0.0253507440946026360778
0.0158416170267075630106
0.0292667893036146497932
0.0404952061862040097563
-0.0274435098060520624439
-1.38956543558521192047
1.69738458519333192177
-0.516693735737719845097
-0.273811465164999551153
0.0145967524084799354268
0.0475833234762443699591
1.69738458519333233357
-2.96358319843785641009
1.91613921742036369522
0.16314006116553486487
-0.132423469988719480884
-0.516693735737720253729
1.91613921742036469154
-2.53302498366963054023
0.223848613356411956417
-0.273811465164999310931
0.163140061165533835878
0.932308017511923644712
0.0145967524084798481118
-0.760086761122394048556
0.352999880269764803534
0.784480118282346720448
-1.33197079255502595102
0.786595248555912778572
0.236152572914919866026
-0.0499322161022623826933
-1.33197079255502618635
3.81278571553109113853
-4.6094437634940768249
0.022881364310878594883
0.786595248555913227748
-4.60944376349407866665
3.73875552690776439827
0.23615257291491969627
1.58148125844432479688
-0.425199191996767234366
0.19683720011250994989
-0.262877406876261020916
0.217319010547813661915
-0.0345422235285419488417
-0.262877406876261009048
0.466051085242077292383
0.21563675065056969718
0.217319010547813778786
0.291913666727160690502
-0.111435288930797023676
0.048317991267332232057
-0.0895072574180081094631
-0.0768295925468771173556
-0.0895072574180082200187
-0.302778466022049334034
-0.0636372686681361834492
0.0386012706341124421858
0.157764023807339219101
0.148974897935380147688
-0.112228661788517656411
0.337675335152251916131
7.2512603925512998768e-18
1.08294247353906375389e-19
-7.68196461169648114108e-18
-7.11369033114188929813e-18
2.97683547317481704784e-17
-0.740794543530244083985
-1.80258637802862381521e-17
1.61103932015122685169e-17
2.81604103545972218567e-17
-6.1649363588996340157e-17
0.887467509034570740037
5.61392093859702204066e-18
-5.0000534118057692713e-17
6.22892713888866299008e-17
-0.956732490252575359591
3.13370596789138249676e-17
-4.57866718511039094778e-17
0.782330355209520545448
2.58757461162332014024e-17
-0.453359766919121754271
-0.260787991093943305841
1.34863709604443172693e-17
1.8171217068814003034e-17
1.2906410782019277306e-17
-2.04504843106493503975e-17
0.906270766150206264784
-8.67774111490980396147e-18
9.36227653867982794239e-19
7.54211679654332064312e-17
-2.26390731780160356603
-5.85570215071551070324e-17
-1.44866558129481888123e-16
0.298543804440573274676
1.25791013862034998412e-16
1.21138759014408205496
-0.0679799450795955553925
-3.8986154672815811495e-19
-1.02542288112752388621e-18
-5.1388668482093962707e-18
0.0836094469818010230051
7.90118956842364738494e-18
5.10643782241182270628e-18
0.0836094469818010774298
9.0372094748310127779e-18
0.270178141312342825979
0.0100142387176549766361
-1.29192221173473177798e-18
1.39625452979711564472e-18
-0.0681268518900681553089
-7.55916204182548342598e-18
-0.130041933657597368019
0.015152556468857143423
1.98438244954536697071e-18
0.0926422267901419889218
-0.0371505771590547234398
-1.17232942731324713312
0.659077563310036026944
0.176739001462425181776
0.027470617041247495805
0.0281960902596907870512
-0.104144039536394142829
2.15233600531292287372
-1.75357950857261840194
-0.245740923639995373739
-0.10330337031994894708
0.219719396137177239537
-1.81082720728290997186
2.5133354146682061951
0.286106997127851573736
-0.237165198400488281745
0.875234670005566048655
-2.91435454830489331338
0.214952526906260785171
0.417006955789983840894
1.08356720768492723978
-0.621927168858483771915
0.659077563310036090778
-0.477335359866770691904
-0.160887301736977242238
-0.0136979421993480971653
0.0640173313006012309513
-1.75357950857261845348
2.20759409276126497286
0.387028751812351831176
-0.217531337309500855355
2.51333541466820633823
-5.84192951777818604588
0.369352803571120530549
-2.91435454830489350282
3.75952989293941535376
1.08356720768492761176
0.176739001462425101462
-0.16088730173697723952
-0.0405989544939289433847
0.0185668631072938262847
-0.24574092363999526898
0.387028751812351859081
-0.0422067699536776772375
0.286106997127851449011
0.369352803571120706278
0.214952526906261025698
0.0274706170412475439761
-0.0136979421993481256381
0.0185668631072938347412
-0.103303370319949031268
-0.217531337309500892824
-0.237165198400488403695
0.0281960902596907220194
0.0640173313006012366489
0.219719396137177375643
-0.104144039536394120063
-0.773652376815897838714
-4.14666351985430334137e-18
-3.44251245941249928079e-18
-3.44049222918144454206e-18
-4.1448356880743510239e-18
-3.2506389688856450636e-17
1.79489292921675921645
1.90372927869862628491e-17
1.87327212035695915235e-17
1.90268284191783015616e-17
7.81878688580326825788e-17
-2.32277392791479583909
-4.49599366830689690381e-17
-4.49623635577015868521e-17
-1.07948445689490760619e-16
2.78125607936700500837
8.09173809737311407977e-17
1.41852437779948875072e-16
-3.28699404135770665417
-1.83989785403136225999e-16
1.28003019552889253176
0.40225417341425904519
1.52731852703629004612e-17
1.89623539404257185156e-17
1.52673006162338967511e-17
1.83108748215511342754e-17
-1.37545531904344056176
-1.70588245696971339835e-17
-1.70545225819379724144e-17
-5.32760138330650238015e-17
2.96452234422402836701
2.16235057822729584083e-17
1.07248138642888718043e-16
-7.26982839112032182829
-2.47161461101122452348e-16
5.08872190642628173354
0.140456176490205436458
-3.00481149597448340306e-18
-3.00569060858047009523e-18
4.27565635079370625018e-18
-0.294520479889593757788
2.81964687235660142221e-18
-8.04162984347747387621e-18
0.62902196477001334743
1.7529120817332355152e-17
0.573726969178236673383
0.0273156157456492132174
2.04429470415129336155e-18
1.32460722144111723259e-18
-0.156863545477968540486
-5.24536683879445450338e-18
-0.402708880788749296198
0.0426988897549799429062
5.10944122986587806331e-19
0.265652873029680444224
-0.107753154737516442989
0.694896193190201814552
-2.93089103834848346244e-17
2.30059765240297831112e-18
9.12711307530439213676e-18
1.6235682799907816239e-17
-7.8975030941274288509e-18
-0.703897776933360262473
4.52753185850037087124e-17
-1.83009813056629767094e-17
-1.90860229911593696959e-17
-1.5831461867278745021e-18
-0.553557323210330342409
-1.46234154102150036213e-17
6.42047391044562600012e-18
4.12543534217957620928e-18
1.51572394648772624674
2.69159503969434866144e-18
5.03025561283645485962e-18
-1.9301284024193296647
-7.08996888883029888957e-18
1.08275361207231542274
-1.85444987194847394386
3.75754015114536762064e-17
-1.51357323309861713778e-17
-5.96883005439363455858e-17
1.11664870106442491575e-17
5.1640641055369624769
-9.29791062049120844557e-17
1.42526285037347150775e-16
2.63157751476227008525e-17
-4.57509561578329021861
1.89815763043372806409e-17
-5.56682467259623968347e-17
3.26853829814428852589
1.18755983796751276096e-17
-1.24786534501156220197
-4.69204452086395335645
-2.92393008434016830101e-17
-8.55256758476294412477e-17
-6.01767085079629763456e-17
5.96917684639212357493
1.51723977733155735696e-16
1.41918452018028490244e-16
-1.88345193647227924119
-9.97735494066880790152e-17
0.259411976941058958314
-0.402453339035897297744
2.12014364839561724528e-18
-4.68460567190572498394e-18
-0.710534020721711867223
-2.07745834769515658971e-17
0.321867872484013018228
0.334884172792271273092
6.47530884500320780784e-18
0.0614045506609512259794
-0.11924342230172416107
-0.352999880269764736068
0.425199191996767320375
0.111435288930796908049
0.063637268668136192971
-0.148974897935380181258
0.112228661788517590742
-0.0145967524084798842564
-0.236152572914919846583
-0.217319010547813702265
0.089507257418008176553
-0.0386012706341123240646
0.273811465164999295297
-0.78659524855591325509
0.262877406876261114332
-0.0483179912673322915361
0.516693735737720513753
1.33197079255502643667
-0.196837200112510016986
-1.69738458519333318812
-0.784480118282346843568
1.38956543558521277964
0.760086761122394447832
-1.58148125844432418168
-0.291913666727160732432
0.302778466022049061087
-0.15776402380733915765
-0.163140061165534839855
4.60944376349407831029
-0.466051085242076833458
0.0895072574180082294661
-1.916139217420364799
-3.81278571553109325248
0.262877406876260903608
2.96358319843785736639
1.33197079255502730349
-1.69738458519333248955
-0.932308017511923029451
-3.73875552690776487153
-0.215636750650569800679
0.076829592546877107495
2.53302498366963030242
4.60944376349407839282
-0.217319010547813520235
-1.91613921742036468913
-0.78659524855591325104
0.516693735737720378862
-0.223848613356411996918
-0.0228813643108788502273
0.0345422235285419440612
-0.163140061165534962378
-0.236152572914919968666
0.273811465164999773837
0.132423469988719627246
0.0499322161022624811274
-0.0145967524084800615688
-0.0475833234762444006813
0.539039987461342731329
-0.799715090848554715832
0.41981041601132212047
0.202933292507396117432
-0.00694578255384290684268
0.018122891948109051026
-0.0386012706341115830612
0.089507257418007452931
-0.217319010547813419365
-0.236152572914919935288
-0.0145967524084799985432
-0.0483179912673328302995
0.262877406876261794065
-0.7865952485559136998
0.27381146516499960618
-0.196837200112509517276
1.33197079255502546658
0.516693735737720758595
-0.784480118282347841562
-1.6973845851933319216
1.38956543558521273844
-0.799715090848554823594
1.80586707385956228507
-2.13659610513968326967
-0.0783926506068106732107
-0.00145035371351696411326
0.0895072574180076597794
-0.466051085242076228802
4.60944376349407821123
-0.163140061165534951501
0.262877406876261340982
-3.81278571553109410641
-1.9161392174203642321
1.33197079255502631148
2.9635831984378582445
-1.69738458519333244196
0.419810416011322245219
-2.13659610513968353894
-3.49940919447577777554
0.136957357621668002076
-0.217319010547813271444
4.60944376349407836389
2.53302498366963003225
-0.786595248555913765985
-1.91613921742036402815
0.516693735737720361951
0.202933292507396010857
-0.0783926506068106135259
0.136957357621668129029
-0.236152572914919930849
-0.163140061165534941396
0.273811465164999773902
-0.00694578255384287725867
-0.00145035371351700407055
-0.0145967524084800778919
0.0181228919481090766185
-1.08275361207231432881
1.9301284024193277726
-1.51572394648772487996
0.553557323210330138283
0.703897776933359884462
3.34739660201179021728e-16
1.20352034314319891468e-15
-1.32245207605232049454e-15
5.47295552296788359001e-16
-6.48815867935204872487e-16
-0.703897776933359783533
-1.10411048261455168542e-15
1.93064032648561155189e-15
-1.21587572441115513024e-15
-0.553557323210329861401
5.18619715562829876754e-16
-1.37583521819977010978e-15
1.51572394648772667586
-8.93398479889271061005e-16
-1.93012840241932844697
1.08275361207231544318
1.24786534501156073933
-3.26853829814428405862
4.57509561578328580854
-5.16406410553696020904
-7.45721212863132509756e-16
-4.5488235663466735246e-16
3.49685069798904597087e-16
7.17897621650406841465e-16
5.16406410553696187993
1.07288483795714537286e-15
-3.59505506617288472606e-15
-4.57509561578328792503
-1.5046108524554373558e-16
3.26853829814428882306
-1.24786534501156222622
-0.259411976941058305923
1.88345193647227617199
-5.96917684639212152107
-8.88502644443380654206e-16
-1.35004397735453560965e-16
2.47932743809397215289e-15
5.96917684639212139156
-6.32134685575455268454e-16
-1.88345193647227849079
0.259411976941058947696
-0.321867872484012476461
0.71053402072171166642
2.19864026394485931448e-16
-1.78235310270732512989e-16
-0.710534020721711726584
0.321867872484013002277
-0.0614045506609513502728
-1.31894072499715869605e-16
0.0614045506609512356085
1.07782909591639485021e-16
-0.371122772217873677418
-5.92595955255435810991e-18
-4.68231708210985803241e-18
-3.89424241552969254642e-18
-4.50921155305136574714e-18
-4.43513080161388239919e-18
0.432144974550610147543
1.51680852504786014211e-17
5.49044326487550889654e-18
7.63667979708897835441e-18
1.26025949102770197913e-17
-0.0914980035765990278112
-6.66944660061407193866e-18
6.71400971092430181511e-18
-1.27774306880578884849e-17
-0.356173147343186204554
-3.25579786204879391914e-17
-5.08455842863779973364e-18
0.650740192913175211709
4.41928176951767753064e-17
-0.426811325672825956751
0.761537114835911329735
9.62772386245703289405e-18
2.12213818691729491408e-17
1.50103068198485785177e-17
3.7616910772545514193e-18
-1.50308860783751344474
-6.18984328453074187827e-17
-7.63956571968784420646e-17
-2.59882734740035740406e-17
1.84468243841252305536
1.3896150323788954337e-16
6.45492804172411591977e-17
-1.50308860783751380551
-1.05940886775014180916e-16
0.641951067041215950083
-1.06926537513359097056
5.40158191769919316887e-18
-1.0926880002364250714e-17
1.05040894560393602773e-17
-0.23934633243198731034
9.3102110935964936411e-18
-4.53913012970949793207e-17
1.92095935448911402473
9.91382050116945397223e-17
-0.342980823464445417648
-0.360805970978080057368
-3.39457383112811980632e-18
4.32549402537390509405e-19
0.0555112862959317709299
3.39428452942720877722e-18
-0.16839106897885421932
0.133873823702236582679
-3.76703490475669122329e-20
0.0568779986561054164906
-0.0657062154243534598371
0.453419536977012235992
-0.365770262340484629201
-0.0608502005614957548508
-0.00204433556579948830788
-0.0134251722769071003881
-1.54879509010118771751e-17
-0.352345090063577632923
0.428198910389354003699
0.0762079836563282511664
1.69395382028550686991e-17
0.0134251722769071144272
-0.0588058649956962032492
-1.26334959904305157877e-16
-0.076207983656328260035
0.00204433556579947194584
0.0588058649956962002003
-0.428198910389353734109
0.0608502005614957355471
0.352345090063577736683
0.365770262340484520684
-0.453419536977012456363
-0.691755141668202080797
0.851193319750104656992
0.0360698687719022933908
0.0380897828645925893208
2.25819905226061634029e-17
0.813103536885512184293
-2.04362209088181057371
-6.21701820868118459071e-17
-0.0380897828645926444596
2.12654711575671421911e-17
2.04362209088181104261
-0.0360698687719021602737
-0.813103536885512106816
-0.851193319750105160665
0.691755141668202106343
0.390960795447118820589
-1.13676776882689727927
-0.138877286999789485536
-6.14999675678023005074e-19
-0.997890481827108006614
-1.38566047467102687198e-16
0.138877286999789512855
0.997890481827108254046
1.13676776882689737735
-0.390960795447119007307
0.109155703161451178196
-0.131803183804997223522
-2.99299770044454069511e-19
9.715204932471870596e-18
0.131803183804997256565
-0.109155703161451304266
-0.0141947955545201656284
-5.64211249320525674661e-18
0.0141947955545202022593
-8.23725902493102359007e-18
-1.38956543558521110402
1.69738458519333142255
-0.516693735737719794899
-0.273811465164999564449
0.0145967524084799767618
-0.0181228919481091104883
0.784480118282346096801
-1.33197079255502543605
0.786595248555912722803
0.236152572914919924409
0.00694578255384296729448
0.196837200112510489978
-0.262877406876261618273
0.21731901054781394908
-0.202933292507396085598
0.0483179912673319274355
-0.0895072574180074734598
-0.419810416011322677132
0.038601270634112704988
0.799715090848554957023
-0.539039987461343610507
1.69738458519333155901
-2.96358319843785554713
1.91613921742036343192
0.163140061165534956047
0.0014503537135171381162
-1.33197079255502558761
3.8127857155310904075
-4.60944376349407716338
0.0783926506068103605976
-0.262877406876261501727
0.466051085242078364074
2.13659610513968335045
-0.089507257418007901241
-1.80586707385956354273
0.799715090848555224387
-0.516693735737720092929
1.91613921742036366463
-2.53302498366962961319
-0.136957357621668429021
0.786595248555912896682
-4.60944376349407766471
3.49940919447577777693
0.217319010547814107399
2.13659610513968321332
-0.419810416011322515969
-0.273811465164999445408
0.163140061165534883106
-0.13695735762166819719
0.236152572914919867765
0.0783926506068106620489
-0.202933292507396217658
0.0145967524084799715347
0.00145035371351703594526
0.00694578255384296536344
-0.0181228919481090811842
0.426811325672825558257
4.6319504464070672614e-18
-3.25115514498115085282e-19
-2.96417323561884094258e-18
-5.48336409307762182096e-19
3.57271801691903637199e-17
-0.650740192913174856962
-7.67704109909637319392e-18
5.94368994952869815422e-18
7.76209739909302522009e-18
-5.82993215015258784729e-17
0.356173147343186068393
1.7193785370639868814e-18
-1.60103398022495345103e-17
3.40240308344102544078e-17
0.0914980035765990546971
1.60083787460940697697e-17
7.64720689029598176398e-18
-0.432144974550610218205
-4.21351014837678601158e-17
0.37112277221787393066
-0.641951067041215703072
-4.90056565636195214564e-18
1.88061802337294137824e-18
-3.3188882623852673046e-18
-4.76499543750055031221e-17
1.50308860783751306268
7.76449981040234854612e-18
3.50608833932989873602e-18
1.16616391844874632744e-16
-1.84468243841252256972
-1.71373327647498489325e-17
-1.44447745450652650343e-16
1.50308860783751333279
1.24282551757595778745e-16
-0.761537114835911302048
0.342980823464445145761
3.16309660166685226441e-17
3.64887294623595107986e-17
2.10025644003835384962e-17
-1.92095935448911327211
-8.18179518145768742027e-17
-8.41612597699059103916e-17
0.239346332431986042941
8.17076062234212757705e-17
1.06926537513359163061
0.16839106897885403123
2.62286385084376231331e-18
1.14029640346354171642e-17
-0.0555112862959317687373
-2.46090763571595646955e-18
0.360805970978080386574
-0.056877998656105374094
-4.84852067852805773467e-18
-0.133873823702236671695
0.0657062154243534583853
-1.38956543558521190175
0.784480118282346755618
0.196837200112510095417
0.0483179912673322306954
0.0386012706341124895265
-0.112228661788517696307
1.69738458519333243914
-1.33197079255502633446
-0.262877406876261211664
-0.0895072574180081696366
0.148974897935380139726
-0.516693735737720274407
0.78659524855591340714
0.217319010547813821042
-0.0636372686681361841525
-0.273811465164999397807
0.236152572914919374458
-0.111435288930796969207
0.0145967524084799169579
-0.425199191996767070064
0.352999880269764847146
1.69738458519333224331
-1.33197079255502616439
-0.26287740687626119373
-0.0895072574180081364678
0.157764023807339267999
-2.9635831984378567492
3.81278571553109161204
0.466051085242077620433
-0.302778466022049417008
1.91613921742036450146
-4.60944376349407857842
0.291913666727160531871
0.163140061165534333966
1.58148125844432474975
-0.760086761122394337276
-0.516693735737720263062
0.786595248555913058602
0.217319010547813749497
-0.0768295925468771526657
1.9161392174203643299
-4.60944376349407774526
0.215636750650569692565
-2.53302498366963097126
3.7387555269077645738
0.932308017511923569573
-0.273811465164999489171
0.236152572914919808459
-0.0345422235285419708052
0.163140061165534792832
0.0228813643108788580494
0.223848613356412263901
0.0145967524084799866543
-0.0499322161022624307187
-0.132423469988719635712
0.0475833234762443830877
-1.08275361207231437118
-2.86707931700624921096e-18
-3.4482536898165338419e-18
-3.44722279564073903398e-18
-2.86822182251351270192e-18
-3.75309966388977766518e-17
1.93012840241932829184
8.04480587588564172456e-18
8.6486665258221449126e-18
8.03653716991867734216e-18
7.01132885314014442093e-17
-1.51572394648772532745
-1.35705172399072600881e-17
-1.35654438709227066947e-17
-5.99935373696347670205e-17
0.553557323210329915533
1.70374180272654201442e-17
3.14239506834107067041e-17
0.703897776933360570439
9.03717817223833833092e-18
-0.694896193190202212186
1.24786534501156155992
6.39553095929149616774e-18
8.45415827781423443517e-18
6.3914859130749306316e-18
4.09307045016212434988e-17
-3.26853829814428618554
-1.67636351611441599802e-17
-1.67567820779529017855e-17
-1.12177253014825997532e-16
4.57509561578328831818
2.86581869631709870509e-17
1.61034553152353772553e-16
-5.16406410553696145154
-1.86778971732891073155e-16
1.85444987194847304904
-0.259411976941058805295
2.48254081792905683483e-17
2.48269407401608373808e-17
-7.72044751209474390794e-19
1.88345193647227832747
-1.07441180592490308102e-17
5.48685822234716054337e-17
-5.96917684639212462082
-1.87283969798141871822e-16
4.69204452086395486845
-0.321867872484012700581
-6.85406469961534806165e-18
-1.21835857687371113659e-17
0.710534020721711789347
2.45933046613522389509e-17
0.402453339035897681825
-0.0614045506609514059047
2.20304158624998779326e-19
-0.334884172792271301823
0.119243422301724164387
-0.388944033133762513592
-1.06672976623909588246e-17
-5.47131509714523825406e-18
-3.44333152469517301625e-18
-3.0750389442017398939e-18
-8.05802470331986589835e-18
0.0614045506609508408983
1.58194924864082670618e-17
2.74377725931609523654e-18
-2.57106642218899914185e-18
1.0758857099180636445e-17
0.321867872484012738286
6.38932568051952010292e-18
2.12561949949069320716e-18
5.94321576706618682181e-18
0.259411976941059207886
5.93012443298893942919e-18
-3.68448010132961294316e-18
-1.24786534501156280124
-3.26313170314449548835e-17
1.08275361207231554093
1.12124084501551129991
2.45397320088068441142e-17
1.92193697574898149504e-17
1.81281466596747034209e-17
1.6335423800199576711e-17
-0.7105340207217102269
-7.07150277166522151789e-17
2.12842786436138141953e-18
-4.08239741750047363769e-17
-1.88345193647228051077
-3.60932666860386866925e-17
-1.35456522624210468178e-17
3.2685382981442882712
9.99768744867216531931e-17
-1.93012840241932911409
-2.15541530540376297351
-3.1076898213738474161e-17
-9.05816813384155938135e-17
-1.72281088878552677281e-17
5.96917684639212351158
2.27176848820523649439e-16
1.32738418275065266465e-16
-4.57509561578328972585
-2.00235851107016823993e-16
1.51572394648772626622
-4.69204452086395405058
-4.83527881949098212426e-17
-7.98788514155658072088e-17
5.16406410553696130266
1.77016182889792486673e-16
-0.553557323210329685683
-0.133192919118239998123
-4.53642171876095819173e-18
-0.703897776933360256515
0.20994514533663281302
0.441819374688645334725
-0.324805322394544183406
-0.0865468081868893172219
-0.00855262438963876782858
-0.0488647748317441733588
0.0669934623773393482246
-0.0281960902596900961482
0.0136979421993476497039
0.0405989544939287397106
0.0136979421993480871807
-0.0281960902596906164124
-0.0274706170412477294946
0.160887301736977459643
0.160887301736977459686
-0.0274706170412475698269
-0.176739001462424932095
0.477335359866770848657
-0.176739001462425244939
-0.659077563310037287829
-0.65907756331003646785
1.17232942731324860199
-0.960513939667420757408
1.1238021034597063326
0.125816216935478607594
0.149404485419432522183
-0.127077169347035250446
0.103303370319948215219
-0.387028751812349949669
-0.387028751812351452316
0.103303370319949017081
0.245740923639995255876
-2.20759409276126784996
0.245740923639995145717
1.75357950857261958989
1.75357950857262049504
-2.15233600531292434499
1.12463270743505884294
-2.63326012137272339761
-0.285743356589319791257
0.107123264742890973664
-0.286106997127850690311
5.84192951777818545349
-0.286106997127851144747
-2.51333541466820820881
-2.51333541466820691344
1.81082720728291168854
-1.17168501715883637471
-3.46098608849884272361
0.0552256144060818919316
2.91435454830489399055
2.91435454830489438666
-0.875234670005566471468
-0.301236852475407349773
0.127820382459154445749
-0.417006955789983357299
0.168567401939362030013
-1.08275361207231418593
1.24786534501156073469
-0.259411976941058091282
-0.321867872484012571151
-0.0614045506609512746983
-1.32433417934478828669e-16
1.10926396738906906057e-15
-5.9730217810506821997e-16
-3.12402071755029779042e-16
-1.24204735868746627647e-16
0.0614045506609512852881
-9.99528979542436473668e-16
1.38926930605332300521e-15
-4.74057821616204777565e-16
0.321867872484012883622
3.76450966700526286275e-16
-7.86788068005604397884e-16
0.259411976941059254881
-7.65209886145177123295e-16
-1.24786534501156185831
1.08275361207231555564
1.93012840241932782384
-3.26853829814428411353
1.88345193647227610677
0.71053402072171150924
3.65587885196391129769e-16
-1.09215325347140851211e-15
2.09277511500789363666e-16
2.25688305527312059648e-15
-0.710534020721711853354
1.52707318257854549603e-15
-3.65012112666527870432e-15
-1.88345193647227885383
-2.94798290781952150281e-16
3.26853829814428886127
-1.93012840241932914285
-1.51572394648772534741
4.57509561578328608612
-5.9691768463921208395
-6.47961717544466729942e-16
5.92702950886967220197e-16
1.03806186600954709559e-15
5.96917684639212186835
-1.51674224820977442789e-15
-4.57509561578328787461
1.51572394648772623498
0.553557323210330304383
-5.16406410553696147914
-3.39905525821698394291e-17
-1.4004945639290303789e-16
5.16406410553696170209
-0.553557323210329720901
0.703897776933359946762
1.13468333032079405339e-16
-0.703897776933360260052
-1.016530021219758156e-16
0.374825912311306440255
2.32082225191428830553e-18
6.71087506065674801355e-19
6.04357465115881970335e-20
2.92556532392468926265e-19
2.05669789130381744155e-17
-0.275940547562800296764
-7.9608925783705880158e-19
9.94110643690347054217e-19
2.00305993750471782805e-18
-2.1801540467128712333e-17
-0.0779941837972506346177
-3.31212186925858498581e-18
-3.41194146387655423662e-18
-4.07399698214628649906e-19
0.077994183797250512999
-4.38508643796155528082e-18
9.02443951218045178553e-18
0.275940547562800668829
1.42371591945449268495e-17
-0.374825912311306888902
-0.833436770320385938272
-7.43923769995676321842e-18
-2.69802630804090295734e-18
-3.36658253283123951884e-18
-3.89446840306721571708e-17
0.974397618040274111543
6.66859970743853695364e-18
-2.13282427076351978909e-18
6.41481930866057240947e-17
4.65670745420991168857e-16
2.99464249676382086642e-17
-2.12615313339253477497e-17
-0.974397618040274637393
-5.46649246139258424278e-17
0.833436770320386126069
1.01750944269216813519
1.77590951672699205282e-17
1.64024184112514246527e-17
3.33512957666236618638e-17
-2.34751676478340401984
-6.7559529677543496456e-17
-1.10774379098804382037e-16
2.34751676478340439937
1.4466706250416557241e-16
-1.01750944269216832937
-1.22691063156491814618
1.51136921736754645021e-17
3.60945821572528087999e-18
-2.59332912187815641415e-16
1.02391194529358876531e-17
1.22691063156491805165
-0.429057234934561771183
-9.01352826274435833109e-18
0.429057234934561907158
6.3017478627062100568e-17
-1.17232942731324661054
0.659077563310035862662
0.176739001462425128589
0.0274706170412475468102
0.0281960902596907704026
-0.0669934623773394702025
0.659077563310035616149
-0.477335359866770365778
-0.16088730173697718454
-0.0136979421993481275614
0.0488647748317441337511
0.176739001462425453444
-0.160887301736977476604
-0.0405989544939290404302
0.00855262438963884681739
0.0274706170412474121349
-0.0136979421993479491984
0.0865468081868894143909
0.028196090259690921238
0.324805322394544502856
-0.441819374688646278569
2.15233600531292277064
-1.75357950857261815076
-0.245740923639995400249
-0.103303370319949120708
0.127077169347035483037
-1.75357950857261788043
2.20759409276126406344
0.387028751812351834434
-0.149404485419432763111
-0.245740923639995921525
0.387028751812352834906
-0.12581621693547859146
-0.103303370319948823584
-1.12380210345970757771
0.960513939667421484515
-1.81082720728291072201
2.51333541466820619287
0.286106997127851848316
-0.107123264742891192708
2.51333541466820615914
-5.8419295177781849403
0.285743356589319613569
0.286106997127852226328
2.63326012137272313534
-1.12463270743505933518
0.875234670005566834073
-2.91435454830489399473
-0.0552256144060817400445
-2.91435454830489426802
3.46098608849884239988
1.1716850171588362592
0.417006955789983089756
-0.12782038245915435293
0.301236852475407477494
-0.168567401939362037292
-1.08275361207231427282
-7.05495296323676422376e-19
3.94475557105875292091e-19
3.95267196302171699484e-19
-7.07120651145085825902e-19
-3.51068631304700938478e-17
1.247865345011561537
1.17048398861006845892e-18
1.30845323457791933034e-18
1.16664925081352725606e-18
4.10063409376865533183e-17
-0.259411976941058667262
-2.02894408481301318089e-18
-2.02539820641921060207e-18
-1.00529091250609525081e-17
-0.321867872484012649753
-3.29215847675393116628e-19
-8.71462219709701590164e-18
-0.0614045506609514336858
6.76980828296621696384e-19
0.388944033133763225883
1.93012840241932839196
-4.5744100314381225398e-20
-4.06970152995865526487e-18
-4.3313383308804209182e-20
6.25902929799241420523e-17
-3.26853829814428617424
-2.21701948615002765105e-18
-2.20903120541690144298e-18
-1.05113301585975945028e-16
1.8834519364722780665
1.18344466403672220756e-17
6.4070595191827802601e-17
0.710534020721711292406
1.08494924719079729929e-17
-1.12124084501551179832
-1.5157239464877257908
1.1419826015245507494e-17
1.14303177650936848846e-17
-5.01555535679780120426e-17
4.57509561578328834933
-1.60910311927998397158e-17
1.41382358714671957515e-16
-5.96917684639212405185
-1.80670511950334411069e-16
2.15541530540376358269
0.553557323210330234788
5.87476129239092663756e-17
3.68241733476748581824e-17
-5.16406410553696187322
-1.72281459016608547798e-16
4.69204452086395501977
0.703897776933360168487
1.81513901468221086645e-17
0.133192919118239812636
-0.209945145336632850349
0.345534332721747947417
6.97216443903500769558e-20
-6.44059824855577358401e-19
-1.05712395802526787608e-18
-1.12058362091196913954e-18
1.38726255587893351695e-17
-0.042698889754980159323
1.93490583243275826826e-18
1.75748330883985484848e-18
1.06277105570369338838e-18
-3.16176514381847610306e-18
-0.0273156157456492639336
1.97703991210481721153e-18
1.59224531828150054838e-18
-2.93262971993997321545e-18
-0.140456176490205311959
1.50479011865928684339e-18
-6.69691069724774725729e-18
-0.402254173414259183183
-1.48866251846774032227e-17
0.773652376815898021448
-0.91920038045948129226
-1.09493714468634638723e-18
2.69973231565081461847e-18
3.89982255480071466879e-18
-3.49393969525606289374e-17
0.156863545477969482975
-1.28672431661632394369e-17
-9.30670035338044976859e-18
1.24491600290414978878e-17
0.294520479889593510113
-1.11789569321388058037e-17
1.7786114094377599041e-17
1.37545531904343979719
5.19283163039357256112e-17
-1.7948929292167586996
1.55553703932467935798
7.06327009713812534265e-18
-5.30007310252791073328e-18
5.28876014417583254262e-17
-0.629021964770015172607
5.15322555343345917862e-17
-3.97480128242336076973e-17
-2.96452234422402695355
-1.13933279256334187999e-16
2.32277392791479587372
-3.09715374660769192418
-5.59108645215945753285e-17
-8.49807118492673756242e-17
7.26982839112032166836
2.58088238318381216773e-16
-2.7812560793670051972
-5.08872190642628335314
-2.37368157712073361407e-17
3.28699404135770656381
0.506334752810204229335
-0.773652376815898734414
0.40225417341425968512
0.14045617649020560108
0.0273156157456493138066
0.0426988897549799958445
-1.14498838226953856113e-16
9.31300193269184399897e-16
-6.21641222058993662078e-16
-1.65097294276074343461e-16
-7.10699746945360316697e-17
-0.0426988897549798729715
-2.90753848867789423361e-16
1.7420372164877893255e-16
1.29069258364361105286e-16
-0.0273156157456492315763
3.89751532780348834417e-16
-3.78018006800627873945e-16
-0.140456176490205469723
-1.89172471025724442741e-16
-0.402254173414258810516
0.773652376815897950972
1.79489292921676103186
-1.37545531904344207014
-0.294520479889594044776
-0.156863545477968960503
2.49645874942748200362e-16
-1.65536586577450800958e-15
2.14801822439173524273e-15
2.56873514012692405942e-16
0.156863545477968617033
3.61217634496419922331e-16
-5.84161937152769175325e-16
0.294520479889593594972
-1.15602020097161283065e-15
1.3754553190434407692
-1.79489292921675860375
-2.32277392791479749743
2.9645223442240300492
0.629021964770014207409
-2.86311006013625789292e-16
1.73608287908646800919e-15
-4.59770631478685342709e-15
-0.629021964770013145759
5.29078109206891674093e-16
-2.96452234422402676781
2.32277392791479582904
2.7812560793670052924
-7.26982839112032305253
7.48400486205432649041e-17
-1.97499714704958897464e-15
7.26982839112032386358
-2.7812560793670054018
-3.28699404135770673954
-1.32178869374933886539e-16
3.2869940413577071036
7.35071568372033337735e-16
-0.773652376815897521897
-2.05225277724180646792e-18
-9.89449871048725223031e-19
-9.89662218127840034446e-19
-2.05416413668470622298e-18
-1.9532743592842443976e-17
0.402254173414259177879
-4.30617779625385571787e-20
-6.54907719938265492605e-20
-4.3739043924334071836e-20
1.30829558461268631737e-17
0.140456176490205541188
-1.68654177296059759826e-19
-1.66463974477953804167e-19
4.60734838214169724415e-18
0.0273156157456490700729
-1.89360067796382481072e-19
1.22653208891008636383e-18
0.0426988897549799860867
2.22268613364065866127e-18
-0.34553433272174790258
1.7948929292167589672
7.4745191402771459726e-18
3.79486362573812503582e-18
7.47564450060612589234e-18
4.4535560456997701255e-17
-1.37545531904344112516
5.543299422342169038e-19
5.61003491898717013423e-19
-4.47252038893168521462e-17
-0.294520479889593737883
1.24582867173569391747e-18
-1.01516192630256208367e-17
-0.156863545477968093535
-7.86337353276558069334e-18
0.919200380459480460697
-2.3227739279147954866
-1.92343529922360401852e-17
-1.92318046932474157913e-17
-5.55198809791632809619e-17
2.96452234422402921191
-3.65322285617756087743e-18
9.67071194877113136106e-17
0.629021964770012802432
2.55376626175586379593e-17
-1.55553703932467870876
2.78125607936700313826
8.14735332796510495905e-17
6.06629338939827052884e-17
-7.26982839112032385566
-2.43617563891327828837e-16
3.0971537466076932786
-3.28699404135770373984
2.22191764738883948796e-17
5.08872190642628088024
-0.506334752810202285714
-0.499999999999999246014
7.66065093624703894345e-22
4.3400459846461871131e-22
-5.68928088469991172114e-22
-6.93110980459667941851e-22
-2.00508760124362184786e-21
-6.86760018979443168983e-17
2.72209224909176628906e-21
-1.45795469922649145635e-21
2.08228018046663702739e-21
3.64077922820826340153e-22
-1.89055744086013158865e-16
-1.09004554404733488229e-21
2.00403187288383092999e-21
-2.14708547260180587158e-22
1.44172693617140946866e-16
-1.47578983507657222448e-21
3.03676097690210137868e-22
-2.01916099717566487885e-16
-5.56461193356326857892e-22
0.500000000000000404212
1.34991331419048676741
5.05709568232346617204e-21
-2.99781311014672489e-21
1.42248252420208262177e-22
8.90925377982127125989e-22
5.01345445466212657733e-16
-4.61782035870845380768e-21
4.68666062239267505543e-21
-7.43665027146913797425e-21
2.89749544867283807566e-16
3.33828461988121130951e-23
8.13788184106659295549e-21
-3.40919437022518796475e-16
7.09268808069018967621e-21
-1.34991331419048850044
-2.24468464817616513036
5.96393980910531889054e-21
-1.02427685325723005121e-20
-4.4011265312479862332e-21
-1.26293653671396125171e-15
1.42056202821782108136e-21
-7.20890810953291434719e-22
-2.29290760556689220081e-16
5.99780412979348764839e-21
2.24468464817616791793
4.03618727030534460451
-3.12649505425476276484e-21
-1.47177508101498139377e-22
3.04791010192447601264e-15
5.91211537358724260547e-21
-4.03618727030535035465
-10.1414159363196686831
-6.55090894411421161989e-21
10.1414159363196678213
2.70883366349919685083e-15
