-7.49999999999999854201
-1.68783220665466572948e-16
-6.80241739357746673371e-17
1.22289783691686947491e-17
1.89283505022957000514e-17
-9.88609484737648601621e-19
-1.6878494407489817414e-16
-8.59300622052949478958e-17
-2.92658109136894353573e-17
3.02034522966832069961e-17
3.64745067191026856787e-17
-6.80173637701837345881e-17
-2.92597083126686723557e-17
2.79653263953586807887e-17
5.50095504121849417647e-17
1.2230661989555503864e-17
3.01938604555513410314e-17
5.50156261763292117085e-17
1.89390228648431141173e-17
3.6475184689956220689e-17
-9.86708056479780889074e-19
10.1414159363196699206
4.70002215291812878642e-16
7.23331934051445993064e-17
-8.33058756216841548127e-17
-2.55360083790007410615e-18
4.69985209546320222204e-16
2.33496412341902308738e-16
-5.65112985815041860652e-17
-1.1270034799220029e-16
7.23361902380482357808e-17
-5.65268561828517532417e-17
-1.35958172156908591897e-16
-8.33087513192934136314e-17
-1.12699263152692134812e-16
-2.55080139184878196492e-18
-4.03618727030535095504
-5.70192445593028311022e-16
1.09192469808821582286e-16
1.70650907109335687481e-17
-5.7019857342582673341e-16
-3.15337641012124077238e-17
1.08809992107333220593e-16
1.09184244683565714421e-16
1.08802317379181177164e-16
1.7060063682532896126e-17
2.24468464817616820199
2.52964779487499844635e-16
-6.72334849393963341853e-17
2.52965943731611622026e-16
-5.02177411154028550449e-17
-6.72333369631746312647e-17
-1.34991331419048928352
-2.03573370410545014181e-17
-2.03596379345960509209e-17
0.500000000000000693622
-1.28003019552889140982
-5.08872190642628199361
-0.573726969178236585436
0.402708880788749088104
-0.265652873029680411079
0.107753154737516427605
-1.03665969661254401101e-16
-1.08225255759448626403e-16
-4.68392901494414198135e-17
3.62912156972785066701e-17
1.67291549191322980385e-17
-4.67184232654258470374e-17
-3.11538525826057993428e-17
3.80611023597868931305e-17
3.13240706150705284178e-17
1.26947397882965751054e-17
3.90962418819725195564e-17
4.33189975537509138896e-17
2.02153054860166934343e-17
3.53463199996367364649e-17
-1.70798475976404848006e-18
3.28699404135770561733
7.26982839112032152787
-0.629021964770013010962
0.156863545477968526203
-0.0426988897549799089331
3.280430312830881956e-16
3.17969533411172672835e-16
-4.76826075372391514676e-17
-6.80102286062468798971e-17
4.92440243269818267652e-17
-7.62821831054772800957e-17
-1.00636085091564065328e-16
-8.53869514020406910429e-17
-1.11514080380169802221e-16
-1.05386125660563128676e-18
-2.78125607936700521112
-2.96452234422402815334
0.294520479889593797126
-0.0273156157456491542314
-4.44939713351125650457e-16
-1.50891963562915772846e-16
8.40068652364787071294e-17
1.16454715260266166937e-16
1.16131602292329736645e-16
1.45162641866622580483e-17
2.32277392791479569965
1.3754553190434409121
-0.140456176490205624466
2.25112055776776354919e-16
-1.0478383699811598328e-17
-6.89470798075880094252e-17
-1.79489292921675963462
-0.402254173414258948152
-2.2938658474981433599e-17
0.773652376815898452323
0.694896193190201944615
-1.85444987194847376803
-4.69204452086395360851
-0.402453339035897444156
0.334884172792271335278
-0.119243422301724117237
-2.90100982390932022307e-17
-8.81137954920822922312e-17
-6.48159524644740556946e-17
-9.01382197313028493089e-18
-7.21477358690318570668e-19
-1.98029175818086257443e-17
-1.03535811371665073514e-17
2.69763737485130209068e-17
2.00809155859395925801e-18
1.58744061322077244782e-17
5.00213826503086525893e-17
2.63379898682250836402e-17
2.46698751307048791987e-17
3.10875501685664146765e-17
-2.5927216730266368314e-18
-0.703897776933360212765
5.16406410553696235469
5.9691768463921242019
-0.710534020721711986257
0.0614045506609512225465
1.33480251860178514348e-16
2.92580744596256078066e-16
9.11135706263626692194e-17
8.35727836387609351979e-18
7.52611210984836953728e-18
-1.00296021444460299323e-16
-4.40591020454815196764e-17
-9.32953003357393280928e-17
-1.04685515248069532771e-16
7.63525541289012446361e-19
-0.553557323210330467298
-4.57509561578329008049
-1.88345193647227968443
0.321867872484013018681
-2.20174242022608011016e-16
-2.95942601097464887097e-16
-1.86817317603174743749e-17
1.25234043898993906718e-16
1.25098211451172751017e-16
1.14247714977635702548e-17
1.51572394648772621159
3.26853829814428812273
0.259411976941058995144
1.59278601615064488693e-16
6.97980289804441774736e-17
-7.10300175358580047797e-17
-1.9301284024193300897
-1.2478653450115619522
-2.60727866713529472616e-17
1.08275361207231600094
-0.388944033133762804914
1.12124084501551129609
-2.15541530540376260785
-4.69204452086395430973
-0.133192919118240250111
0.209945145336632799504
-7.22360990438856820602e-19
-9.00936060629696560678e-18
-6.48160919523811535198e-17
-8.81138002845714971302e-17
-2.90061615135039154495e-17
2.00747688678626197189e-18
2.69769364359013696385e-17
-1.03499478901878088969e-17
-1.98022689301776950269e-17
2.6334820482905623096e-17
5.00225355948023206573e-17
1.58753315270254016833e-17
3.10882102207671684854e-17
2.4669451115210750452e-17
-2.59259828820650473247e-18
0.0614045506609510581841
-0.710534020721710253623
5.96917684639212330865
5.16406410553696100702
-0.703897776933359838877
8.35100944549463118817e-18
9.11146704927454733013e-17
2.9258588063583798936e-16
1.33479320508570822239e-16
-4.40594187086331146037e-17
-1.00296501308891534776e-16
7.52630362402079307179e-18
-1.04686352807345353163e-16
-9.32935269560045185292e-17
7.63373544961036013536e-19
0.321867872484012462948
-1.8834519364722799135
-4.57509561578328963032
-0.553557323210329443373
-1.86821089891466221065e-17
-2.95942906924800218068e-16
-2.20175485766569991517e-16
1.25105687255988937889e-16
1.25232212697257322258e-16
1.14249628067543432938e-17
0.259411976941059422338
3.26853829814428732922
1.51572394648772614629
6.9792298442773614165e-17
1.59281979410535263611e-16
-7.10301317642637858694e-17
-1.24786534501156324418
-1.93012840241932847584
-2.60728348623998815608e-17
1.08275361207231593912
0.345534332721748132964
-0.919200380459481449647
1.55553703932467953319
-3.09715374660769359217
-5.08872190642628027447
0.506334752810202527704
1.6733912467443894361e-17
3.62929499967326111377e-17
-4.68329319192522501517e-17
-1.0822553895431631452e-16
-1.03669078884632516422e-16
3.13244290416439215166e-17
3.80610155565219941855e-17
-3.11534601556260351285e-17
-4.67192351933267779029e-17
4.33145751755729632498e-17
3.9098227390151041958e-17
1.26945096815971879342e-17
3.53475883871984541473e-17
2.02142959144597336385e-17
-1.70747455936961083537e-18
-0.0426988897549800175125
0.15686354547796945512
-0.629021964770015511915
7.26982839112032505399
3.28699404135770354384
-6.80144327872347559906e-17
-4.76850916347765267506e-17
3.17971281961777025945e-16
3.2804166785667415098e-16
-1.00632693834023513953e-16
-7.62815725150139638731e-17
4.9239549236164659086e-17
-1.11514204643718543273e-16
-8.53842314522944110974e-17
-1.05427542341743829304e-18
-0.0273156157456495137227
0.294520479889593845838
-2.96452234422402786638
-2.78125607936700457056
8.39989745262746581509e-17
-1.50892926672093334256e-16
-4.44935703909334478339e-16
1.16143692515497874133e-16
1.16457291852686183453e-16
1.45164217253745811599e-17
-0.140456176490205023916
1.37545531904343956817
2.32277392791479591355
-1.04857232757388222758e-17
2.25114361604611952349e-16
-6.89471767626389904542e-17
-0.402254173414259781919
-1.7948929292167583723
-2.293893392001520098e-17
0.773652376815898402678
-0.499999999999998917437
1.34991331419048543436
-2.24468464817616311683
4.03618727030534279873
-10.1414159363196629197
-1.96357904154491676889e-15
3.64794347196229260168e-17
3.01979352147921508036e-17
-2.92500827894657782243e-17
-8.59345780362303504552e-17
-1.68794353535577277383e-16
5.50115453544196628897e-17
2.79609418047022339434e-17
-2.92654995928636079589e-17
-6.80214917328815100845e-17
5.501021959130998879e-17
3.01953209374995089218e-17
1.22309988773266123516e-17
3.64784615109020320283e-17
1.89358629380382716694e-17
-9.85913018498165852951e-19
-1.86451983880497388879e-16
1.25921172005169645262e-15
-3.30963991099417518795e-15
8.63176765236637938959e-15
10.1414159363196643009
-1.12697821784772363531e-16
-5.65240811139628608592e-17
2.3348752950204012781e-16
4.69991997977989014939e-16
-1.35951055240302159253e-16
-5.6523964088295537958e-17
7.23270477353631398947e-17
-1.12700642807686922233e-16
-8.33039449202982763636e-17
-2.5513416310599249204e-18
-4.89193231150679208329e-16
8.85081818452938600644e-16
-1.18415087898500266806e-15
-4.0361872703053511298
1.08796289770558026895e-16
-3.15341613211882925232e-17
-5.70190099244686046163e-16
1.0881622907901496609e-16
1.09188882157648540478e-16
1.7059910087254992904e-17
3.18846490122984209174e-16
-6.59950889411095700824e-16
2.24468464817616871244
-5.02245411277100772459e-17
2.52967355856155574237e-16
-6.72332234948947221266e-17
-5.61053059079364053847e-16
-1.34991331419048865032
-2.03601077353283855505e-17
0.500000000000000753695
-1.28003019552889148304
-1.07655457890004265996e-16
-4.29684180697623885999e-17
1.45553378163343404486e-17
2.07665118190608622617e-17
-2.25459194975012663469e-18
-5.08872190642628185703
-1.0330021514619639474e-16
-4.63173650188256724654e-17
2.61212946631343699339e-17
3.44163887133802463924e-17
-0.57372696917823664476
-4.4451079102216280927e-17
7.35476583302644027691e-17
4.95799109087235430095e-17
0.402708880788749079508
2.17854088391712215931e-17
1.90485167860575937752e-17
-0.265652873029680394365
2.29055226400653883978e-17
0.107753154737516422719
3.28699404135770556591
3.28044174518260543636e-16
4.92443847794653548012e-17
-8.53840635961767473711e-17
-1.05979606668167518063e-18
7.26982839112032157044
3.1797939026122723889e-16
-7.62764857150196075207e-17
-1.11514389317974652027e-16
-0.629021964770013011527
-4.76903111772034246833e-17
-1.00637395263407918318e-16
0.156863545477968552184
-6.80149329791123597977e-17
-0.0426988897549799057745
-2.78125607936700514654
-4.4493854825656655721e-16
1.16455049133852845325e-16
1.45225862819166914141e-17
-2.96452234422402823542
-1.50889064895558946634e-16
1.16130619793406329068e-16
0.294520479889593777656
8.4001025690928370667e-17
-0.0273156157456492020904
2.32277392791479562174
2.25112701459516358395e-16
-6.89471569943247870979e-17
1.37545531904344111599
-1.04817103794128356335e-17
-0.140456176490205534563
-1.79489292921675954278
-2.29364443496470327525e-17
-0.402254173414259094464
0.773652376815898347709
0.621927168858483681636
-1.08356720768492800094
-0.214952526906261096536
0.237165198400488356475
-0.219719396137177440727
0.104144039536394143373
-1.08356720768492808252
-3.75952989293941502434
-0.369352803571120822615
0.217531337309500845999
-0.0640173313006012237034
-0.214952526906261136961
-0.369352803571120703801
0.04220676995367775829
-0.0185668631072938019995
0.237165198400488269589
0.217531337309500737522
-0.0185668631072938080943
-0.219719396137177312868
-0.0640173313006011770979
0.104144039536394060852
-0.417006955789983272566
2.91435454830489437399
-0.286106997127851365217
0.103303370319949079518
-0.0281960902596906935985
2.91435454830489481114
5.84192951777818660567
-0.387028751812351788524
0.0136979421993481041164
-0.286106997127851109065
-0.387028751812351592394
0.0405989544939288557852
0.103303370319948983355
0.0136979421993480861662
-0.0281960902596906540356
-0.87523467000556713638
-2.51333541466820781695
0.245740923639995401353
-0.0274706170412475140139
-2.51333541466820822029
-2.20759409276126676074
0.160887301736977371872
0.245740923639995284699
0.160887301736977304755
-0.0274706170412475289796
1.81082720728291146172
1.7535795085726199003
-0.176739001462425411814
1.75357950857262041435
0.477335359866771378561
-0.176739001462425282778
-2.15233600531292523406
-0.65907756331003642762
-0.659077563310036736755
1.17232942731324890688
-0.352999880269764898943
0.76008676112239443726
-0.932308017511922867727
-0.223848613356412159567
0.132423469988719629059
-0.047583323476244359993
0.425199191996767274523
-1.58148125844432409226
-3.73875552690776500484
-0.0228813643108788377299
0.0499322161022624422008
0.111435288930796963999
-0.291913666727160548912
-0.215636750650569782807
0.0345422235285419610402
0.0636372686681361348934
0.302778466022049046268
0.0768295925468771594632
-0.148974897935380118449
-0.157764023807339167973
0.112228661788517590183
-0.0145967524084798023982
-0.163140061165534997957
2.53302498366963032973
-0.163140061165534839399
-0.0145967524084800830115
-0.236152572914919732883
4.60944376349407813977
4.60944376349407854871
-0.236152572914919897301
-0.217319010547813676805
-0.466051085242076933275
-0.217319010547813629353
0.089507257418008189373
0.0895072574180082310842
-0.0386012706341123790152
0.273811465164999245699
-1.91613921742036421333
-1.9161392174203650304
0.273811465164999745887
-0.786595248555913450675
-3.81278571553109324621
-0.786595248555913281256
0.262877406876261066811
0.262877406876260893731
-0.0483179912673322474712
0.516693735737720367219
2.96358319843785657345
0.516693735737720482583
1.33197079255502686409
1.33197079255502736932
-0.196837200112510053926
-1.69738458519333338859
-1.69738458519333204561
-0.784480118282347151593
1.38956543558521323331
0.441819374688645339368
-0.960513939667420481427
1.12463270743505853394
-1.1716850171588363927
-0.301236852475407679072
0.168567401939362057758
-0.324805322394544135986
1.12380210345970618447
-2.63326012137272356189
-3.46098608849884196499
0.127820382459154130534
-0.0865468081868893448183
0.125816216935478645525
-0.28574335658931974013
0.0552256144060816716525
-0.00855262438963873080783
0.1494044854194325691
0.107123264742891089431
-0.0488647748317441852767
-0.12707716934703536253
0.0669934623773394181333
-0.0281960902596899119458
0.103303370319947896931
-0.286106997127850597869
2.9143545483048941976
-0.417006955789983054435
0.0136979421993476414136
-0.387028751812349800569
5.84192951777818557613
2.91435454830489407617
0.040598954493928694306
-0.387028751812351660162
-0.286106997127851341761
0.0136979421993480971963
0.103303370319949135413
-0.0281960902596906947733
-0.0274706170412479026759
0.245740923639995674304
-2.51333541466820838926
-0.87523467000556638146
0.160887301736977327638
-2.20759409276126794187
-2.51333541466820676601
0.160887301736977496738
0.245740923639995169758
-0.027470617041247555928
-0.17673900146242471429
1.75357950857261876469
1.81082720728291171815
0.477335359866771206601
1.75357950857262044242
-0.176739001462425288149
-0.65907756331003770247
-2.15233600531292368654
-0.659077563310036682525
1.17232942731324889695
-0.773652376815898865594
1.79489292921676044775
-2.32277392791479631281
2.78125607936700451505
-3.28699404135770455552
-7.98187275415195948518e-16
0.4022541734142597323
-1.37545531904344188722
2.96452234422402954272
-7.26982839112032168331
-1.08436008072218919974e-15
0.140456176490205697144
-0.294520479889593730116
0.629021964770013328426
-3.1007335373343747616e-16
0.0273156157456492236425
-0.156863545477968702976
4.96127512072102929791e-17
0.0426988897549799922202
1.60629495987053725295e-17
-1.91268727572018969927e-17
1.01412074731382711094e-15
-1.61044117623454078551e-15
1.11045325750287135914e-15
-2.62371030828248300885e-16
3.28699404135770608715
-6.91640351287316328789e-16
2.08105256776919056912e-15
-4.33127609124813131366e-15
7.26982839112032414981
-2.68055237694242872949e-16
2.22046673853916925292e-16
-0.629021964770012984233
-1.15037683724460745156e-16
0.156863545477968574826
-0.0426988897549799061716
-5.3084818353987105909e-16
8.97356723456762803348e-16
1.32802747821486117786e-16
-2.78125607936700568505
2.06666510620959462163e-16
-7.23877211836023386105e-16
-2.96452234422402714854
1.91626329799882512239e-16
0.294520479889593536862
-0.0273156157456491902386
5.90614624898233079735e-16
-1.85464683961975214403e-15
2.32277392791479622647
-1.86118889844115148502e-16
1.37545531904344102574
-0.140456176490205507532
-5.25539562952306232645e-16
-1.79489292921675830889
-0.402254173414259019538
0.773652376815898206789
0.69489619319020201138
-2.92597250191152695951e-17
-1.12505634520019517308e-17
2.47324017191343521264e-17
3.06667469186745704706e-17
-3.11342154182840162323e-18
-1.85444987194847382639
-9.21258166865827848424e-17
-3.24396907005425300671e-17
3.23971862853164783775e-17
3.55066463698153076984e-17
-4.69204452086395358546
-6.18786522270976068346e-17
3.32676520002480735322e-17
8.05206431716258200185e-18
-0.402453339035897465792
2.4166833493178999065e-17
3.39172989512492056889e-17
0.334884172792271316153
-2.92156048935158152785e-17
-0.119243422301724139035
-0.703897776933360366847
1.33473547681692401409e-16
7.52848732672972463741e-18
-9.32965954273856931232e-17
7.62986768097119059937e-19
5.1640641055369624682
2.92576787218313225397e-16
-1.00294124376087186387e-16
-1.04686848116860517071e-16
5.96917684639212424014
9.11009170823480092928e-17
-4.40561612093558687778e-17
-0.710534020721712003687
8.35248808996923385061e-18
0.0614045506609513009591
-0.553557323210330265068
-2.20179114883652283136e-16
1.25227124090683424324e-16
1.1430331767113316398e-17
-4.57509561578329033908
-2.95937351381790089222e-16
1.25092399784950011176e-16
-1.88345193647227973634
-1.86849736044995896358e-17
0.321867872484012932814
1.51572394648772597028
1.59279806753730410079e-16
-7.10281900447852104447e-17
3.26853829814428875311
6.97911114710435539911e-17
0.259411976941059243549
-1.93012840241932980419
-2.60712071372253478202e-17
-1.24786534501156238829
1.08275361207231566979
-0.352999880269764849879
0.425199191996767305093
0.11143528893079689739
0.0636372686681362026992
-0.148974897935380173011
0.11222866178851762701
0.76008676112239440655
-1.58148125844432417877
-0.291913666727160715309
0.30277846602204908895
-0.157764023807339145355
-0.932308017511922804844
-3.73875552690776486436
-0.215636750650569751066
0.0768295925468771028085
-0.22384861335641217159
-0.0228813643108788764637
0.0345422235285419964381
0.132423469988719646877
0.0499322161022624303828
-0.0475833234762443739355
-0.0145967524084799310302
-0.236152572914919795215
-0.217319010547813681616
0.0895072574180081683096
-0.0386012706341123632271
-0.163140061165534785704
4.60944376349407829434
-0.466051085242076958715
0.0895072574180081769227
2.5330249836696303623
4.60944376349407840423
-0.217319010547813613031
-0.163140061165534866021
-0.236152572914919886415
-0.0145967524084800287804
0.273811465164999389355
-0.786595248555913330578
0.262877406876261098208
-0.0483179912673322208665
-1.91613921742036462233
-3.81278571553109323088
0.262877406876260992893
-1.91613921742036503141
-0.786595248555913360663
0.273811465164999629082
0.516693735737720221435
1.33197079255502648142
-0.196837200112510158631
2.96358319843785742663
1.33197079255502737844
0.516693735737720759584
-1.69738458519333319913
-0.78448011828234685841
-1.69738458519333265727
1.38956543558521299715
0.539039987461342886536
-0.799715090848554707586
0.4198104160113221302
0.202933292507396106775
-0.00694578255384292212461
0.0181228919481090766488
-0.799715090848554807396
1.80586707385956231294
-2.13659610513968325255
-0.0783926506068106702997
-0.00145035371351699620906
0.419810416011322063636
-2.13659610513968348933
-3.49940919447577776838
0.136957357621668008795
0.20293329250739615597
-0.0783926506068106397624
0.136957357621668081952
-0.00694578255384297203439
-0.00145035371351703667588
0.0181228919481091026262
-0.0386012706341116222271
0.0895072574180074446927
-0.217319010547813398718
-0.236152572914919883919
-0.0145967524084800453139
0.0895072574180076072359
-0.466051085242076354056
4.60944376349407819528
-0.163140061165534897359
-0.217319010547813364246
4.60944376349407837531
2.53302498366963009213
-0.236152572914919848598
-0.163140061165534845039
-0.0145967524084800451034
-0.0483179912673327596298
0.262877406876261777934
-0.786595248555913775282
0.273811465164999700242
0.26287740687626143026
-3.81278571553109408481
-1.91613921742036405542
-0.78659524855591387561
-1.91613921742036437043
0.273811465164999629147
-0.196837200112509658924
1.33197079255502551133
0.516693735737720466276
1.33197079255502638644
2.96358319843785830474
0.516693735737720742674
-0.784480118282347856406
-1.6973845851933319326
-1.69738458519333260968
1.38956543558521295595
-1.08275361207231455951
1.93012840241932778702
-1.51572394648772486434
0.55355732321033012472
0.703897776933359884513
1.75535027945793128564e-16
1.24786534501156076787
-3.26853829814428396652
4.57509561578328579123
-5.16406410553696033873
-6.05292358847619515068e-16
-0.259411976941057914636
1.88345193647227629079
-5.96917684639212155371
-6.66893896479578893349e-16
-0.32186787248401257258
0.710534020721711688464
-8.38657356253583667335e-17
-0.0614045506609513003671
3.83659397056468399039e-17
-2.19016254597075303054e-17
1.2058717370358999319e-15
-1.39665077565863441804e-15
5.73107658714870392591e-16
-5.60615500967861008886e-16
-0.70389777693335988791
-5.85887999461474931402e-16
1.06852842649112545715e-16
1.10346174872533617172e-15
5.16406410553696187122
-3.20983868146816324231e-16
2.41871235640091164698e-15
5.96917684639212205678
-1.49107634046184246531e-16
-0.710534020721711863045
0.061404550660951310588
-1.09679862435162193622e-15
2.0494408094991365758e-15
-1.42142565763929485972e-15
-0.553557323210329784061
1.25364833789940272718e-15
-3.90996894542618803011e-15
-4.57509561578328804551
-5.51049540729055955926e-16
-1.88345193647227898595
0.321867872484012916864
4.42556730705613355846e-16
-1.21924551532906855561e-15
1.5157239464877263994
-9.25391491427576144506e-17
3.26853829814428905028
0.259411976941059232931
-9.12375479814559632359e-16
-1.93012840241932858645
-1.24786534501156241254
1.08275361207231569023
-0.388944033133762637201
1.31134314680214531627e-17
8.84160047301936640953e-18
2.21434300153133564351e-17
2.18613058662462161037e-17
3.94275269122193115234e-18
1.12124084501551110267
-3.28312333179446185188e-17
5.26076780768933138237e-17
1.06539679545170282777e-16
1.82605551894370199863e-17
-2.1554153054037624666
-8.28888370709480914575e-17
-1.3941135646836442471e-16
1.11319622179578815339e-17
-4.69204452086395449853
1.8664605350821993911e-17
-3.24569340034523746745e-17
-0.133192919118240150408
3.70916152332155694778e-17
0.20994514533663285703
0.0614045506609507975041
8.35191757766765439021e-18
-4.40601610405847561853e-17
-1.04688584419477349158e-16
7.69039689250466302861e-19
-0.7105340207217100016
9.10988766861441604831e-17
-1.00296215973549859399e-16
-9.32996265264915585005e-17
5.96917684639212320304
2.92574309809975622223e-16
7.52580515386313321062e-18
5.16406410553696138405
1.33485880687897249601e-16
-0.703897776933360000385
0.321867872484012767941
-1.86876517852164695546e-17
1.25097540443377902122e-16
1.14285634850576252108e-17
-1.8834519364722802971
-2.95941071860359763706e-16
1.25230744856613281466e-16
-4.57509561578328974556
-2.20181366228282755912e-16
-0.553557323210329834126
0.259411976941059047576
6.97944002944395382724e-17
-7.10269322666086005088e-17
3.26853829814428831298
1.59276678428285193101e-16
1.51572394648772665617
-1.24786534501156280495
-2.60709992858640840348e-17
-1.93012840241932922367
1.0827536120723154542
0.441819374688645537802
-0.324805322394544168614
-0.0865468081868892864054
-0.0085526243896387370122
-0.0488647748317441585662
0.0669934623773394057511
-0.960513939667420785649
1.12380210345970635774
0.125816216935478619983
0.149404485419432547323
-0.127077169347035308117
1.12463270743505863524
-2.63326012137272342556
-0.285743356589319819201
0.107123264742891038603
-1.17168501715883629602
-3.46098608849884277228
0.055225614406081756147
-0.301236852475407513855
0.127820382459154338837
0.168567401939362068178
-0.0281960902596901418176
0.0136979421993476102904
0.0405989544939286874702
0.0136979421993480477637
-0.0281960902596906620786
0.103303370319948257317
-0.387028751812349991193
-0.387028751812351493845
0.103303370319949059174
-0.286106997127850887252
5.84192951777818558163
-0.286106997127851341679
2.91435454830489405909
2.9143545483048944552
-0.417006955789983088413
-0.0274706170412476966989
0.160887301736977492775
0.160887301736977492822
-0.0274706170412475370307
0.245740923639995328734
-2.20759409276126792306
0.245740923639995218583
-2.51333541466820821973
-2.51333541466820692437
-0.87523467000556653313
-0.176739001462425015046
0.477335359866770868383
-0.176739001462425327885
1.75357950857261967075
1.75357950857262057588
1.81082720728291206588
-0.659077563310037292233
-0.659077563310036472251
-2.1523360053129244445
1.17232942731324848616
-1.08275361207231451822
1.24786534501156075962
-0.259411976941058065691
-0.321867872484012556839
-0.0614045506609512509123
-4.25050956586308855099e-17
1.93012840241932777749
-3.26853829814428402511
1.88345193647227614016
0.710534020721711451874
1.59224499891925781212e-16
-1.51572394648772472271
4.57509561578328603728
-5.96917684639212089129
-4.21897868813136299374e-16
0.553557323210329931857
-5.16406410553696141213
-3.81551339626683063388e-16
0.703897776933360120782
-1.15725313597380366407e-16
7.91126194428437820288e-17
1.09926819083710250667e-15
-6.99409565752444109994e-16
-3.59213520744937968454e-16
-1.31673966314495173013e-16
0.0614045506609512418859
-1.14462675500156470598e-15
1.06857997750303220144e-16
2.41871474549067239582e-15
-0.710534020721711628056
4.67495386351782750175e-16
1.10346527755969079784e-15
5.96917684639212155981
-1.83584288652861293075e-16
5.16406410553696178347
-0.703897776933360003921
-9.94039823835817679687e-16
1.5122384019589145974e-15
-4.99129830821563811918e-16
0.321867872484012913281
1.66583343456518186563e-15
-3.90997000429110618099e-15
-1.88345193647227864017
-1.53668563045476361898e-15
-4.57509561578328789433
-0.553557323210329869343
3.09101284504393676071e-16
-7.22921803854989611203e-16
0.259411976941059094569
-2.3548424522907169013e-16
3.26853829814428890305
1.51572394648772662492
-7.58650267199333818703e-16
-1.24786534501156186202
-1.93012840241932925244
1.08275361207231546891
0.345534332721748062578
3.08123454624472061181e-17
4.19297776572965486443e-17
4.46363348234658870311e-17
3.16206483321594384423e-17
9.95739244200472834995e-18
-0.919200380459481161853
1.82676345161762430821e-17
5.43698556864744331861e-17
7.62532588405092889724e-17
-5.07768769936152101357e-18
1.55553703932467905737
-5.66285544241877085252e-17
-9.63785656251000066872e-17
5.35296475868638964732e-17
-3.09715374660769263606
-8.93511542724890477147e-17
-1.28746352938191269156e-16
-5.08872190642628212296
-4.37989921457750898236e-17
0.506334752810202884675
-0.0426988897549801496419
-6.80072133575134037983e-17
-1.00636564118297035438e-16
-1.11515832033705601471e-16
-1.04947336844306065247e-18
0.156863545477969312358
-4.76896292887304477567e-17
-7.62850774316477402444e-17
-8.53881081730344504808e-17
-0.6290219647700147973
3.1796902924127484656e-16
4.92387395814436331721e-17
7.26982839112032341132
3.2805048102062761769e-16
3.2869940413577047889
-0.027315615745649191589
8.39973921248308239375e-17
1.16136299451462552875e-16
1.45198620667668990102e-17
0.294520479889593408363
-1.50899300085822726774e-16
1.16454172119457486782e-16
-2.9645223442240278011
-4.44945043058255989197e-16
-2.78125607936700366128
-0.140456176490205364937
-1.04845423781900805054e-17
-6.89436908041441623997e-17
1.37545531904344044
2.25113713115505849111e-16
2.32277392791479576775
-0.402254173414259361758
-2.29372575317945227205e-17
-1.79489292921675870604
0.773652376815897817091
-0.77365237681589925947
0.402254173414259904241
0.140456176490205658157
0.0273156157456492942052
0.0426988897549799527915
-5.0709376780115473477e-17
1.79489292921676142188
-1.37545531904344256231
-0.294520479889593844498
-0.156863545477968626792
1.11824582675915626404e-16
-2.3227739279147973587
2.9645223442240309217
0.629021964770013328217
-1.06138515959982866776e-16
2.7812560793670053327
-7.26982839112032455036
-1.72883526568185845288e-16
-3.28699404135770453836
-6.46290454149864481652e-16
-4.16944253905802145725e-16
9.33403650953984405729e-16
-7.34211216825114099593e-16
-2.67491638545726177363e-16
-1.4102118552738071382e-16
-0.0426988897549798632935
-1.75319737472875310289e-15
2.08105985822949867347e-15
2.22052420187165164126e-16
0.156863545477968446421
1.82506223564540104906e-15
-4.33127573602772003596e-15
-0.629021964770012770435
-1.90502784417989119906e-15
7.26982839112032560653
3.28699404135770532868
-2.73299894161018853614e-16
2.88743047804491857648e-16
2.11095387072700659814e-16
-0.0273156157456491592305
4.5987800934705975999e-16
-7.2388470689345825132e-16
0.294520479889593493209
1.98080758137308826712e-16
-2.96452234422402761537
-2.78125607936700386588
3.27497784721146286191e-16
-3.90006497146907046589e-16
-0.140456176490205522696
-9.82819157772303749751e-16
1.37545531904344141199
2.32277392791479572306
-1.97227047188613196144e-16
-0.402254173414258989087
-1.79489292921675861019
0.773652376815897746616
-0.49999999999999977709
3.77224417994448143687e-17
6.02575782488534801224e-17
6.02592039171126902628e-17
3.77262509285552398619e-17
-2.49050328467042131093e-17
1.3499133141904875531
5.58215951502934279712e-17
5.15692010948436121904e-17
5.58168977492215222357e-17
9.0087951481442802735e-17
-2.24468464817616611174
-1.02690131914427256069e-16
-1.02699997645475335578e-16
-1.11868414518440044071e-16
4.03618727030534727827
5.72153063010696964813e-17
1.51238236615413803637e-16
-10.1414159363196692271
-6.36580793252880835559e-16
-5.68229195302431828964e-16
-7.12291464803874641582e-17
-1.12690437651870226271e-16
-1.35955399327919248474e-16
-1.12704218057449362736e-16
-2.54857183533180604274e-18
4.18052673570537793947e-16
-5.65212964214065179104e-17
-5.65257247860041362629e-17
-8.33006029224792722008e-17
-1.19062950919588752246e-15
2.33482585394440325651e-16
7.23387512046245114704e-17
3.51793735871475668947e-15
4.69994857765372606959e-16
10.1414159363196679521
-1.71991206508774107857e-16
1.08798405214382394139e-16
1.08807144677112076112e-16
1.70650880427484866483e-17
3.98939116584395495293e-16
-3.15473934878660296089e-17
1.09179565646455707397e-16
-7.99486026267135671978e-16
-5.70200153447717270226e-16
-4.03618727030534796967
7.69355225192790652233e-17
-5.02253817619761976955e-17
-6.72305769693007962771e-17
-8.79425481517975784367e-17
2.52970157885907748351e-16
2.2446846481761673965
-2.22279618239629537359e-16
-2.03583713104108855254e-17
-1.34991331419048819754
0.500000000000000051303
-1.7863649483390933931
-8.41275116143993285043e-17
-1.89531195745034823603e-17
9.40489225338075001495e-18
7.78897716192655282202e-18
-6.25574752148752961013e-18
-8.41259933890262603801e-17
-1.70473771438705760583e-17
-2.50312502239309255652e-18
5.73284227026153576479e-18
1.13351927279667128454e-17
-1.89504519541847145604e-17
-2.49857350507925922561e-18
4.23969733521509385898e-18
1.8693273809094599791e-17
9.40582041815731269022e-18
5.72854948929172999217e-18
1.86955881353916668431e-17
7.79250825694169788118e-18
1.1336361393204203318e-17
-6.25525248947739643088e-18
-2.53645446120033284525e-15
2.03818802367755244234e-16
7.33110655705976994356e-19
-3.9073682433760630397e-17
1.63145406904563733887e-17
2.03812859398865378883e-16
2.99327329736029480376e-17
-1.02447172358240414022e-17
-2.49210042656595973107e-17
7.31731519617024802642e-19
-1.02489420997593222068e-17
-3.45070085074111930056e-17
-3.90770512391187693874e-17
-2.49192669184444825825e-17
1.63140034966910911757e-17
2.52342677742945666403
-2.14484382169945041165e-16
8.8438295088203716856e-17
-2.03482648227373168935e-17
-2.14488492392850690158e-16
4.48730356123937353564e-17
3.3922061804283624614e-19
8.84379158259133100929e-17
3.34434354231953031298e-19
-2.03489727631544706913e-17
-1.1528281585359294424
2.01004477091359209161e-17
-7.28203827627028530358e-18
2.00990859044728888864e-17
2.58169433998362463118e-18
-7.28138569330302582941e-18
0.653547507429800311165
-5.88900364588564296044e-18
-5.88941529602273974172e-18
-0.237781177984231530537
0.453359766919121585029
-1.21138759014408237797
-0.270178141312342812905
0.130041933657597335613
-0.0926422267901420114228
0.0371505771590547226356
-2.1336968868889605346e-17
-2.77805916069731398623e-17
-1.2530980817551582494e-17
1.06043180229413338096e-17
3.36428927845456526191e-19
-1.73783056981455420244e-18
-4.48751914888817326159e-18
9.50971526849685616373e-18
1.85976707590536053895e-18
3.92983198056151044086e-18
5.98555608781658172779e-18
6.24423428320892480177e-18
4.86547164265259162499e-18
7.79790506899134357761e-18
-5.49912243594371661397e-18
-0.782330355209520620908
-0.298543804440572539845
-0.0836094469818010128597
0.0681268518900681797189
-0.0151525564688571119101
6.55693912141863634259e-17
8.19890457027874722299e-17
-3.93864721492124560611e-18
-5.65592600693664447572e-18
-6.21725199668662883036e-18
-6.33478639219566883399e-18
-9.15735077153372208754e-18
-2.19727129291257142275e-17
-1.71299525435466496904e-17
1.40062455443719552508e-17
0.956732490252575738791
2.26390731780160342777
-0.0836094469818010783346
-0.0100142387176550062542
-9.36345366736131128827e-17
-6.49617912003037205128e-17
1.03612452056362525248e-17
5.89663906961696592821e-17
1.30722374435753933411e-17
-1.79752770687928450146e-17
-0.8874675090345709343
-0.906270766150206599925
0.0679799450795956659013
1.81148022283570295847e-17
2.17619703831071189528e-18
-9.03432295992656408293e-18
0.740794543530244460455
0.260787991093943293035
-7.47911609592754425669e-18
-0.337675335152252280835
-0.371122772217873711644
0.761537114835911265232
-1.06926537513359075477
-0.360805970978080226895
0.133873823702236628856
-0.065706215424353454415
2.27113130399773825427e-18
-1.28580788461307351626e-17
-1.82446401839510094469e-17
-1.28584871974530443947e-17
2.27215260125019484416e-18
-5.0084532780000968251e-19
4.20343114373457260249e-18
4.2038533213418142198e-18
-5.00607658677825823454e-19
1.26344203146284051018e-18
8.5296754589542922074e-18
1.26428989656080061001e-18
5.72857681151077935161e-18
5.72760271880802549283e-18
-5.36231457814411354076e-18
0.432144974550610114637
-1.50308860783751333753
-0.239346332431987493243
0.0555112862959318663334
0.0568779986561054015505
3.3580283487045288683e-18
5.86320446912115318798e-17
5.86334080575322450358e-17
3.35835383100776197809e-18
-3.33058341531603472967e-18
-1.09387309429849063994e-17
-3.33061640370893293078e-18
-1.70037958889990035127e-17
-1.70032984720378576399e-17
1.32609047454452021568e-17
-0.0914980035765990325746
1.84468243841252291984
1.92095935448911421369
-0.168391068978854221428
-1.28085427706433588023e-17
-1.25355003062068551756e-16
-1.28070241697187618099e-17
3.62302694797393174674e-17
3.62267827790622289724e-17
-1.70588691314060924552e-17
-0.356173147343186213747
-1.50308860783751353326
-0.342980823464445399808
1.2394163305291096923e-17
1.23936456011764899332e-17
-1.11128212090836585975e-17
0.650740192913175357145
0.641951067041215754096
-8.55085474025636196965e-18
-0.426811325672826122396
0.374825912311306560976
-0.833436770320385906114
1.01750944269216795404
-1.22691063156491836358
-0.429057234934561882709
6.36095494033923928303e-17
3.37937510404359710627e-19
1.06065082820077156571e-17
-1.25290258507737055762e-17
-2.77803884672691176479e-17
-2.13376447711997599108e-17
1.85993984160193846565e-18
9.51100012947494184023e-18
-4.48626764478318750482e-18
-1.73746754976075761969e-18
6.24288712083714984663e-18
5.9847080147456628618e-18
3.92876140827521950763e-18
7.79936744708303575035e-18
4.86616203221007221967e-18
-5.49990594868122829624e-18
-0.275940547562800376048
0.974397618040274149348
-2.3475167647834042082
1.27556962082466748888e-15
0.42905723493456142359
-5.65709962589387864488e-18
-3.94252883614768360512e-18
8.19901281028839910311e-17
6.55670738419511120931e-17
-9.15755804473437643619e-18
-6.33346696950934887919e-18
-6.21669054258582102555e-18
-1.71306077342658855231e-17
-2.19733297317301507759e-17
1.40068790260186795589e-17
-0.0779941837972504848482
2.52534273752074646792e-16
2.34751676478340441786
1.22691063156491761951
1.03591170137686645736e-17
-6.4961413493423430519e-17
-9.36341386707050083744e-17
1.30766615007095176687e-17
5.8963190121992015344e-17
-1.79751921697238934276e-17
0.0779941837972503612264
-0.974397618040274333858
-1.01750944269216823289
2.17703009660658545579e-18
1.81153500784828707512e-17
-9.03444402229093162179e-18
0.275940547562800898249
0.833436770320385851351
-7.47900816964171927681e-18
-0.374825912311307018138
-0.773652376815897946514
1.79489292921675936666
-2.32277392791479557739
2.78125607936700353165
-3.28699404135770171929
-0.506334752810204047564
1.13361656576789920079e-17
5.73193858094081598871e-18
-2.49113264621133507874e-18
-1.70498670220565233631e-17
-8.41326132172139783366e-17
1.86950758351725134885e-17
4.23568192590228589784e-18
-2.50504142490898781117e-18
-1.89512099180463170694e-17
1.8694211533408835547e-17
5.73130483715761487444e-18
9.40424993538682093819e-18
1.13362074907041812539e-17
7.79047054750356045025e-18
-6.25399631173571822685e-18
0.402254173414259319296
-1.37545531904344155759
2.96452234422402980155
-7.26982839112032238286
5.08872190642627939887
-2.49183758458953978459e-17
-1.02504236270074078318e-17
2.99364514381120936957e-17
2.0381257386399830861e-16
-3.45068995162117419776e-17
-1.02513426097309165096e-17
7.29619701411605774072e-19
-2.49181825108404306651e-17
-3.90745715207403837231e-17
1.63132113317765845523e-17
0.140456176490205635861
-0.294520479889593529968
0.629021964770011091525
3.09715374660769323619
3.34389781175111484276e-19
4.48732972638258881499e-17
-2.14486913947085179132e-16
3.40515101180428397863e-19
8.84371639982196530237e-17
-2.03492750835975312498e-17
0.0273156157456487980815
-0.156863545477967117943
-1.5555370393246783042
2.5829063477954955703e-18
2.01006754409049386018e-17
-7.28148265622464966878e-18
0.042698889754980066684
0.919200380459479772472
-5.88946718809785792266e-18
-0.345534332721747812645
0.453359766919121581498
-2.51601581079999953404e-17
3.26349724415365662928e-19
6.8009049311134638475e-18
7.46551315048167401145e-18
-8.15595370273072909308e-18
-1.2113875901440823762
-2.20287374293877451047e-17
-1.46162805945720116903e-17
-3.89950695302710065393e-18
1.1838092517949103052e-17
-0.270178141312342807171
-1.13029809017591669105e-17
3.06505041242611882347e-17
5.25886903930433532997e-18
0.130041933657597330243
-5.15669056541590837948e-18
-5.3625776780485012645e-18
-0.0926422267901419978556
1.23705701883850964123e-17
0.0371505771590547197738
-0.782330355209520654656
6.82591808293011831239e-17
-4.94623573591158570342e-18
-2.49159225939533076609e-17
1.67968738191419396993e-17
-0.298543804440572442947
6.89226117585700625365e-17
-1.2882503679837817323e-17
-2.7624365466173814311e-17
-0.0836094469818010909362
2.68930336004694431815e-17
1.12417179102291296997e-17
0.06812685189006819515
-2.58016095102665281067e-17
-0.0151525564688571255884
0.956732490252575681028
-9.27204605623090836944e-17
5.94465924821379007496e-17
-1.73071746645602910548e-17
2.26390731780160348531
-6.63004739365255596264e-17
1.27529434730588276318e-17
-0.0836094469818010670402
7.5658775493681688507e-18
-0.0100142387176549881889
-0.887467509034570878465
1.78934502691261962525e-17
-9.38661360775035527745e-18
-0.906270766150206732976
3.72823302630122912983e-18
0.0679799450795956145247
0.740794543530244398222
-7.71327417680515633645e-18
0.260787991093943383851
-0.3376753351522522105
-0.35126554211917268299
0.39188259130485793174
0.0404127415460791509946
0.0253507440946026261943
-0.0404952061862040104901
0.0274435098060520470097
0.391882591304857946987
-0.915947124713261085244
-0.174418277626821536786
0.0670493788418407584961
-0.0292667893036146368283
0.0404127415460792027161
-0.174418277626821460903
0.000528878144870274566949
-0.00322483679654389418035
0.0253507440946025858676
0.0670493788418407238884
-0.00322483679654389056091
-0.0404952061862039704909
-0.0292667893036146215058
0.0274435098060520265474
0.406077386859378125771
-0.784143940908263941812
-0.0355409906270320024962
0.0289595959772481734932
-0.0158416170267075261577
-0.784143940908263951512
-0.549203731437529520624
8.5883316716487124719e-18
0.0292070936758422119646
-0.0355409906270320035556
2.38964725700278800188e-17
0.000230382350845782181275
0.0289595959772481680161
0.029207093675842195372
-0.0158416170267075339287
-0.0687429616153719842289
0.962349491200075990243
-0.0355409906270320253882
-0.00118050123074442823787
0.962349491200076068816
2.04362209088181075202
-0.0759776013054824787138
-0.0355409906270320124561
-0.0759776013054824447273
-0.00118050123074441921762
-0.365610051352516186539
-0.784143940908263953903
0.0576253637649519184431
-0.784143940908264128554
-0.398991816713511947434
0.0576253637649518688305
0.651259935481998335014
0.336503473036869876391
0.336503473036870001801
-0.425976027170960496386
0.453419536977012311287
-0.691755141668202063756
0.390960795447118667846
0.109155703161451239974
-0.0141947955545201894302
-5.14940304517597291638e-18
-0.365770262340484622587
0.851193319750104632359
-1.13676776882689725378
-0.131803183804997240148
-6.67489995980356869244e-19
-0.0608502005614957899021
0.0360698687719022257885
-0.138877286999789488531
-1.48448368420295539599e-17
-0.00204433556579945332307
0.038089782864592597744
-8.80132133007211439402e-18
-0.013425172276907112996
1.69854503522949568436e-17
-1.05930252158572540184e-17
-0.352345090063577690347
0.81310353688551229009
-0.997890481827107909603
1.30527401980519279657e-17
0.0141947955545202038322
0.428198910389353956916
-2.04362209088181059704
2.5291110868528594524e-17
0.131803183804997216003
0.0762079836563282697193
5.25215197465761280712e-17
0.138877286999789543755
-2.25111806436934746706e-17
-0.0380897828645926396464
0.0134251722769071250373
-0.0588058649956960961143
-2.99693065259210564808e-16
0.997890481827108236231
-0.109155703161451290078
-4.40908994179866444159e-17
2.04362209088181095648
1.13676776882689729569
-0.0762079836563282525022
-0.0360698687719022251569
0.00204433556579947455025
0.0588058649956961796831
-0.813103536885511711127
-0.39096079544711899267
-0.428198910389353915722
-0.851193319750105105222
0.0608502005614957591848
0.352345090063577799755
0.691755141668201858497
0.365770262340484638514
-0.453419536977012540752
-1.17232942731324663437
2.15233600531292224315
-1.81082720728290987614
0.875234670005566385158
0.417006955789983328338
-0.168567401939361863999
0.6590775633100358168
-1.75357950857261787425
2.51333541466820574092
-2.91435454830489333771
-0.127820382459154734484
0.176739001462425172831
-0.245740923639995120712
0.286106997127851370739
-0.0552256144060819076957
0.0274706170412474488844
-0.103303370319948996717
-0.107123264742890992971
0.0281960902596907688752
0.127077169347035318465
-0.0669934623773394062098
0.659077563310035457835
-1.75357950857261745769
2.51333541466820561023
-2.91435454830489323897
0.301236852475406941905
-0.477335359866770281854
2.20759409276126357886
-5.84192951777818413186
3.46098608849884223177
-0.160887301736977123125
0.387028751812351680856
0.285743356589319658589
-0.0136979421993481596834
-0.149404485419432699225
0.0488647748317441312026
0.17673900146242540638
-0.24574092363999583352
0.286106997127851669504
1.17168501715883605517
-0.160887301736977365299
0.387028751812352714347
2.63326012137272306511
-0.040598954493929002056
-0.125816216935478626566
0.0085526243896388417126
0.0274706170412472759079
-0.103303370319948241753
-1.12463270743505918686
-0.0136979421993481157062
-1.12380210345970752848
0.0865468081868894302501
0.0281960902596910304375
0.960513939667421034136
0.324805322394544609101
-0.441819374688646279559
-0.371122772217873757152
4.00679832482331787608e-18
-1.78804696815666966507e-18
-3.20261480645459504356e-18
-4.01532903150792054125e-20
-2.17687268904210119813e-18
0.761537114835911302454
-1.58232602133183129057e-17
1.43411295533728172973e-17
2.7436700448039883182e-17
1.82036525207649810302e-18
-1.06926537513359076868
-2.52066080000541096974e-17
-3.10772228888172655268e-17
-1.98687044844475185622e-18
-0.360805970978080201655
2.43725115171953525181e-17
1.69151337922381221449e-17
0.133873823702236591067
-2.83098756586811105226e-17
-0.0657062154243534253456
0.432144974550610214875
9.06691352465493657274e-18
1.07917497878477726655e-17
-4.37818809482409337974e-18
1.33147179428157872278e-17
-1.50308860783751345196
3.70527432517617195705e-17
-5.28800913633281240303e-17
-1.33457728578719590456e-17
-0.23934633243198747171
9.08928708053773837883e-17
-3.30738755824071414906e-17
0.0555112862959318217062
6.49709190729154980799e-17
0.0568779986561053685033
-0.0914980035765991312244
-1.15309280580190999296e-17
3.8818538245390053509e-17
-1.68932966553041371832e-17
1.84468243841252304975
-1.22660723191245028356e-16
3.82094802613177336595e-17
1.92095935448911424227
-1.15449076893628701461e-17
-0.168391068978854154568
-0.356173147343186091229
1.02778293334705574905e-17
-1.21076096071551877525e-17
-1.50308860783751385781
1.04553474970241481417e-17
-0.342980823464445538933
0.650740192913175211955
-6.79575432660303053921e-18
0.641951067041215985534
-0.42681132567282595575
0.453419536977012297196
-0.365770262340484629988
-0.0608502005614957512719
-0.00204433556579948486451
-0.0134251722769071019061
-6.15693599969188964011e-18
-0.691755141668202062802
0.851193319750104658955
0.0360698687719022802477
0.0380897828645925913716
1.03072885820275970584e-17
0.390960795447118645158
-1.13676776882689731602
-0.13887728699978950987
-1.37597652430762787619e-17
0.109155703161451252894
-0.131803183804997229273
5.15388608022456489571e-20
-0.0141947955545202094332
-1.89042302321090597553e-17
1.41995992891884924302e-17
-0.352345090063577644007
0.428198910389354007658
0.0762079836563282576784
2.25250351998349008558e-17
0.0134251722769071055
0.813103536885512198437
-2.04362209088181054806
-3.6520592742923595149e-17
-0.0380897828645925937299
-0.997890481827107900566
-4.36540151867556684889e-17
0.138877286999789538781
2.00089314379801344652e-17
0.131803183804997271829
0.0141947955545201789428
-0.0588058649956961466845
-1.18302927529298062096e-16
-0.0762079836563282581716
0.0020443355657994692341
-1.60853368230494068278e-16
2.04362209088181095648
-0.0360698687719022827807
0.997890481827108259351
1.13676776882689738597
-0.10915570316145124054
0.0588058649956962427663
-0.428198910389353734452
0.0608502005614957964096
-0.813103536885512061614
-0.851193319750105146513
-0.39096079544711911817
0.352345090063577726916
0.365770262340484509376
0.691755141668202136871
-0.453419536977012466249
-1.38956543558521126812
1.69738458519333140766
-0.516693735737719763414
-0.27381146516499956564
0.0145967524084799713734
-0.0181228919481091201301
1.69738458519333154659
-2.96358319843785554005
1.91613921742036336578
0.163140061165534979048
0.00145035371351712572801
-0.516693735737719730434
1.91613921742036371838
-2.533024983669629643
-0.136957357621668379536
-0.273811465164999606492
0.163140061165534858347
-0.136957357621668267095
0.0145967524084800419981
0.00145035371351706119563
-0.0181228919481091046285
0.784480118282346112108
-1.3319707925550254336
0.786595248555912687212
0.236152572914919934725
0.0069457825538430144983
-1.33197079255502556585
3.81278571553109044634
-4.60944376349407690985
0.0783926506068103143307
0.78659524855591282959
-4.60944376349407772759
3.49940919447577781566
0.236152572914919940228
0.0783926506068106109044
0.00694578255384293853948
0.196837200112510337026
-0.262877406876261590787
0.217319010547813947517
-0.20293329250739615684
-0.262877406876261428902
0.466051085242078077016
2.13659610513968318579
0.217319010547814013036
2.1365961051396834472
-0.202933292507396139916
0.0483179912673319732519
-0.089507257418007423612
-0.419810416011322528787
-0.0895072574180078390107
-1.80586707385956352933
-0.419810416011322668239
0.0386012706341126379416
0.799715090848554928399
0.79971509084855526424
-0.539039987461343600794
0.374825912311306495601
6.24913866869313655629e-18
1.94814102745425202204e-18
-2.16071742133401052937e-20
1.99614147800268998169e-18
1.87792001384512524825e-17
-0.833436770320385843374
-4.09685386445421896995e-18
2.26486448677676858297e-17
2.89521083961188076211e-17
-4.54133457421507574288e-17
1.01750944269216791901
-7.95281527949502097893e-18
-4.52658708790410000667e-17
5.47295668444706947908e-17
-1.22691063156491829916
-2.22299854430631081429e-18
-3.90786000570541749308e-17
-0.429057234934561972609
-2.33122760349356127285e-19
-1.47603181227942547796e-17
-0.275940547562800245591
5.34201318867490366039e-18
5.66125362855498560277e-18
-6.60370372813778133737e-18
-2.671961102691034591e-18
0.974397618040273937738
-1.10179013736664425805e-17
-5.57402794268952697934e-18
3.95383478015283112568e-17
-2.34751676478340384646
3.42360668380518396535e-17
-1.24364615223755359693e-16
4.99111356297254220043e-16
1.68157243433243547122e-16
0.429057234934561842162
-0.077994183797250610977
1.00421635741456998142e-17
1.22371423776747974818e-17
-2.21654855686028607673e-17
4.05226578400241718202e-16
-5.85163966863093192577e-17
6.3129734471202326674e-17
2.3475167647834044654
-8.62615604161474488127e-17
1.22691063156491789884
0.0779941837972505239181
1.12271757423174489213e-18
-7.89614624504374481343e-18
-0.974397618040274754099
1.19505927816459965271e-17
-1.01750944269216850173
0.275940547562800707172
-5.8606778557086085244e-18
0.833436770320386201822
-0.374825912311306818737
-1.17232942731324691289
0.659077563310035934326
0.176739001462425117395
0.0274706170412475165851
0.0281960902596907417879
-0.0669934623773394392304
2.15233600531292277777
-1.75357950857261830537
-0.245740923639995285159
-0.103303370319949002817
0.127077169347035388365
-1.81082720728291024313
2.51333541466820641315
0.286106997127851575121
-0.107123264742891081979
0.875234670005566585797
-2.91435454830489438495
-0.0552256144060818755204
0.417006955789983262051
-0.12782038245915448069
-0.168567401939362033954
0.659077563310035611597
-0.477335359866770378997
-0.160887301736977150072
-0.013697942199348086795
0.0488647748317441238139
-1.75357950857261777158
2.20759409276126407881
0.387028751812351626124
-0.149404485419432730995
2.51333541466820598719
-5.84192951777818483299
0.285743356589319696204
-2.91435454830489373108
3.46098608849884276818
0.301236852475407411211
0.176739001462425354716
-0.160887301736977494945
-0.0405989544939290262244
0.00855262438963883651638
-0.245740923639995788308
0.387028751812352912758
-0.125816216935478643118
0.286106997127851995485
2.63326012137272320141
1.17168501715883611245
0.0274706170412474363965
-0.013697942199347971674
0.0865468081868894474178
-0.10330337031994883321
-1.12380210345970775081
-1.12463270743505952351
0.0281960902596909085797
0.324805322394544555004
0.960513939667421600794
-0.441819374688646216978
-0.773652376815897864537
7.18947209175396707466e-18
1.52528762498219906001e-17
1.52538801305236522886e-17
7.19050015093161176283e-18
-3.87609087167257865425e-17
1.79489292921675926656
2.47657383939910611348e-17
2.29692313796161491063e-17
2.47586550226648544338e-17
8.59799201739096497934e-17
-2.32277392791479580961
-4.74615789089165697405e-17
-4.74628152995145293018e-17
-9.8540264703095770626e-17
2.78125607936700476378
6.38695282875008119718e-17
1.22898398842478216753e-16
-3.2869940413577059106
-2.68114704797565582595e-16
-0.506334752810203586456
0.402254173414259086499
-9.64667501066170490542e-18
-1.55458081003520057138e-17
-9.65390627121628213159e-18
3.46245817867432214522e-17
-1.37545531904344078657
-2.7308967562040359635e-17
-2.73060148059456470462e-17
-9.23478735274228901262e-17
2.96452234422402875638
5.15505890316946401533e-17
1.07981484101261667647e-16
-7.26982839112032219872
-4.33406105535728897013e-17
5.08872190642628272146
0.140456176490205483544
-2.66905142543509822252e-18
-2.67062898316851248831e-18
-1.60730842785998483738e-17
-0.29452047988959369097
4.76922305929111318388e-17
8.03940790175492053257e-17
0.629021964770012793727
-1.96957087156503033278e-16
3.09715374660769235666
0.0273156157456491060122
4.62595355701489324481e-18
-5.95668072902141879896e-18
-0.156863545477968199223
1.48557928700735522891e-17
-1.55553703932467880233
0.0426988897549799969262
-5.37849421012292180926e-18
0.919200380459480496351
-0.345534332721747755519
0.484951047853568938969
-1.45148946183410635081e-17
3.71473231843485422502e-18
-1.01302742528293125228e-17
-5.49463416367104879706e-18
1.14673015528833855468e-17
-1.45138870032099249121e-17
3.425958566090712732e-17
1.48239030494956132238e-18
-2.38170429003151601874e-17
7.12794875151981475206e-18
3.7145250218005451934e-18
1.48440593473578560952e-18
-3.27502026961145116837e-17
5.14305194390988435312e-18
-1.01301676509438830235e-17
-2.38164868975386097602e-17
5.1427378458506460147e-18
-5.49577988033746709135e-18
7.1279769516721759354e-18
1.14674757914485898119e-17
-1.72125695283023364008
3.41702293611523031578e-17
2.57039065912028492912e-17
3.07647956798280780985e-17
-3.52714112311792066752e-17
3.41725824790762748065e-17
-5.09624080512296619588e-17
9.40240111165498960886e-17
-2.44161925850468904174e-17
2.57032926473219400632e-17
9.40268367673724195591e-17
-1.99074207898603381253e-17
3.07654258915089851323e-17
-2.44170161997810985522e-17
-3.527103083096045021e-17
6.37519436105006885622e-16
-1.28638088411433372067e-16
-6.51772747868569382646e-17
6.11717932992132295726e-17
-1.28636666656486887079e-16
-1.10042224932184722933e-16
7.45795798675448372468e-17
-6.51751241515893287049e-17
7.45805124856229081293e-17
6.11714997447873859064e-17
1.75296196636786569921
2.02067808686651288319e-16
-8.41269999838682197681e-17
2.02069027844836277639e-16
-1.50168283263594912063e-16
-8.41270663498587019092e-17
-0.786356672223240761341
9.09924086935434298217e-18
9.09929239383644250635e-18
0.269700610832039117415
-0.30541655679352028506
0.375266975894504750248
0.0768930654022549752546
-0.0131923238787409357911
0.00878912587195911544765
1.35121698733868460898e-17
-4.80800996312862360873e-18
1.50904805434499315014e-17
4.54405772932900778524e-18
-2.44147176366647435054e-18
-3.52029979909720553228e-18
-2.83912728307792725178e-18
-5.09304827417586798576e-18
-1.65850749505350486129e-17
-3.9094124437650320305e-18
-1.17662086123554018836e-17
-2.25382463790264738239e-17
-3.23063800206702711424e-18
-1.87653328315229577507e-18
5.28987171337199125517e-18
1.5835085558414100054e-17
0.627663291133674797386
-1.55859989413344504981
-0.0762769160765909677363
3.56313434195271757024e-17
-0.00878912587195915439842
2.61626778509157425117e-17
-1.18804444316159389515e-17
2.99388122473079809464e-17
6.83449567348407077597e-18
3.33270002009469793165e-17
7.88666166635597074441e-17
4.85652491532861052761e-18
1.82355959130521808329e-17
-1.47097384155334367616e-17
-4.95855341310537237624e-17
-0.708459404155511120981
-4.91130453033278099252e-16
0.0762769160765908940788
0.0131923238787409777832
-9.7075690307086775762e-17
-8.83979096431623121746e-17
1.54897258393452221182e-17
-3.4184103985909535592e-17
5.2090098245799939769e-17
8.50475196280373314436e-17
0.708459404155511034397
1.5585998941334454703
-0.0768930654022550679435
1.20475450542552511729e-16
-7.63553137553016789655e-17
-1.11224204222689512052e-16
-0.62766329113367492901
-0.375266975894504622141
2.33377699516368526552e-17
0.305416556793520586558
0.426811325672825518257
-0.641951067041215639283
0.342980823464444981164
0.168391068978854144104
-0.056877998656105449145
0.0657062154243534721431
-3.52017599052453148726e-18
-2.44117898639683439901e-18
4.54440776795026043596e-18
1.50907687300693441242e-17
-4.80872933364143460978e-18
-3.90905580094522616637e-18
-1.6584539641512648493e-17
-5.09209022833653455573e-18
-2.83946659590583703245e-18
-3.23087253600556722582e-18
-2.25398632089486283706e-17
-1.17662228687195371296e-17
5.29059089556411029165e-18
-1.8759740996295847503e-18
1.58344854365293398941e-17
-0.650740192913174812747
1.50308860783751302652
-1.92095935448911312541
-0.0555112862959317892441
-0.133873823702236612375
6.83545636217583805855e-18
2.9937488803841742617e-17
-1.1882788683707805177e-17
2.61624999990710139451e-17
4.85714112314170595988e-18
7.88691073226875149271e-17
3.33278175315565173834e-17
-1.47091052230677646637e-17
1.82336213170347275465e-17
-4.95850101748357175902e-17
0.356173147343186099431
-1.84468243841252263526
0.239346332431986102132
0.36080597097808025629
1.54901484290749432445e-17
-8.83978065125286571884e-17
-9.70759905136609909348e-17
5.20904452557190331328e-17
-3.41859478179318566499e-17
8.50475309216415013326e-17
0.0914980035765991198162
1.50308860783751312829
1.0692653751335916342
-7.63558285940693049952e-17
1.20475559284756301933e-16
-1.11224042124039082243e-16
-0.432144974550610363072
-0.761537114835911083906
2.33376370857809378403e-17
0.371122772217874054695
-1.08275361207231405451
1.93012840241932764662
-1.51572394648772481709
0.553557323210329826285
0.703897776933360195086
-0.209945145336632535721
7.12590423186567513924e-18
-2.38182156881363272807e-17
1.49150300177126398597e-18
3.42583789347916725873e-17
-1.4516366812381159892e-17
5.14498911189442253679e-18
-3.27535957136867523507e-17
1.48052536939801619879e-18
3.71498998013186799145e-18
5.14305514157270470136e-18
-2.38140832235030102202e-17
-1.01300584789970097068e-17
7.12596316248240620447e-18
-5.49794798305898089898e-18
1.14691203795104671172e-17
1.24786534501156126561
-3.26853829814428512797
4.57509561578328669415
-5.16406410553696011759
0.133192919118239060128
-2.44166411554240056389e-17
9.40286542615586518846e-17
-5.09552484573944868936e-17
3.41722669918151088698e-17
-1.99094722798688879163e-17
9.40240080430255593929e-17
2.57042073625918466381e-17
-2.44141373388718504528e-17
3.07659278311812144684e-17
-3.52720932123394598723e-17
-0.259411976941058823335
1.88345193647227780462
-5.96917684639212338596
4.69204452086395392951
7.45823720956580643644e-17
-1.10042205684949772871e-16
-1.28640273651175092942e-16
7.45811216040962056944e-17
-6.51774108165339097765e-17
6.1171430762948180206e-17
-0.321867872484012353169
0.710534020721711067919
2.15541530540376370674
-1.50167670710104848219e-16
2.02068862299995055101e-16
-8.41269815750541390825e-17
-0.0614045506609517810171
-1.12124084501551158803
9.09900685705359175374e-18
0.38894403313376341422
-0.305416556793520258412
-6.49323254125046146521e-18
-4.17090698349368831979e-18
-1.28731055637943110022e-17
-3.15965994975349998734e-18
1.45742055182847002352e-17
0.375266975894504726601
1.94043565071296494418e-17
-3.53263684514745807453e-18
-2.03665569181808245098e-17
8.87344164632080570374e-18
0.076893065402254979102
2.6479590294004546689e-18
-1.46761381433225828541e-17
-6.8641611647915746043e-18
-0.0131923238787409385517
-1.16994769867276565013e-17
-5.35527082547783459992e-18
0.00878912587195912099241
9.04667212298192760205e-18
-1.16504012931151937617e-18
0.627663291133674746934
2.89015281680452309205e-17
3.93617152046491936414e-17
2.2503421949236283484e-17
-4.85152642547674748868e-17
-1.5585998941334449915
-2.94827128932769695408e-17
5.71419284744169012124e-17
-2.20988521081490152573e-17
-0.0762769160765909810609
6.94556646685576363019e-17
2.32122560710860547109e-17
4.45300872638276849172e-17
-2.32903765210524563731e-17
-0.00878912587195912841797
-0.70845940415551109587
-9.55387422718701193816e-17
-3.72925057072236800712e-17
8.80344951217269116655e-17
-5.16363525677265694154e-16
-8.57491594545655282261e-17
3.91819824940030209756e-17
0.0762769160765908515398
4.36822462654744487672e-17
0.0131923238787409365931
0.708459404155510953231
1.19509608469473727109e-16
-1.11100928209241950778e-16
1.55859989413344566012
-7.53893698617036770884e-17
-0.0768930654022549912982
-0.627663291133674839586
2.33272802357044315871e-17
-0.375266975894504755068
0.305416556793520486442
0.425976027170960092267
-0.336503473036869931187
-0.0576253637649518314893
0.00118050123074440198834
0.0158416170267075594451
-0.02744350980605205442
-0.336503473036869941468
0.398991816713511668657
0.0759776013054824385747
-0.0292070936758421848823
0.0292667893036146402509
-0.057625363764951860281
0.0759776013054824004735
-0.00023038235084577966282
0.00322483679654389272811
0.001180501230744424883
-0.0292070936758421846813
0.00322483679654388812318
0.0158416170267075516311
0.0292667893036146399542
-0.0274435098060520599282
-0.651259935481997979818
0.784143940908263828813
0.0355409906270319930784
-0.0289595959772481298169
0.0404952061862039869477
0.784143940908263858647
-2.04362209088181016599
5.44425642758533242076e-17
-0.0670493788418408035012
0.0355409906270320165217
1.33578186495116923019e-16
-0.000528878144870241057116
-0.0289595959772481857884
-0.0670493788418407980898
0.040495206186204020588
0.36561005135251617541
-0.962349491200075841161
0.0355409906270320027577
-0.0253507440946026366994
-0.962349491200075949487
0.549203731437528668399
0.174418277626821527075
0.0355409906270320305652
0.174418277626821480676
-0.0253507440946026496542
0.0687429616153719842058
0.784143940908263729749
-0.0404127415460791976877
0.784143940908263934349
0.915947124713261550439
-0.0404127415460791692108
-0.40607738685937821185
-0.391882591304857733635
-0.391882591304857882215
0.351265542119172828443
-1.38956543558521174591
1.69738458519333194951
-0.516693735737719879833
-0.273811465164999548662
0.0145967524084799407823
0.04758332347624433289
0.784480118282346714621
-1.3319707925550260111
0.786595248555912787688
0.236152572914919857595
-0.049932216102262358626
0.19683720011251009153
-0.262877406876261036155
0.217319010547813658708
-0.0345422235285419363037
0.0483179912673321758531
-0.0895072574180081239432
-0.0768295925468771392353
0.0386012706341124637794
0.15776402380733920711
-0.112228661788517648265
1.69738458519333230335
-2.96358319843785642006
1.91613921742036377357
0.163140061165534851247
-0.132423469988719435003
-1.33197079255502622489
3.81278571553109126423
-4.6094437634940769658
0.0228813643108785030159
-0.262877406876261088957
0.46605108524207738188
0.215636750650569691459
-0.0895072574180081852692
-0.302778466022049278953
0.148974897935380129727
-0.516693735737720534178
1.91613921742036465091
-2.53302498366963062264
0.223848613356411954488
0.78659524855591340582
-4.60944376349407867245
3.73875552690776457464
0.217319010547813803624
0.291913666727160515917
-0.063637268668136171465
-0.273811465164999279298
0.163140061165533933452
0.93230801751192358942
0.236152572914919486768
1.58148125844432490051
-0.111435288930796994714
0.0145967524084798338651
-0.760086761122394081627
-0.425199191996767226202
0.352999880269764881569
0.426811325672825548983
-2.06036579062117886166e-19
-4.14211796206290627107e-18
-5.35173222533718086491e-18
4.89754511212137051746e-18
4.14023874314993235929e-17
-0.641951067041215655813
-7.9350209029149436059e-18
-1.23318724641697430206e-17
-1.69837416733501283126e-17
-4.35973579319634827796e-17
0.342980823464444992945
5.77490007099915506005e-18
-1.65503787876174492921e-17
1.2582482956295041075e-17
0.168391068978854097532
2.65469292694398800523e-17
2.63395390014820772728e-18
-0.0568779986561053947057
-3.49616123184681562901e-17
0.0657062154243534840701
-0.650740192913174880858
3.3285144253815226898e-18
6.20280910487193267954e-18
-1.70839977078087622476e-17
-8.36846596024740553135e-17
1.50308860783751304033
3.54962168948958075072e-17
8.13757747378872500629e-17
1.01690071986306438702e-16
-1.92095935448911305167
-2.41461558957221139361e-17
-7.00431526332034520441e-17
-0.0555112862959317784755
1.15103022085224731461e-16
-0.133873823702236653071
0.356173147343186212342
3.81265961609658635013e-17
7.820283767704795544e-17
1.0007770286283103575e-16
-1.84468243841252272882
-1.46948657302827813249e-16
-9.44147289884694747347e-17
0.239346332431985881213
-3.86009020164558858667e-17
0.360805970978080263073
0.0914980035765989660695
-7.44780648462606229706e-17
-1.03063767596539153572e-16
1.50308860783751351888
1.18714296677714648927e-16
1.06926537513359184396
-0.432144974550610188181
1.98683301315707611543e-17
-0.761537114835911378841
0.37112277221787386354
-1.38956543558521189607
0.784480118282346761064
0.19683720011251009303
0.0483179912673322268785
0.0386012706341124846885
-0.112228661788517705582
1.69738458519333217146
-1.33197079255502616148
-0.262877406876261205879
-0.0895072574180081407607
0.157764023807339270907
-0.516693735737719897101
0.786595248555912980152
0.217319010547813726349
-0.0768295925468771305002
-0.273811465164999629794
0.2361525729149198418
-0.0345422235285419684703
0.0145967524084800012514
-0.0499322161022624291867
0.0475833234762443946467
1.69738458519333248964
-1.33197079255502637588
-0.262877406876261213469
-0.0895072574180081573727
0.148974897935380160182
-2.96358319843785676413
3.81278571553109168991
0.466051085242077648164
-0.30277846602204943936
1.91613921742036402901
-4.60944376349407750757
0.215636750650569696957
0.163140061165534962712
0.0228813643108788544013
-0.132423469988719638565
-0.516693735737720582733
0.786595248555913526763
0.217319010547813854741
-0.063637268668136215185
1.91613921742036486649
-4.60944376349407888825
0.291913666727160588825
-2.53302498366963109157
3.73875552690776441207
0.223848613356412156908
-0.273811465164999376665
0.236152572914919274556
-0.111435288930796993868
0.163140061165534276084
1.58148125844432492974
0.932308017511923766411
0.0145967524084799342511
-0.425199191996767062182
-0.760086761122394392591
0.352999880269764794151
-1.08275361207231444015
4.2613071152617180865e-18
1.69450169097459736582e-18
1.6956425968751775053e-18
4.26020278214444279328e-18
-2.60634024702084019848e-17
1.93012840241932842755
-1.57707079294158127469e-17
-2.4101730615439781657e-17
-1.57785106771323367544e-17
6.46176859460639509444e-17
-1.51572394648772549877
-1.20864176191424457234e-17
-1.20811556868153365847e-17
-7.01239270791278509987e-17
0.553557323210330118619
5.12976788316245961304e-17
3.5138879302938422443e-17
0.703897776933360322745
-5.47692689400074421586e-18
-0.209945145336632795
1.24786534501156161187
-1.80234702828780371903e-17
-1.14547030715619292862e-17
-1.80236274198494159479e-17
5.66024165500004165201e-18
-3.26853829814428629777
7.72615357142488672463e-17
7.72696993559188059786e-17
-8.14131856242424937148e-17
4.57509561578328854584
-2.23021535127084591866e-17
1.86737297023809508669e-16
-5.16406410553696194129
-1.52607638464195775438e-16
0.133192919118239871808
-0.259411976941058809827
9.9405550317962480057e-17
9.94090466978471492251e-17
6.03995143292086893617e-17
1.88345193647227833792
-1.20785798883619111607e-16
-1.03067363199103084259e-17
-5.96917684639212468406
-3.15916904029773576839e-16
4.69204452086395477495
-0.321867872484012692083
-1.57020851696305380671e-16
-9.63110378630887930218e-17
0.710534020721711743208
2.26659805940797887917e-16
2.15541530540376399578
-0.0614045506609515009219
9.32023477911921198545e-18
-1.12124084501551203325
0.388944033133763123405
-0.269700610832038850422
1.52030116319361279333e-18
1.35064906918339084303e-18
-1.37145467816117652157e-17
-3.51286789832162574433e-18
1.60826863755084019732e-17
1.52012350910328829939e-18
3.45757198868846404947e-17
-2.23580828878142814824e-18
-2.49788382917319202362e-17
1.35937976092666516034e-17
1.35011593040615478576e-18
-2.23496972243777719137e-18
-3.53712230872211706139e-17
1.12949688316598516677e-17
-1.37146178511404609075e-17
-2.49778661994724236308e-17
1.12950014144543759782e-17
-3.51341545102729377915e-18
1.35932654629657208063e-17
1.60828473015277965533e-17
0.786356672223240832938
1.31413623072256897116e-17
4.36743971512863259427e-17
2.80219504642852461089e-17
-5.40436260508321341268e-17
1.31425418536714676547e-17
-3.00891235173282789317e-17
9.72916514790763240042e-17
-6.04172305443235133044e-17
4.36749264143590264608e-17
9.7291621277651493475e-17
-5.64079837929293789646e-17
2.80232878433846888651e-17
-6.04193322309469388512e-17
-5.40427780213755627097e-17
-1.75296196636786645205
-1.37569568268478516772e-16
-7.69688328472586843028e-17
1.00634969416324259704e-16
-1.37569768765619549059e-16
-1.3622078845722273749e-16
1.7527966124847319777e-16
-7.69686827429200543879e-17
1.752799877241297532e-16
1.00634395809410466841e-16
5.7019363783397849851e-16
2.21747324945268026381e-16
-1.36191685631197372921e-16
2.21746554924018433729e-16
-2.90042764903099324846e-16
-1.36191449634101688986e-16
1.72125695283023340252
5.14097312272953461051e-17
5.14091480025217057905e-17
-0.484951047853569520445
0.337675335152251913789
-0.2607879910939433865
-0.0679799450795955655307
0.0100142387176549727069
0.015152556468857130906
-0.0371505771590547039012
-5.4294009647136732988e-18
9.44052806169706905594e-18
1.04255393054961533221e-17
9.44085291606539555299e-18
-5.43031103248424302118e-18
-3.10199329691107041119e-18
-8.3020841021037930853e-18
-8.30182562538971135894e-18
-3.10239015386365968694e-18
-3.89700211462590613303e-18
-1.99871919110839701778e-17
-3.89680883388858831611e-18
4.95231477143965427862e-18
4.95299727798080530019e-18
1.35502841888431237454e-17
-0.740794543530244249365
0.906270766150206507043
0.0836094469818010120499
-0.0681268518900680224674
0.0926422267901419250924
1.66719036459383919933e-17
-1.51192020276085662973e-17
-1.51186214621411477131e-17
1.66713057015401796825e-17
8.47476764869503639164e-18
5.53761475502456232139e-17
8.47360360324604322007e-18
-1.52681563335186788709e-17
-1.52683940873187526453e-17
-4.71800436468087579196e-17
0.887467509034571003631
-2.2639073178016037714
0.0836094469818008277841
-0.130041933657597373998
-1.92376159164352545594e-17
-2.34418348673627133162e-19
-1.92385854536350950961e-17
4.89759461251387723948e-17
4.89769476216798333051e-17
8.84955795776706818433e-17
-0.956732490252575345531
0.298543804440573624794
0.270178141312342960179
-5.47561168532298496757e-17
-5.47565581795869699153e-17
-1.17218394805468619541e-16
0.782330355209520894383
1.21138759014408176786
4.30973973758959015303e-17
-0.453359766919122074648
-1.08275361207231376937
1.24786534501156104615
-0.259411976941058586481
-0.321867872484012600115
-0.0614045506609514348204
0.11924342230172407924
1.35923989246162137941e-17
-2.49802543883272950838e-17
-2.23290865803695156115e-18
3.45767397180717808427e-17
1.5186752497192324076e-18
1.12961367787279681773e-17
-3.53721742829033457297e-17
-2.2360385720751499825e-18
1.35018756566923783828e-18
1.12938569900195796641e-17
-2.49772717326583741925e-17
-1.37130317753745458905e-17
1.35921450442187999908e-17
-3.51478021474695691907e-18
1.60838903348648486844e-17
1.93012840241932741299
-3.26853829814428488051
1.88345193647227754097
0.71053402072171136405
-0.334884172792270894253
-6.04200346524197997048e-17
9.72949742190334221601e-17
-3.00865274537595387386e-17
1.31440396265024542874e-17
-5.64016268417487727922e-17
9.72917684761607605545e-17
4.36765420543761775882e-17
-6.04181253636649339623e-17
2.80250044414908628537e-17
-5.40438093903141643711e-17
-1.51572394648772481069
4.5750956157832864037
-5.96917684639212288659
0.40245333903589711795
1.75284495094591057361e-16
-1.36216438743284560513e-16
-1.37570892919621059165e-16
1.75278115140432023666e-16
-7.69700162513852740588e-17
1.00635024251282003835e-16
0.553557323210329540632
-5.16406410553695971124
4.69204452086395443795
-2.90041939182136536552e-16
2.21746218436455893603e-16
-1.36191929397254542775e-16
0.703897776933360767733
1.85444987194847231494
5.14097012948941838516e-17
-0.694896193190202413917
0.337675335152251846214
-4.26956983455472785483e-18
-2.76658325372074769677e-18
-3.86703458933943722816e-18
5.09864938720714742636e-18
2.38331215959688182346e-17
-0.260787991093943342911
9.0420601077667265317e-18
-7.80495667473782666075e-18
-1.89863331672845398791e-17
-5.94793509721465406171e-18
-0.0679799450795955705267
8.76959383630292540849e-18
-1.00082599569960002653e-17
-4.1008706903390477701e-18
0.0100142387176549945288
7.24838292445262910987e-18
1.40967540559623894407e-18
0.015152556468857123524
1.68859367798258086603e-18
-0.0371505771590547156342
-0.740794543530244102625
1.29522163792416812865e-17
7.12467397435639435599e-18
-1.69515305064177671523e-17
-6.66521141043628496264e-17
0.906270766150206391999
-1.17851596376940450357e-17
5.4309268539657059541e-17
1.68060718365786753949e-17
0.0836094469818010106919
-1.47403786985400425149e-19
-2.15652006407034968835e-18
-0.0681268518900681138284
-1.06596861126117409806e-17
0.0926422267901419464852
0.887467509034570819636
-1.03585399659379587807e-17
5.71775007430109282755e-17
1.05170809781372649514e-16
-2.26390731780160355955
-3.40142831124242578449e-17
-6.41029738617272756607e-18
0.0836094469818009364281
5.30935337727849837982e-17
-0.130041933657597288819
-0.956732490252575112241
-4.71984210528032342847e-17
-1.15414047399475826265e-16
0.298543804440572972308
-4.96362934769216859133e-17
0.270178141312342718033
0.782330355209520614354
3.85902697994709476612e-17
1.2113875901440822187
-0.45335976691912175994
-1.1723294273132468385
0.659077563310035969197
0.176739001462425196703
0.0274706170412475244324
0.028196090259690808074
-0.104144039536394188371
0.659077563310036128964
-0.477335359866770719187
-0.160887301736977298014
-0.0136979421993481362386
0.0640173313006012549901
0.176739001462425179467
-0.160887301736977214512
-0.0405989544939289350779
0.0185668631072938450909
0.027470617041247502809
-0.0136979421993480891148
0.0185668631072938305269
0.0281960902596907142844
0.0640173313006012029435
-0.104144039536394103684
2.15233600531292285512
-1.75357950857261826012
-0.245740923639995472468
-0.10330337031994903065
0.219719396137177410463
-1.75357950857261864556
2.20759409276126500742
0.387028751812352018693
-0.217531337309500934058
-0.245740923639995325066
0.387028751812351684717
-0.0422067699536776983365
-0.10330337031994895813
-0.217531337309500794952
0.219719396137177292681
-1.81082720728291038649
2.51333541466820602033
0.286106997127851805246
-0.237165198400488529058
2.51333541466820663505
-5.84192951777818602685
0.369352803571120627769
0.28610699712785149298
0.369352803571120565245
-0.237165198400488308527
0.875234670005566184615
-2.91435454830489301904
0.214952526906261015018
-2.91435454830489405728
3.75952989293941544154
0.214952526906260911689
0.417006955789983690092
1.08356720768492723502
1.08356720768492777678
-0.621927168858483858698
-1.0827536120723141763
1.28877799576174786928e-17
1.16889639661854616203e-17
1.16896557863410874273e-17
1.28859049006555107976e-17
-1.90245731321082075471e-17
1.24786534501156144626
-2.38075400075621948421e-17
-3.40621100218594693518e-17
-2.3811570358664508764e-17
3.74928724080355236439e-17
-0.259411976941058615272
-4.26290271143818077474e-18
-4.26057537709495442705e-18
-2.37676767505929078861e-17
-0.321867872484012741027
3.42474379976248254748e-17
-7.36374313849659039632e-18
-0.0614045506609513280498
2.19670080163030988797e-18
0.119243422301724220436
1.93012840241932819671
-6.04631269106670618654e-17
-6.04767368918683733975e-17
-6.04619134858167475272e-17
8.54788407174860212545e-18
-3.26853829814428600321
9.5075439236475328976e-17
9.50834484344062387099e-17
-7.70921593014799239744e-17
1.88345193647227803455
-1.82583493117992120138e-17
1.07745452850172214585e-16
0.710534020721711553757
2.39928844294532198411e-17
-0.3348841727922713495
-1.51572394648772552898
1.86700831693329974762e-16
1.86709318418950376888e-16
5.04786981805903639662e-17
4.5750956157832880704
-1.52313312288091403033e-16
6.44120157742286980147e-17
-5.96917684639212425481
-3.18240515133111559863e-16
0.402453339035897765458
0.553557323210329899227
-2.31295886837110717085e-16
-9.93676902219456132868e-17
-5.16406410553696112756
4.94665771607789651096e-17
4.69204452086395466796
0.703897776933360453075
6.95596962019452383822e-17
1.85444987194847291414
-0.694896193190201939756
0.237781177984231239223
1.99689035967829501791e-18
3.32478439174350591087e-18
-3.47648138326031146594e-18
-1.88425715192291168654e-18
-6.51893713734676051682e-18
1.9974244849332457123e-18
1.84375546529565245351e-17
3.50681035431795027592e-18
-9.3125347134902633304e-18
-2.72929353585819135189e-19
3.3246093170755640661e-18
3.50669245063340732322e-18
-1.24415176453173735922e-17
-3.54726923459449778001e-19
-3.47653631240534943992e-18
-9.31266086737409370252e-18
-3.54423932467418540227e-19
-1.88448285233006005668e-18
-2.72694966600620612405e-19
-6.51884384908870361536e-18
-0.653547507429800144089
-1.79717349274963578324e-18
6.76918592741393171973e-18
9.67320529552368918455e-18
1.63898583727485197544e-17
-1.80121221458616372078e-18
-3.31072412624795522035e-17
2.71200229247790934009e-17
-4.11043910511957384778e-18
6.76957664678673541075e-18
2.71166875375100665632e-17
-7.0004233616217704255e-18
9.67097073466014727988e-18
-4.1091891503994414476e-18
1.63883503156045391592e-17
1.15282815853592937958
-3.25469419616301266558e-17
-1.82243318665671691822e-17
-2.69027036773388577516e-17
-3.25523964029970090047e-17
-5.7813119320333989706e-18
3.00446181978488203897e-17
-1.82252442623512694516e-17
3.00447115134029661679e-17
-2.69017535944881183787e-17
-2.52342677742945458007
6.68275584115577326105e-17
6.61389328448406245325e-17
6.682875507904997982e-17
-1.66294327144172531125e-17
6.61392331911958619795e-17
-2.51028163247640509012e-15
-2.0981152083937124907e-16
-2.09813894930745258076e-16
1.78636494833909683901
-0.773652376815897646832
0.402254173414259016629
0.140456176490205530014
0.027315615745649179291
0.0426988897549800505632
-0.107753154737516497606
-2.73205853088366732604e-19
-9.31323185232207910852e-18
3.50668559118192778295e-18
1.84391284070345278316e-17
1.99662441671122414434e-18
-3.53848181779663079851e-19
-1.24423571319211116508e-17
3.50785212166799608011e-18
3.32453449328131391348e-18
-3.55217563497651944153e-19
-9.31292176016012225004e-18
-3.47636638059038820902e-18
-2.72969233764118318488e-19
-1.88404356980460964778e-18
-6.51877596043124455685e-18
1.7948929292167594069
-1.37545531904344060766
-0.294520479889593946151
-0.156863545477968548833
0.26565287302968043898
-4.11168529611507257195e-18
2.71116910592898697517e-17
-3.31014859957314682875e-17
-1.80156538975512292222e-18
-6.99627308172324917624e-18
2.7117191635828137666e-17
6.77463780478026774371e-18
-4.10778975353450525906e-18
9.67057403008632995858e-18
1.63879077915123948508e-17
-2.32277392791479640219
2.96452234422402824377
0.62902196477001382477
-0.402708880788749434699
3.00445449840510177917e-17
-5.77325014938570384588e-18
-3.25481938956109271603e-17
3.00351609555271870158e-17
-1.82196242709867681847e-17
-2.69012287492229359596e-17
2.78125607936700497708
-7.26982839112032093438
0.573726969178236709117
-1.66240479679416088702e-17
6.68273481529859066224e-17
6.61387834027501228407e-17
-3.28699404135770767053
5.08872190642628071975
-2.09813367914869575232e-16
1.28003019552889368533
-0.77365237681589750885
-2.32580625000421385913e-18
-1.34448625586694597523e-18
-1.34449968879913874698e-18
-2.32758318036275263248e-18
-2.60517981436549368302e-17
0.402254173414259151003
-9.35698182452151527784e-18
-1.25064032062505592042e-17
-9.35717989166089170454e-18
1.11984875616987309169e-17
0.140456176490205470276
3.33818893859156989792e-18
3.33936801397128277556e-18
1.13045929055470315019e-18
0.0273156157456491733201
1.82486123591202816285e-17
4.5514909411839742209e-18
0.0426988897549799281741
4.22097564156532083741e-18
-0.107753154737516428939
1.79489292921675894127
3.36653398930843172936e-18
-3.20703225446855903664e-18
3.3687455625406851877e-18
6.09232646248441877733e-17
-1.37545531904344092976
2.76694550499766196623e-17
2.76786607901022257951e-17
-3.5054941284581007318e-17
-0.294520479889593709485
-3.18585042745699355317e-17
-3.38278830192014694189e-18
-0.156863545477968416492
-9.6653552299706558808e-18
0.26565287302968030668
-2.32277392791479553358
1.08096165935351276205e-17
1.08078339207485313174e-17
-8.24216083467107842207e-17
2.96452234422402880505
-9.43273984661398650283e-18
7.84865270868015260237e-17
0.629021964770013109078
-7.01172452886216110665e-18
-0.402708880788749093495
2.78125607936700343003
6.4842276305550228528e-17
1.26802073265946262397e-16
-7.26982839112032321461
-1.76788360300297755311e-16
0.573726969178236604772
-3.28699404135770477732
-1.87592662607799036051e-16
5.08872190642628230378
1.28003019552889253933
-0.499999999999999542933
-9.8372968967857962171e-18
-8.12313727903635277231e-18
-8.12254768827304265077e-18
-9.83736470872469642244e-18
-1.49303720492054485791e-17
-9.83764570553751207256e-18
-2.29363807693320756256e-18
-4.21975956507541838194e-18
-2.29281384595796185742e-18
-9.83695538809807602011e-18
-8.12207201254009917565e-18
-4.22140380322846761036e-18
-4.21876395825952176018e-18
-8.12274192448968170901e-18
-8.12281568451533546465e-18
-2.29400846322425627299e-18
-8.12267039665019212743e-18
-9.83729978681028506248e-18
-9.83705357694282857373e-18
-1.49294479774948802856e-17
1.34991331419048755136
4.075359312184487874e-17
3.48709436725755297608e-17
4.07560474378003039446e-17
5.17815412822579892928e-17
4.07440088807796934216e-17
2.30751997452511247786e-17
2.30901001841958277971e-17
4.07439099553217715482e-17
3.48756204050811576871e-17
2.30846162792418501446e-17
3.48807920038377463015e-17
4.07535347029705082103e-17
4.07479420243096570824e-17
5.17808583480740100806e-17
-2.24468464817616622725
-1.10928083902743651042e-16
-1.10932841888344743049e-16
-1.12400295043449294831e-16
-1.10933107588200542298e-16
-7.67024218777501555508e-17
-1.10924405673456837095e-16
-1.10936737844179350148e-16
-1.10918396323096452184e-16
-1.12400434945858110343e-16
4.03618727030534603031
3.07528055257877396239e-16
2.57907858218310563167e-16
3.07541419228583914034e-16
3.07536576403938515204e-16
2.57906126814491054161e-16
-10.1414159363196706959
-6.28301608728722808054e-16
-6.28306701183971765471e-16
7.50000000000000330484
