0.000267372921695886582755
-0.000349238571337084126788
-0.000633059257460240314021
0.00295113698018644031751
-0.00484465354075699236738
0.00617875008045566209333
0.00107918036643609239087
0.00048768394075226492549
-0.00431794767720956329066
0.00757655220438572268695
-0.00484465354075699359818
0.00332432611739192467903
-0.000189210430954000806643
-0.0043179476772095654058
0.00295113698018644020593
0.0033243261173919231111
0.000487683940752262071341
-0.000633059257460240548553
0.00107918036643609222663
-0.00034923857133708422611
0.000267372921695886866724
0.00617875008045566029416
-0.00484465354075698947358
0.00295113698018643878894
-0.00063305925746023937566
-0.000349238571337084617157
0.000267372921695886933559
-0.00484465354075698746207
0.00757655220438572266618
-0.00431794767720956327374
0.000487683940752265110957
0.00107918036643609234482
0.0029511369801864402128
-0.00431794767720956447043
-0.000189210430954000577616
0.00332432611739192341449
-0.000633059257460240630738
0.000487683940752262111948
0.00332432611739192256989
-0.000349238571337084678752
0.00107918036643609126107
0.000267372921695886691326
0.0
0.0
0.0
0.0
0.0
0.0
0.0
0.0
0.0
0.0
0.0
0.0
0.0
0.0
0.0
0.0
0.0
0.0
0.0
0.0
0.0
0.000267372921695887109981
-0.000349238571337085523679
-0.000633059257460238341622
0.00295113698018643859523
-0.00484465354075698910651
0.00617875008045566006184
0.00107918036643609089804
0.000487683940752264546833
-0.00431794767720956315476
0.00757655220438572233687
-0.004844653540756987095
0.00332432611739192409339
-0.000189210430954001102601
-0.00431794767720956435142
0.0029511369801864400191
0.00332432611739192241603
0.000487683940752261547851
-0.000633059257460239596691
0.00107918036643608996231
-0.000349238571337085585296
0.000267372921695887218554
-0.000349238571337084533294
0.000190070751162050171208
0.00228587042997781513578
-0.00672816157023396929992
0.0328814483093352204585
-0.00484465354075699236738
-0.00274942796901702138091
0.000205481407679466129521
0.00575501103258007720692
-0.0000835358453542635991406
0.0150688128908321623295
-0.00630450929201773005559
0.00125585565180360271516
0.0002574466791631423836
-0.00899212117874501686504
-0.00392724693761820030677
0.00114077100617957437036
0.00448216212811894654396
-0.00100635338789981803992
-0.00274942796901701783843
0.00107918036643609092792
-0.00484465354075698947358
0.0328814483093352204585
-0.00672816157023396929991
0.00228587042997781513577
0.00019007075116205017121
-0.000349238571337085023667
0.015068812890832162141
-0.0000835358453542635991429
0.00575501103258007720692
0.000205481407679466129409
-0.00274942796901702144992
-0.00899212117874502052326
0.000257446679163142383605
0.00125585565180360271517
-0.00630450929201772920567
0.00448216212811894763901
0.00114077100617957437036
-0.00392724693761820090597
-0.00274942796901701887203
-0.00100635338789981785133
0.00107918036643609193951
0.0
0.0
0.0
0.0
0.0
0.0
0.0
0.0
0.0
0.0
0.0
0.0
0.0
0.0
0.0
0.0
0.0
0.0
0.0
0.0
0.0
0.0
0.0
0.0
0.0
0.0
0.0
0.0
0.0
0.0
0.0
0.0
0.0
0.0
0.0
0.0
0.0
0.0
0.0
0.0
0.0
0.0
-0.00063305925746024258922
0.00228587042997782201969
-0.00609071918216962190583
0.0471270520481329501972
-0.00672816157023396929992
0.00295113698018644031751
0.00448216212811895261377
-0.00517257740221829573777
0.0153619245818114102445
0.0236580756451101536216
-0.00899212117874501615875
0.00631558166209588112153
-0.00584258422496612713942
-0.0184342282027889543949
-0.00331669593994522907231
0.000982561298515027529405
0.011157151418675377471
0.00631558166209588596121
-0.00392724693761820329609
-0.00630450929201773607764
0.00332432611739192700153
0.00295113698018643878894
-0.00672816157023396929991
0.0471270520481329501972
-0.00609071918216962190581
0.00228587042997782201969
-0.000633059257460241650859
-0.00899212117874501659118
0.0236580756451101536216
0.0153619245818114102445
-0.00517257740221829573764
0.00448216212811895234438
-0.00331669593994522592799
-0.0184342282027889543949
-0.00584258422496612713943
0.00631558166209588040964
0.00631558166209588320353
0.011157151418675377471
0.00098256129851502703163
-0.00630450929201773546084
-0.00392724693761820360353
0.00332432611739192880727
0.0
0.0
0.0
0.0
0.0
0.0
0.0
0.0
0.0
0.0
0.0
0.0
0.0
0.0
0.0
0.0
0.0
0.0
0.0
0.0
0.0
0.0
0.0
0.0
0.0
0.0
0.0
0.0
0.0
0.0
0.0
0.0
0.0
0.0
0.0
0.0
0.0
0.0
0.0
0.0
0.0
0.0
0.00295113698018644318769
-0.00672816157023397595352
0.0471270520481329477705
-0.00609071918216962190583
0.00228587042997781513578
-0.000633059257460240314021
-0.00899212117874502151937
0.0236580756451101370188
0.0153619245818113810729
-0.00517257740221830136766
0.004482162128118946758
-0.0033166959399452214525
-0.0184342282027889576461
-0.00584258422496612117022
0.00631558166209588434419
0.00631558166209588586916
0.0111571514186753741518
0.000982561298515031457942
-0.0063045092920177300669
-0.00392724693761820589376
0.00332432611739192659001
-0.00063305925746023937566
0.00228587042997781513577
-0.00609071918216962190581
0.0471270520481329477704
-0.00672816157023397595351
0.00295113698018644165911
0.00448216212811894648861
-0.00517257740221830136764
0.0153619245818113810728
0.0236580756451101370186
-0.00899212117874502195178
0.00631558166209588363227
-0.00584258422496612117021
-0.0184342282027889576461
-0.00331669593994521830821
0.000982561298515030960163
0.0111571514186753741518
0.00631558166209588311147
-0.00392724693761820620121
-0.0063045092920177294501
0.00332432611739192839575
0.0
0.0
0.0
0.0
0.0
0.0
0.0
0.0
0.0
0.0
0.0
0.0
0.0
0.0
0.0
0.0
0.0
0.0
0.0
0.0
0.0
0.0
0.0
0.0
0.0
0.0
0.0
0.0
0.0
0.0
0.0
0.0
0.0
0.0
0.0
0.0
0.0
0.0
0.0
0.0
0.0
0.0
-0.00484465354075699748705
0.0328814483093352313437
-0.00672816157023397595352
0.00228587042997782201969
0.000190070751162050171208
-0.000349238571337084126788
0.0150688128908321659252
-0.000083535845354254964624
0.0057550110325800964957
0.000205481407679477308945
-0.00274942796901701777222
-0.00899212117874502054841
0.00025744667916315670974
0.00125585565180358900007
-0.00630450929201773649682
0.00448216212811894826373
0.00114077100617957098345
-0.00392724693761820517975
-0.00274942796901701563948
-0.00100635338789981963967
0.00107918036643609068398
-0.000349238571337084617157
0.00019007075116205017121
0.00228587042997782201969
-0.00672816157023397595351
0.0328814483093352313437
-0.00484465354075699459324
-0.00274942796901701784123
0.000205481407679477308946
0.0057550110325800964957
-0.0000835358453542549645065
0.0150688128908321657366
-0.00630450929201773564688
0.00125585565180358900006
0.000257446679163156709737
-0.00899212117874502420661
-0.00392724693761820577894
0.00114077100617957098345
0.00448216212811894935878
-0.00100635338789981945108
-0.00274942796901701667308
0.00107918036643609169557
0.0
0.0
0.0
0.0
0.0
0.0
0.0
0.0
0.0
0.0
0.0
0.0
0.0
0.0
0.0
0.0
0.0
0.0
0.0
0.0
0.0
0.0
0.0
0.0
0.0
0.0
0.0
0.0
0.0
0.0
0.0
0.0
0.0
0.0
0.0
0.0
0.0
0.0
0.0
0.0
0.0
0.0
0.0061787500804556643602
-0.00484465354075699748705
0.00295113698018644318769
-0.00063305925746024258922
-0.000349238571337084533294
0.000267372921695886582755
-0.00484465354075699722291
0.00757655220438572030039
-0.00431794767720957550411
0.000487683940752260794256
0.00107918036643609075609
0.00295113698018644175275
-0.00431794767720957623506
-0.000189210430953991775418
0.00332432611739192761329
-0.000633059257460240869044
0.000487683940752263256671
0.00332432611739192732167
-0.000349238571337084637504
0.00107918036643609116407
0.000267372921695887208608
0.000267372921695886933559
-0.000349238571337085023667
-0.000633059257460241650859
0.00295113698018644165911
-0.00484465354075699459324
0.00617875008045566256102
0.00107918036643609071004
0.000487683940752260979676
-0.00431794767720957548721
0.00757655220438572027955
-0.0048446535407569910868
0.00332432611739192634874
-0.000189210430953991546387
-0.00431794767720957529968
0.00295113698018644175961
0.00332432611739192678046
0.000487683940752263297277
-0.000633059257460240951231
0.00107918036643609019851
-0.000349238571337085090147
0.000267372921695887033209
0.00617875008045566118894
-0.00484465354075699155946
0.00295113698018643928404
-0.000633059257460238418392
-0.000349238571337085895671
0.000267372921695887287064
-0.00484465354075698954795
0.00757655220438572298982
-0.00431794767720956717448
0.000487683940752264773723
0.0010791803664360908529
0.0029511369801864407079
-0.00431794767720956837113
-0.000189210430954003466719
0.00332432611739192489915
-0.00063305925746023967346
0.000487683940752261774743
0.00332432611739192322179
-0.00034923857133708595729
0.00107918036643608991717
0.000267372921695887395638
0.0
0.0
0.0
0.0
0.0
0.0
0.0
0.0
0.0
0.0
0.0
0.0
0.0
0.0
0.0
0.0
0.0
0.0
0.0
0.0
0.0
0.00107918036643609075609
-0.00274942796901701777222
0.004482162128118946758
-0.00899212117874501615875
0.0150688128908321623295
-0.00484465354075699359818
-0.00100635338789981686993
0.00114077100617957237396
0.000257446679163139294334
-0.0000835358453542663332141
0.0328814483093352085288
-0.00392724693761820287565
0.00125585565180360350355
0.00575501103258007769591
-0.00672816157023396802364
-0.00630450929201772732406
0.000205481407679473903579
0.00228587042997781672578
-0.00274942796901702077834
0.000190070751162049968098
-0.000349238571337085031225
0.0
0.0
0.0
0.0
0.0
0.0
0.0
0.0
0.0
0.0
0.0
0.0
0.0
0.0
0.0
0.0
0.0
0.0
0.0
0.0
0.0
0.0
0.0
0.0
0.0
0.0
0.0
0.0
0.0
0.0
0.0
0.0
0.0
0.0
0.0
0.0
0.0
0.0
0.0
0.0
0.0
0.0
-0.00034923857133708534821
0.000190070751162052601339
0.00228587042997781330283
-0.0067281615702339684157
0.0328814483093352197156
-0.00484465354075698910651
-0.00274942796901701826674
0.000205481407679467526185
0.00575501103258007672788
-0.0000835358453542630654015
0.0150688128908321617358
-0.00630450929201773095469
0.00125585565180360343039
0.000257446679163142396369
-0.00899212117874502075244
-0.00392724693761820016825
0.00114077100617957493262
0.00448216212811894640034
-0.00100635338789981751606
-0.00274942796901701857173
0.0010791803664360915889
0.000487683940752260794256
0.000205481407679477308945
-0.00517257740221830136766
0.0236580756451101536216
-0.0000835358453542635991406
0.00757655220438572268695
0.00114077100617957801193
0.000977007910206158913634
-0.00457839892258998307017
0.183811069886852775347
-0.0000835358453542663332141
0.0111571514186753729231
-0.00677148592596122431436
-0.00457839892258998655388
0.0236580756451101517167
0.0111571514186753673845
0.000977007910206148495465
-0.00517257740221830041863
0.00114077100617957635391
0.000205481407679475499905
0.000487683940752261943331
0.0
0.0
0.0
0.0
0.0
0.0
0.0
0.0
0.0
0.0
0.0
0.0
0.0
0.0
0.0
0.0
0.0
0.0
0.0
0.0
0.0
0.0
0.0
0.0
0.0
0.0
0.0
0.0
0.0
0.0
0.0
0.0
0.0
0.0
0.0
0.0
0.0
0.0
0.0
0.0
0.0
0.0
0.0
0.0
0.0
0.0
0.0
0.0
0.0
0.0
0.0
0.0
0.0
0.0
0.0
0.0
0.0
0.0
0.0
0.0
0.0
0.0
0.0
-0.00431794767720957550411
0.0057550110325800964957
0.0153619245818113810729
0.0153619245818114102445
0.00575501103258007720692
-0.00431794767720956329066
0.000257446679163145127001
-0.00457839892259006147355
0.239827017318957900542
-0.00457839892258998307017
0.000257446679163139294334
-0.0184342282027889475016
0.0172085643115675248504
0.0172085643115674816872
-0.0184342282027889531914
-0.00584258422496611447526
-0.00677148592596118820073
-0.00584258422496612058608
0.00125585565180358981668
0.00125585565180358947426
-0.00018921043095399106412
0.0
0.0
0.0
0.0
0.0
0.0
0.0
0.0
0.0
0.0
0.0
0.0
0.0
0.0
0.0
0.0
0.0
0.0
0.0
0.0
0.0
0.0
0.0
0.0
0.0
0.0
0.0
0.0
0.0
0.0
0.0
0.0
0.0
0.0
0.0
0.0
0.0
0.0
0.0
0.0
0.0
0.0
0.0
0.0
0.0
0.0
0.0
0.0
0.0
0.0
0.0
0.0
0.0
0.0
0.0
0.0
0.0
0.0
0.0
0.0
0.0
0.0
0.0
0.00757655220438572030039
-0.000083535845354254964624
0.0236580756451101370188
-0.00517257740221829573777
0.000205481407679466129521
0.00048768394075226492549
-0.0000835358453542372601334
0.183811069886852776142
-0.00457839892259006147355
0.000977007910206158913634
0.00114077100617957237396
0.0236580756451101546469
-0.00457839892259001186219
-0.00677148592596118856983
0.0111571514186753770974
-0.00517257740221830720731
0.000977007910206149695437
0.0111571514186753724485
0.000205481407679477812628
0.00114077100617957267216
0.000487683940752260197094
0.0
0.0
0.0
0.0
0.0
0.0
0.0
0.0
0.0
0.0
0.0
0.0
0.0
0.0
0.0
0.0
0.0
0.0
0.0
0.0
0.0
0.0
0.0
0.0
0.0
0.0
0.0
0.0
0.0
0.0
0.0
0.0
0.0
0.0
0.0
0.0
0.0
0.0
0.0
0.0
0.0
0.0
0.0
0.0
0.0
0.0
0.0
0.0
0.0
0.0
0.0
0.0
0.0
0.0
0.0
0.0
0.0
0.0
0.0
0.0
0.0
0.0
0.0
-0.00484465354075699722291
0.0150688128908321659252
-0.00899212117874502151937
0.00448216212811895261377
-0.00274942796901702138091
0.00107918036643609239087
0.0328814483093351711151
-0.0000835358453542372601334
0.000257446679163145127001
0.00114077100617957801193
-0.00100635338789981686993
-0.00672816157023396224446
0.00575501103258009342928
0.00125585565180358955498
-0.0039272469376182035326
0.00228587042997781520885
0.000205481407679470861835
-0.0063045092920177291571
0.000190070751162051241362
-0.0027494279690170158969
-0.000349238571337085536959
0.0
0.0
0.0
0.0
0.0
0.0
0.0
0.0
0.0
0.0
0.0
0.0
0.0
0.0
0.0
0.0
0.0
0.0
0.0
0.0
0.0
-0.00484465354075699155946
0.0328814483093352200647
-0.00672816157023396638664
0.00228587042997781235319
0.000190070751162054009102
-0.00034923857133708581744
0.015068812890832161836
-0.0000835358453542636758133
0.00575501103258008377113
0.00020548140767946732119
-0.00274942796901701787818
-0.00899212117874502014499
0.000257446679163147092615
0.00125585565180360648766
-0.00630450929201773165018
0.00448216212811894552026
0.00114077100617957440912
-0.00392724693761820046217
-0.00274942796901701810405
-0.00100635338789981737561
0.00107918036643609149363
0.0
0.0
0.0
0.0
0.0
0.0
0.0
0.0
0.0
0.0
0.0
0.0
0.0
0.0
0.0
0.0
0.0
0.0
0.0
0.0
0.0
0.00332432611739192761329
-0.00630450929201773649682
0.00631558166209588434419
-0.00331669593994522907231
-0.00899212117874501686504
0.00295113698018644020593
-0.0039272469376182035326
0.0111571514186753770974
-0.0184342282027889531914
0.0236580756451101517167
-0.00672816157023396802364
0.000982561298515028061114
-0.00584258422496612108087
0.0153619245818114123734
0.0471270520481329403497
0.0063155816620958787821
-0.0051725774022183064263
-0.00609071918216962542261
0.00448216212811895164516
0.00228587042997782353574
-0.000633059257460242179822
0.0
0.0
0.0
0.0
0.0
0.0
0.0
0.0
0.0
0.0
0.0
0.0
0.0
0.0
0.0
0.0
0.0
0.0
0.0
0.0
0.0
0.0
0.0
0.0
0.0
0.0
0.0
0.0
0.0
0.0
0.0
0.0
0.0
0.0
0.0
0.0
0.0
0.0
0.0
0.0
0.0
0.0
-0.000633059257460241432151
0.00228587042997781852164
-0.00609071918216961965493
0.0471270520481329486721
-0.0067281615702339684157
0.00295113698018643859523
0.0044821621281189487984
-0.00517257740221829794603
0.0153619245818114112199
0.0236580756451101533954
-0.00899212117874501682037
0.00631558166209588263362
-0.00584258422496612798878
-0.018434228202788955497
-0.00331669593994522457132
0.00098256129851502670374
0.0111571514186753793741
0.00631558166209588338302
-0.00392724693761820429184
-0.00630450929201773395809
0.00332432611739192762766
-0.000189210430953991775418
0.00125585565180358900007
-0.00584258422496612117022
-0.0184342282027889543949
0.0002574466791631423836
-0.0043179476772095654058
0.00125585565180358955498
-0.00677148592596118856983
0.0172085643115674816872
-0.00457839892258998655388
0.00575501103258007769591
-0.0058425842249661136064
0.0172085643115675487973
0.239827017318957886981
0.0153619245818114123734
-0.0184342282027889437876
-0.00457839892259003603173
0.0153619245818113822112
0.000257446679163147714547
0.00575501103258009465981
-0.00431794767720957589149
0.0
0.0
0.0
0.0
0.0
0.0
0.0
0.0
0.0
0.0
0.0
0.0
0.0
0.0
0.0
0.0
0.0
0.0
0.0
0.0
0.0
0.0
0.0
0.0
0.0
0.0
0.0
0.0
0.0
0.0
0.0
0.0
0.0
0.0
0.0
0.0
0.0
0.0
0.0
0.0
0.0
0.0
0.0
0.0
0.0
0.0
0.0
0.0
0.0
0.0
0.0
0.0
0.0
0.0
0.0
0.0
0.0
0.0
0.0
0.0
0.0
0.0
0.0
-0.00431794767720957623506
0.00025744667916315670974
-0.0184342282027889576461
-0.00584258422496612713942
0.00125585565180360271516
-0.000189210430954000806643
0.00575501103258009342928
-0.00457839892259001186219
0.0172085643115675248504
-0.00677148592596122431436
0.00125585565180360350355
0.0153619245818113865303
0.239827017318957862092
0.0172085643115675487973
-0.00584258422496612108087
0.0153619245818113700709
-0.00457839892259004365296
-0.0184342282027889557018
0.00575501103258009753865
0.000257446679163159975588
-0.00431794767720957829248
0.0
0.0
0.0
0.0
0.0
0.0
0.0
0.0
0.0
0.0
0.0
0.0
0.0
0.0
0.0
0.0
0.0
0.0
0.0
0.0
0.0
0.0
0.0
0.0
0.0
0.0
0.0
0.0
0.0
0.0
0.0
0.0
0.0
0.0
0.0
0.0
0.0
0.0
0.0
0.0
0.0
0.0
0.0
0.0
0.0
0.0
0.0
0.0
0.0
0.0
0.0
0.0
0.0
0.0
0.0
0.0
0.0
0.0
0.0
0.0
0.0
0.0
0.0
0.00295113698018644175275
-0.00899212117874502054841
-0.0033166959399452214525
0.00631558166209588112153
-0.00630450929201773005559
0.00332432611739192467903
-0.00672816157023396224446
0.0236580756451101546469
-0.0184342282027889475016
0.0111571514186753729231
-0.00392724693761820287565
0.04712705204813293511
0.0153619245818113865303
-0.0058425842249661136064
0.000982561298515028061114
-0.0060907191821696271937
-0.00517257740221830139457
0.00631558166209588393595
0.00228587042997782141264
0.00448216212811894889194
-0.000633059257460241249757
0.0
0.0
0.0
0.0
0.0
0.0
0.0
0.0
0.0
0.0
0.0
0.0
0.0
0.0
0.0
0.0
0.0
0.0
0.0
0.0
0.0
0.00295113698018643928404
-0.00672816157023396638664
0.0471270520481329466351
-0.00609071918216961921328
0.00228587042997781662016
-0.000633059257460240935969
-0.00899212117874501621292
0.023658075645110153875
0.0153619245818114012899
-0.00517257740221829665283
0.00448216212811894763869
-0.00331669593994522393021
-0.0184342282027889559166
-0.00584258422496612980767
0.0063155816620958833195
0.00631558166209588377232
0.0111571514186753788013
0.000982561298515026473162
-0.00630450929201773400986
-0.00392724693761820405237
0.0033243261173919279192
0.0
0.0
0.0
0.0
0.0
0.0
0.0
0.0
0.0
0.0
0.0
0.0
0.0
0.0
0.0
0.0
0.0
0.0
0.0
0.0
0.0
0.00332432611739192732167
-0.00392724693761820517975
0.000982561298515031457942
0.00631558166209588596121
0.00448216212811894654396
-0.000633059257460240548553
-0.0063045092920177291571
0.0111571514186753724485
-0.00584258422496612058608
-0.00517257740221830041863
0.00228587042997781672578
0.00631558166209588393595
-0.0184342282027889557018
0.0153619245818113822112
-0.00609071918216962542261
-0.00331669593994521909848
0.0236580756451101477594
0.0471270520481329412978
-0.00899212117874502253087
-0.00672816157023397527583
0.00295113698018644205149
0.0
0.0
0.0
0.0
0.0
0.0
0.0
0.0
0.0
0.0
0.0
0.0
0.0
0.0
0.0
0.0
0.0
0.0
0.0
0.0
0.0
0.0
0.0
0.0
0.0
0.0
0.0
0.0
0.0
0.0
0.0
0.0
0.0
0.0
0.0
0.0
0.0
0.0
0.0
0.0
0.0
0.0
0.0029511369801864416225
-0.00672816157023397100615
0.0471270520481329442672
-0.00609071918216961965493
0.00228587042997781330283
-0.000633059257460238341622
-0.00899212117874501848664
0.0236580756451101416191
0.0153619245818113793999
-0.00517257740221829968127
0.00448216212811894524994
-0.00331669593994522304289
-0.018434228202788957191
-0.00584258422496612204262
0.00631558166209588381182
0.00631558166209588625909
0.0111571514186753774777
0.000982561298515028486539
-0.00630450929201773240771
-0.00392724693761820528966
0.00332432611739192696367
0.000487683940752263256671
0.00114077100617957098345
0.0111571514186753741518
0.011157151418675377471
0.00114077100617957437036
0.000487683940752262071341
0.000205481407679470861835
0.000977007910206149695437
-0.00677148592596118820073
0.000977007910206148495465
0.000205481407679473903579
-0.00517257740221830139457
-0.00457839892259004365296
-0.00457839892259003603173
-0.0051725774022183064263
0.0236580756451101426163
0.183811069886852777198
0.0236580756451101477594
-0.0000835358453542423531929
-0.0000835358453542540801501
0.00757655220438572140918
0.0
0.0
0.0
0.0
0.0
0.0
0.0
0.0
0.0
0.0
0.0
0.0
0.0
0.0
0.0
0.0
0.0
0.0
0.0
0.0
0.0
0.0
0.0
0.0
0.0
0.0
0.0
0.0
0.0
0.0
0.0
0.0
0.0
0.0
0.0
0.0
0.0
0.0
0.0
0.0
0.0
0.0
0.0
0.0
0.0
0.0
0.0
0.0
0.0
0.0
0.0
0.0
0.0
0.0
0.0
0.0
0.0
0.0
0.0
0.0
0.0
0.0
0.0
-0.000633059257460240869044
0.00448216212811894826373
0.00631558166209588586916
0.000982561298515027529405
-0.00392724693761820030677
0.0033243261173919231111
0.00228587042997781520885
-0.00517257740221830720731
-0.00584258422496611447526
0.0111571514186753673845
-0.00630450929201772732406
-0.0060907191821696271937
0.0153619245818113700709
-0.0184342282027889437876
0.0063155816620958787821
0.0471270520481329354228
0.0236580756451101426163
-0.00331669593994521909848
-0.0067281615702339728112
-0.00899212117874502356379
0.00295113698018644157812
0.0
0.0
0.0
0.0
0.0
0.0
0.0
0.0
0.0
0.0
0.0
0.0
0.0
0.0
0.0
0.0
0.0
0.0
0.0
0.0
0.0
-0.000633059257460238418392
0.00228587042997781235319
-0.00609071918216961921328
0.0471270520481329431117
-0.00672816157023396857475
0.00295113698018644177396
0.00448216212811894436986
-0.00517257740221829976633
0.015361924581811377644
0.0236580756451101423558
-0.00899212117874501746232
0.00631558166209588420114
-0.00584258422496612411791
-0.0184342282027889572709
-0.00331669593994522332363
0.000982561298515027388769
0.0111571514186753770429
0.00631558166209588697338
-0.00392724693761820504095
-0.00630450929201773243171
0.00332432611739192712554
0.0
0.0
0.0
0.0
0.0
0.0
0.0
0.0
0.0
0.0
0.0
0.0
0.0
0.0
0.0
0.0
0.0
0.0
0.0
0.0
0.0
0.00107918036643609116407
-0.00100635338789981963967
-0.00392724693761820589376
-0.00630450929201773607764
-0.00274942796901701783843
-0.00034923857133708422611
-0.0027494279690170158969
0.00114077100617957267216
0.00125585565180358947426
0.000205481407679475499905
0.000190070751162049968098
0.00448216212811894889194
0.000257446679163159975588
0.00575501103258009465981
0.00228587042997782353574
-0.00899212117874502356379
-0.0000835358453542540801501
-0.00672816157023397527583
0.0150688128908321709814
0.0328814483093352268278
-0.00484465354075699494274
0.0
0.0
0.0
0.0
0.0
0.0
0.0
0.0
0.0
0.0
0.0
0.0
0.0
0.0
0.0
0.0
0.0
0.0
0.0
0.0
0.0
0.0
0.0
0.0
0.0
0.0
0.0
0.0
0.0
0.0
0.0
0.0
0.0
0.0
0.0
0.0
0.0
0.0
0.0
0.0
0.0
0.0
-0.0048446535407569952067
0.0328814483093352244365
-0.00672816157023397100615
0.00228587042997781852164
0.000190070751162052601339
-0.000349238571337085523679
0.0150688128908321636779
-0.0000835358453542625351451
0.00575501103258009960432
0.00020548140767947587283
-0.00274942796901701754095
-0.00899212117874501802894
0.000257446679163155950004
0.00125585565180358783797
-0.00630450929201773414416
0.00448216212811894701462
0.0011407710061795721622
-0.00392724693761820486745
-0.00274942796901701620933
-0.00100635338789981810426
0.00107918036643609052129
-0.000349238571337084637504
-0.00274942796901701563948
-0.0063045092920177300669
-0.00392724693761820329609
-0.00100635338789981803992
0.00107918036643609222663
0.000190070751162051241362
0.000205481407679477812628
0.00125585565180358981668
0.00114077100617957635391
-0.00274942796901702077834
0.00228587042997782141264
0.00575501103258009753865
0.000257446679163147714547
0.00448216212811895164516
-0.0067281615702339728112
-0.0000835358453542423531929
-0.00899212117874502253087
0.0328814483093351788238
0.0150688128908321709814
-0.0048446535407569906027
0.0
0.0
0.0
0.0
0.0
0.0
0.0
0.0
0.0
0.0
0.0
0.0
0.0
0.0
0.0
0.0
0.0
0.0
0.0
0.0
0.0
-0.000349238571337085895671
0.000190070751162054009102
0.00228587042997781662016
-0.00672816157023396857475
0.0328814483093352244723
-0.00484465354075699709521
-0.00274942796901701707327
0.000205481407679475372508
0.00575501103258009971322
-0.0000835358453542626336547
0.0150688128908321636877
-0.00630450929201773419594
0.00125585565180359262677
0.000257446679163157402423
-0.00899212117874501821062
-0.00392724693761820461875
0.00114077100617957186311
0.0044821621281189465989
-0.00100635338789981798459
-0.0027494279690170161012
0.00107918036643609044974
0.0
0.0
0.0
0.0
0.0
0.0
0.0
0.0
0.0
0.0
0.0
0.0
0.0
0.0
0.0
0.0
0.0
0.0
0.0
0.0
0.0
0.000267372921695887208608
0.00107918036643609068398
0.00332432611739192659001
0.00332432611739192700153
0.00107918036643609092792
0.000267372921695886866724
-0.000349238571337085536959
0.000487683940752260197094
-0.00018921043095399106412
0.000487683940752261943331
-0.000349238571337085031225
-0.000633059257460241249757
-0.00431794767720957829248
-0.00431794767720957589149
-0.000633059257460242179822
0.00295113698018644157812
0.00757655220438572140918
0.00295113698018644205149
-0.0048446535407569906027
-0.00484465354075699494274
0.00617875008045566385574
0.0
0.0
0.0
0.0
0.0
0.0
0.0
0.0
0.0
0.0
0.0
0.0
0.0
0.0
0.0
0.0
0.0
0.0
0.0
0.0
0.0
0.000267372921695887287064
-0.00034923857133708581744
-0.000633059257460240935969
0.00295113698018644177396
-0.00484465354075699709521
0.00617875008045566420261
0.00107918036643609050429
0.00048768394075226176475
-0.00431794767720957700282
0.00757655220438572282376
-0.00484465354075699732982
0.00332432611739192715701
-0.000189210430953995004083
-0.00431794767720957720269
0.0029511369801864415761
0.00332432611739192742547
0.000487683940752263716318
-0.000633059257460240448242
0.00107918036643609073575
-0.000349238571337085121231
0.00026737292169588706278
0.00617875008045566362822
-0.0048446535407569952067
0.0029511369801864416225
-0.000633059257460241432151
-0.00034923857133708534821
0.000267372921695887109981
-0.0048446535407569964418
0.00757655220438572274587
-0.00431794767720957648794
0.000487683940752261367628
0.00107918036643609059955
0.00295113698018644095048
-0.0043179476772095760767
-0.000189210430953991654842
0.00332432611739192686546
-0.000633059257460240477357
0.000487683940752263502576
0.00332432611739192726359
-0.000349238571337085161532
0.00107918036643609080729
0.000267372921695887069154
0.0
0.0
0.0
0.0
0.0
0.0
0.0
0.0
0.0
0.0
0.0
0.0
0.0
0.0
0.0
0.0
0.0
0.0
0.0
0.0
0.0
-0.00484465354075698746207
0.015068812890832162141
-0.00899212117874501659118
0.00448216212811894648861
-0.00274942796901701784123
0.00107918036643609071004
0.0328814483093352085549
-0.0000835358453542663191663
0.000257446679163139380509
0.00114077100617957245215
-0.00100635338789981724709
-0.00672816157023397659838
0.00575501103258007809063
0.00125585565180360352122
-0.00392724693761820196904
0.00228587042997782029308
0.000205481407679473897858
-0.00630450929201772879079
0.000190070751162049968073
-0.00274942796901701967572
-0.000349238571337084088212
0.0
0.0
0.0
0.0
0.0
0.0
0.0
0.0
0.0
0.0
0.0
0.0
0.0
0.0
0.0
0.0
0.0
0.0
0.0
0.0
0.0
0.00107918036643609059955
-0.00274942796901701754095
0.00448216212811894524994
-0.00899212117874501682037
0.0150688128908321617358
-0.004844653540756987095
-0.00100635338789981653465
0.00114077100617957301442
0.000257446679163139393321
-0.0000835358453542657854616
0.032881448309335207812
-0.00392724693761820242969
0.00125585565180360423647
0.00575501103258007761155
-0.00672816157023397571422
-0.00630450929201772883999
0.000205481407679475294573
0.0022858704299778184601
-0.00274942796901701663053
0.000190070751162052398259
-0.000349238571337085393508
0.0
0.0
0.0
0.0
0.0
0.0
0.0
0.0
0.0
0.0
0.0
0.0
0.0
0.0
0.0
0.0
0.0
0.0
0.0
0.0
0.0
0.00757655220438572266618
-0.0000835358453542635991429
0.0236580756451101536216
-0.00517257740221830136764
0.000205481407679477308946
0.000487683940752260979676
-0.0000835358453542663191663
0.183811069886852775347
-0.00457839892258998307017
0.00097700791020615891377
0.00114077100617957809016
0.023658075645110151714
-0.00457839892258998655388
-0.00677148592596122431436
0.011157151418675372483
-0.00517257740221830037427
0.000977007910206148495464
0.0111571514186753678246
0.000205481407679475505616
0.00114077100617957627566
0.000487683940752261717324
0.0
0.0
0.0
0.0
0.0
0.0
0.0
0.0
0.0
0.0
0.0
0.0
0.0
0.0
0.0
0.0
0.0
0.0
0.0
0.0
0.0
0.0
0.0
0.0
0.0
0.0
0.0
0.0
0.0
0.0
0.0
0.0
0.0
0.0
0.0
0.0
0.0
0.0
0.0
0.0
0.0
0.0
0.0
0.0
0.0
0.0
0.0
0.0
0.0
0.0
0.0
0.0
0.0
0.0
0.0
0.0
0.0
0.0
0.0
0.0
0.0
0.0
0.0
-0.00431794767720956327374
0.00575501103258007720692
0.0153619245818114102445
0.0153619245818113810728
0.0057550110325800964957
-0.00431794767720957548721
0.000257446679163139380509
-0.00457839892258998307017
0.239827017318957900542
-0.00457839892259006147388
0.000257446679163145213172
-0.0184342282027889534116
0.0172085643115674816872
0.0172085643115675248504
-0.0184342282027889477218
-0.00584258422496612022239
-0.00677148592596118820073
-0.00584258422496611411153
0.00125585565180358945662
0.00125585565180358979904
-0.000189210430953991522188
0.0
0.0
0.0
0.0
0.0
0.0
0.0
0.0
0.0
0.0
0.0
0.0
0.0
0.0
0.0
0.0
0.0
0.0
0.0
0.0
0.0
0.0
0.0
0.0
0.0
0.0
0.0
0.0
0.0
0.0
0.0
0.0
0.0
0.0
0.0
0.0
0.0
0.0
0.0
0.0
0.0
0.0
0.0
0.0
0.0
0.0
0.0
0.0
0.0
0.0
0.0
0.0
0.0
0.0
0.0
0.0
0.0
0.0
0.0
0.0
0.0
0.0
0.0
0.000487683940752265110957
0.000205481407679466129409
-0.00517257740221829573764
0.0236580756451101370186
-0.0000835358453542549645065
0.00757655220438572027955
0.00114077100617957245215
0.00097700791020615891377
-0.00457839892259006147388
0.183811069886852776142
-0.0000835358453542372458924
0.0111571514186753766572
-0.00677148592596118856982
-0.00457839892259001186218
0.0236580756451101546442
0.0111571514186753728886
0.000977007910206149695425
-0.00517257740221830716297
0.00114077100617957259391
0.000205481407679477818355
0.00048768394075225997108
0.0
0.0
0.0
0.0
0.0
0.0
0.0
0.0
0.0
0.0
0.0
0.0
0.0
0.0
0.0
0.0
0.0
0.0
0.0
0.0
0.0
0.0
0.0
0.0
0.0
0.0
0.0
0.0
0.0
0.0
0.0
0.0
0.0
0.0
0.0
0.0
0.0
0.0
0.0
0.0
0.0
0.0
0.0
0.0
0.0
0.0
0.0
0.0
0.0
0.0
0.0
0.0
0.0
0.0
0.0
0.0
0.0
0.0
0.0
0.0
0.0
0.0
0.0
0.00107918036643609234482
-0.00274942796901702144992
0.00448216212811895234438
-0.00899212117874502195178
0.0150688128908321657366
-0.0048446535407569910868
-0.00100635338789981724709
0.00114077100617957809016
0.000257446679163145213172
-0.0000835358453542372458924
0.0328814483093351711411
-0.00392724693761820262597
0.00125585565180358957264
0.00575501103258009382399
-0.00672816157023397081917
-0.00630450929201773062382
0.000205481407679470856117
0.00228587042997781877614
-0.00274942796901701479428
0.000190070751162051241343
-0.000349238571337084593946
-0.00484465354075698954795
0.015068812890832161836
-0.00899212117874501621292
0.00448216212811894436986
-0.00274942796901701707327
0.00107918036643609050429
0.0328814483093352081611
-0.000083535845354266395872
0.000257446679163144089586
0.00114077100617957249092
-0.0010063533878998163942
-0.00672816157023397368515
0.00575501103258008465475
0.00125585565180360729374
-0.00392724693761820272361
0.00228587042997781751045
0.000205481407679475089584
-0.00630450929201772953547
0.000190070751162053806022
-0.00274942796901701624197
-0.000349238571337085862737
0.0
0.0
0.0
0.0
0.0
0.0
0.0
0.0
0.0
0.0
0.0
0.0
0.0
0.0
0.0
0.0
0.0
0.0
0.0
0.0
0.0
0.0
0.0
0.0
0.0
0.0
0.0
0.0
0.0
0.0
0.0
0.0
0.0
0.0
0.0
0.0
0.0
0.0
0.0
0.0
0.0
0.0
0.0
0.0
0.0
0.0
0.0
0.0
0.0
0.0
0.0
0.0
0.0
0.0
0.0
0.0
0.0
0.0
0.0
0.0
0.0
0.0
0.0
0.0
0.0
0.0
0.0
0.0
0.0
0.0
0.0
0.0
0.0
0.0
0.0
0.0
0.0
0.0
0.0
0.0
0.0
0.0
0.0
0.0
0.000487683940752261367628
0.00020548140767947587283
-0.00517257740221829968127
0.0236580756451101533954
-0.0000835358453542630654015
0.00757655220438572233687
0.00114077100617957527795
0.000977007910206158312635
-0.00457839892258998300309
0.18381106988685277491
-0.0000835358453542657854616
0.0111571514186753733729
-0.0067714859259612253158
-0.00457839892258998648679
0.0236580756451101514877
0.0111571514186753678343
0.00097700791020614789444
-0.00517257740221829868784
0.00114077100617957361988
0.00020548140767947406944
0.00048768394075226247612
0.0
0.0
0.0
0.0
0.0
0.0
0.0
0.0
0.0
0.0
0.0
0.0
0.0
0.0
0.0
0.0
0.0
0.0
0.0
0.0
0.0
0.0
0.0
0.0
0.0
0.0
0.0
0.0
0.0
0.0
0.0
0.0
0.0
0.0
0.0
0.0
0.0
0.0
0.0
0.0
0.0
0.0
0.0
0.0
0.0
0.0
0.0
0.0
0.0
0.0
0.0
0.0
0.0
0.0
0.0
0.0
0.0
0.0
0.0
0.0
0.0
0.0
0.0
0.0
0.0
0.0
0.0
0.0
0.0
0.0
0.0
0.0
0.0
0.0
0.0
0.0
0.0
0.0
0.0
0.0
0.0
0.0
0.0
0.0
0.0
0.0
0.0
0.0
0.0
0.0
0.0
0.0
0.0
0.0
0.0
0.0
0.0
0.0
0.0
0.0
0.0
0.0
0.0
0.0
0.0
0.0
0.0
0.0
0.0
0.0
0.0
0.0
0.0
0.0
0.0
0.0
0.0
0.0
0.0
0.0
0.0
0.0
0.0
0.0
0.0
0.0
0.0
0.0
0.0
0.0
0.0
0.0
0.0
0.0
0.0
0.0
0.0
0.0
0.0
0.0
0.0
0.0
0.0
0.0
0.0
0.0
0.0
0.0
0.0
0.0
0.0
0.0
0.0
0.0
0.0
0.0
0.0
0.0
0.0
0.0
0.0
0.0
0.0
0.0
0.0
0.0
0.0
0.0
0.0
0.0
0.0
0.0
0.0
0.0
0.0
0.0
0.0
0.0
0.0
0.0
0.0
0.0
0.0
0.0
0.0
0.0
0.0
0.0
0.0
0.0
0.0
0.0
0.0
0.0
0.0
0.0
0.0
0.0
0.0
0.0
0.0
0.0
0.0
0.0
0.0
0.0
0.0
0.0
0.0
0.0
0.00757655220438572298982
-0.0000835358453542636758133
0.023658075645110153875
-0.00517257740221829976633
0.000205481407679475372508
0.00048768394075226176475
-0.000083535845354266395872
0.183811069886852776203
-0.00457839892258999818806
0.00097700791020615923002
0.00114077100617957496703
0.0236580756451101519674
-0.00457839892259000167173
-0.00677148592596123236436
0.0111571514186753745761
-0.0051725774022182987729
0.000977007910206148811821
0.0111571514186753690374
0.000205481407679473569122
0.00114077100617957330896
0.00048768394075226287324
0.0
0.0
0.0
0.0
0.0
0.0
0.0
0.0
0.0
0.0
0.0
0.0
0.0
0.0
0.0
0.0
0.0
0.0
0.0
0.0
0.0
0.0
0.0
0.0
0.0
0.0
0.0
0.0
0.0
0.0
0.0
0.0
0.0
0.0
0.0
0.0
0.0
0.0
0.0
0.0
0.0
0.0
0.0
0.0
0.0
0.0
0.0
0.0
0.0
0.0
0.0
0.0
0.0
0.0
0.0
0.0
0.0
0.0
0.0
0.0
0.0
0.0
0.0
0.0
0.0
0.0
0.0
0.0
0.0
0.0
0.0
0.0
0.0
0.0
0.0
0.0
0.0
0.0
0.0
0.0
0.0
0.0
0.0
0.0
-0.00431794767720957648794
0.00575501103258009960432
0.0153619245818113793999
0.0153619245818114112199
0.00575501103258007672788
-0.00431794767720956315476
0.00025744667916315202398
-0.00457839892259006163887
0.239827017318957900597
-0.00457839892258998300309
0.000257446679163139393321
-0.0184342282027889489666
0.0172085643115675259855
0.0172085643115674821946
-0.0184342282027889545136
-0.00584258422496611380249
-0.00677148592596118879455
-0.00584258422496612109476
0.00125585565180358963274
0.00125585565180358829454
-0.000189210430953991172575
0.0
0.0
0.0
0.0
0.0
0.0
0.0
0.0
0.0
0.0
0.0
0.0
0.0
0.0
0.0
0.0
0.0
0.0
0.0
0.0
0.0
0.0
0.0
0.0
0.0
0.0
0.0
0.0
0.0
0.0
0.0
0.0
0.0
0.0
0.0
0.0
0.0
0.0
0.0
0.0
0.0
0.0
0.0
0.0
0.0
0.0
0.0
0.0
0.0
0.0
0.0
0.0
0.0
0.0
0.0
0.0
0.0
0.0
0.0
0.0
0.0
0.0
0.0
0.0
0.0
0.0
0.0
0.0
0.0
0.0
0.0
0.0
0.0
0.0
0.0
0.0
0.0
0.0
0.0
0.0
0.0
0.0
0.0
0.0
0.0
0.0
0.0
0.0
0.0
0.0
0.0
0.0
0.0
0.0
0.0
0.0
0.0
0.0
0.0
0.0
0.0
0.0
0.0
0.0
0.0
0.0
0.0
0.0
0.0
0.0
0.0
0.0
0.0
0.0
0.0
0.0
0.0
0.0
0.0
0.0
0.0
0.0
0.0
0.0
0.0
0.0
-0.00431794767720956717448
0.00575501103258008377113
0.0153619245818114012899
0.015361924581811377644
0.00575501103258009971322
-0.00431794767720957700282
0.000257446679163144089586
-0.00457839892258999818806
0.239827017318957899944
-0.00457839892259005933859
0.000257446679163152244841
-0.0184342282027889549332
0.0172085643115675076703
0.0172085643115675467304
-0.0184342282027889504072
-0.00584258422496612317012
-0.00677148592596119926164
-0.0058425842249661169147
0.00125585565180359308344
0.00125585565180359421312
-0.000189210430953994521881
0.0
0.0
0.0
0.0
0.0
0.0
0.0
0.0
0.0
0.0
0.0
0.0
0.0
0.0
0.0
0.0
0.0
0.0
0.0
0.0
0.0
0.0
0.0
0.0
0.0
0.0
0.0
0.0
0.0
0.0
0.0
0.0
0.0
0.0
0.0
0.0
0.0
0.0
0.0
0.0
0.0
0.0
0.0
0.0
0.0
0.0
0.0
0.0
0.0
0.0
0.0
0.0
0.0
0.0
0.0
0.0
0.0
0.0
0.0
0.0
0.0
0.0
0.0
0.0
0.0
0.0
0.0
0.0
0.0
0.0
0.0
0.0
0.0
0.0
0.0
0.0
0.0
0.0
0.0
0.0
0.0
0.0
0.0
0.0
0.00757655220438572274587
-0.0000835358453542625351451
0.0236580756451101416191
-0.00517257740221829794603
0.000205481407679467526185
0.000487683940752264546833
-0.0000835358453542539150116
0.183811069886852776222
-0.00457839892259006163887
0.000977007910206158312635
0.00114077100617957301442
0.023658075645110158012
-0.00457839892259001482994
-0.00677148592596118916364
0.0111571514186753785603
-0.00517257740221830827489
0.000977007910206149489447
0.0111571514186753762145
0.000205481407679477428519
0.00114077100617957377262
0.00048768394075226025759
0.0
0.0
0.0
0.0
0.0
0.0
0.0
0.0
0.0
0.0
0.0
0.0
0.0
0.0
0.0
0.0
0.0
0.0
0.0
0.0
0.0
0.0
0.0
0.0
0.0
0.0
0.0
0.0
0.0
0.0
0.0
0.0
0.0
0.0
0.0
0.0
0.0
0.0
0.0
0.0
0.0
0.0
0.000487683940752264773723
0.00020548140767946732119
-0.00517257740221829665283
0.0236580756451101423558
-0.0000835358453542626336547
0.00757655220438572282376
0.00114077100617957249092
0.00097700791020615923002
-0.00457839892259005933859
0.183811069886852776748
-0.0000835358453542541603414
0.0111571514186753779875
-0.00677148592596119963048
-0.00457839892259001814686
0.0236580756451101579731
0.0111571514186753757797
0.000977007910206149761561
-0.00517257740221830759363
0.00114077100617957347354
0.000205481407679477284547
0.000487683940752260471331
0.0
0.0
0.0
0.0
0.0
0.0
0.0
0.0
0.0
0.0
0.0
0.0
0.0
0.0
0.0
0.0
0.0
0.0
0.0
0.0
0.0
0.0
0.0
0.0
0.0
0.0
0.0
0.0
0.0
0.0
0.0
0.0
0.0
0.0
0.0
0.0
0.0
0.0
0.0
0.0
0.0
0.0
0.0
0.0
0.0
0.0
0.0
0.0
0.0
0.0
0.0
0.0
0.0
0.0
0.0
0.0
0.0
0.0
0.0
0.0
0.0
0.0
0.0
0.0010791803664360908529
-0.00274942796901701787818
0.00448216212811894763869
-0.00899212117874501746232
0.0150688128908321636877
-0.00484465354075699732982
-0.0010063533878998163942
0.00114077100617957496703
0.000257446679163152244841
-0.0000835358453542541603414
0.0328814483093351945133
-0.00392724693761820368969
0.00125585565180359395131
0.00575501103258009877503
-0.00672816157023396272594
-0.00630450929201773237182
0.000205481407679470333753
0.00228587042997781437981
-0.00274942796901701628958
0.000190070751162052971218
-0.000349238571337085530322
-0.0048446535407569964418
0.0150688128908321636779
-0.00899212117874501848664
0.0044821621281189487984
-0.00274942796901701826674
0.00107918036643609089804
0.0328814483093351944023
-0.0000835358453542539150116
0.00025744667916315202398
0.00114077100617957527795
-0.00100635338789981653465
-0.00672816157023396267173
0.00575501103258009704683
0.00125585565180358937104
-0.00392724693761820392915
0.00228587042997781467972
0.000205481407679470477719
-0.00630450929201773234781
0.000190070751162052899881
-0.0027494279690170163977
-0.000349238571337085570624
0.0
0.0
0.0
0.0
0.0
0.0
0.0
0.0
0.0
0.0
0.0
0.0
0.0
0.0
0.0
0.0
0.0
0.0
0.0
0.0
0.0
0.0029511369801864402128
-0.00899212117874502052326
-0.00331669593994522592799
0.00631558166209588363227
-0.00630450929201773564688
0.00332432611739192634874
-0.00672816157023397659838
0.023658075645110151714
-0.0184342282027889534116
0.0111571514186753766572
-0.00392724693761820262597
0.0471270520481329433603
0.0153619245818114101529
-0.00584258422496612144462
0.000982561298515029056711
-0.00609071918216962542255
-0.00517257740221830647061
0.00631558166209588225168
0.00228587042997781996846
0.00448216212811895081949
-0.000633059257460243035966
0.0
0.0
0.0
0.0
0.0
0.0
0.0
0.0
0.0
0.0
0.0
0.0
0.0
0.0
0.0
0.0
0.0
0.0
0.0
0.0
0.0
0.00332432611739192686546
-0.00630450929201773414416
0.00631558166209588381182
-0.00331669593994522457132
-0.00899212117874502075244
0.0029511369801864400191
-0.00392724693761820392915
0.0111571514186753785603
-0.0184342282027889545136
0.0236580756451101514877
-0.00672816157023397571422
0.00098256129851502773324
-0.00584258422496612229399
0.0153619245818114111283
0.0471270520481329418352
0.0063155816620958830519
-0.00517257740221830867893
-0.00609071918216962317151
0.00448216212811894673467
0.00228587042997781647029
-0.00063305925746024094051
0.0
0.0
0.0
0.0
0.0
0.0
0.0
0.0
0.0
0.0
0.0
0.0
0.0
0.0
0.0
0.0
0.0
0.0
0.0
0.0
0.0
-0.00431794767720956447043
0.000257446679163142383605
-0.0184342282027889543949
-0.00584258422496612117021
0.00125585565180358900006
-0.000189210430953991546387
0.00575501103258007809063
-0.00457839892258998655388
0.0172085643115674816872
-0.00677148592596118856982
0.00125585565180358957264
0.0153619245818114101529
0.239827017318957886981
0.0172085643115675487973
-0.00584258422496611397015
0.0153619245818113844317
-0.00457839892259003603173
-0.0184342282027889435675
0.00575501103258009426505
0.000257446679163147628407
-0.00431794767720957684376
0.0
0.0
0.0
0.0
0.0
0.0
0.0
0.0
0.0
0.0
0.0
0.0
0.0
0.0
0.0
0.0
0.0
0.0
0.0
0.0
0.0
0.0
0.0
0.0
0.0
0.0
0.0
0.0
0.0
0.0
0.0
0.0
0.0
0.0
0.0
0.0
0.0
0.0
0.0
0.0
0.0
0.0
0.0
0.0
0.0
0.0
0.0
0.0
0.0
0.0
0.0
0.0
0.0
0.0
0.0
0.0
0.0
0.0
0.0
0.0
0.0
0.0
0.0
-0.000189210430954000577616
0.00125585565180360271517
-0.00584258422496612713943
-0.0184342282027889576461
0.000257446679163156709737
-0.00431794767720957529968
0.00125585565180360352122
-0.00677148592596122431436
0.0172085643115675248504
-0.00457839892259001186218
0.00575501103258009382399
-0.00584258422496612144462
0.0172085643115675487973
0.239827017318957862092
0.0153619245818113843098
-0.0184342282027889554817
-0.00457839892259004365296
0.0153619245818113722915
0.000257446679163159889448
0.00575501103258009714389
-0.00431794767720957924475
0.0
0.0
0.0
0.0
0.0
0.0
0.0
0.0
0.0
0.0
0.0
0.0
0.0
0.0
0.0
0.0
0.0
0.0
0.0
0.0
0.0
0.0
0.0
0.0
0.0
0.0
0.0
0.0
0.0
0.0
0.0
0.0
0.0
0.0
0.0
0.0
0.0
0.0
0.0
0.0
0.0
0.0
0.0
0.0
0.0
0.0
0.0
0.0
0.0
0.0
0.0
0.0
0.0
0.0
0.0
0.0
0.0
0.0
0.0
0.0
0.0
0.0
0.0
0.00332432611739192341449
-0.00630450929201772920567
0.00631558166209588040964
-0.00331669593994521830821
-0.00899212117874502420661
0.00295113698018644175961
-0.00392724693761820196904
0.011157151418675372483
-0.0184342282027889477218
0.0236580756451101546442
-0.00672816157023397081917
0.000982561298515029056711
-0.00584258422496611397015
0.0153619245818113843098
0.0471270520481329381206
0.00631558166209588740553
-0.00517257740221830143889
-0.00609071918216962719364
0.00448216212811894806627
0.00228587042997781784535
-0.000633059257460242105901
0.0029511369801864407079
-0.00899212117874502014499
-0.00331669593994522393021
0.00631558166209588420114
-0.00630450929201773419594
0.00332432611739192715701
-0.00672816157023397368515
0.0236580756451101519674
-0.0184342282027889549332
0.0111571514186753779875
-0.00392724693761820368969
0.0471270520481329397982
0.0153619245818114011984
-0.00584258422496612411294
0.000982561298515027502667
-0.00609071918216962272984
-0.00517257740221830738571
0.00631558166209588373778
0.00228587042997781456879
0.00448216212811894557494
-0.000633059257460240444319
0.0
0.0
0.0
0.0
0.0
0.0
0.0
0.0
0.0
0.0
0.0
0.0
0.0
0.0
0.0
0.0
0.0
0.0
0.0
0.0
0.0
0.0
0.0
0.0
0.0
0.0
0.0
0.0
0.0
0.0
0.0
0.0
0.0
0.0
0.0
0.0
0.0
0.0
0.0
0.0
0.0
0.0
0.0
0.0
0.0
0.0
0.0
0.0
0.0
0.0
0.0
0.0
0.0
0.0
0.0
0.0
0.0
0.0
0.0
0.0
0.0
0.0
0.0
0.0
0.0
0.0
0.0
0.0
0.0
0.0
0.0
0.0
0.0
0.0
0.0
0.0
0.0
0.0
0.0
0.0
0.0
0.0
0.0
0.0
-0.000189210430953991654842
0.00125585565180358783797
-0.00584258422496612204262
-0.018434228202788955497
0.000257446679163142396369
-0.00431794767720956435142
0.00125585565180358937104
-0.00677148592596118916364
0.0172085643115674821946
-0.00457839892258998648679
0.00575501103258007761155
-0.00584258422496611293363
0.0172085643115675499324
0.239827017318957887036
0.0153619245818114111283
-0.0184342282027889452526
-0.00457839892259003619703
0.0153619245818113827587
0.000257446679163154611678
0.00575501103258009737373
-0.00431794767720957781068
0.0
0.0
0.0
0.0
0.0
0.0
0.0
0.0
0.0
0.0
0.0
0.0
0.0
0.0
0.0
0.0
0.0
0.0
0.0
0.0
0.0
0.0
0.0
0.0
0.0
0.0
0.0
0.0
0.0
0.0
0.0
0.0
0.0
0.0
0.0
0.0
0.0
0.0
0.0
0.0
0.0
0.0
0.0
0.0
0.0
0.0
0.0
0.0
0.0
0.0
0.0
0.0
0.0
0.0
0.0
0.0
0.0
0.0
0.0
0.0
0.0
0.0
0.0
0.0
0.0
0.0
0.0
0.0
0.0
0.0
0.0
0.0
0.0
0.0
0.0
0.0
0.0
0.0
0.0
0.0
0.0
0.0
0.0
0.0
0.0
0.0
0.0
0.0
0.0
0.0
0.0
0.0
0.0
0.0
0.0
0.0
0.0
0.0
0.0
0.0
0.0
0.0
0.0
0.0
0.0
0.0
0.0
0.0
0.0
0.0
0.0
0.0
0.0
0.0
0.0
0.0
0.0
0.0
0.0
0.0
0.0
0.0
0.0
0.0
0.0
0.0
-0.00431794767720956837113
0.000257446679163147092615
-0.0184342282027889559166
-0.00584258422496612411791
0.00125585565180359262677
-0.000189210430953995004083
0.00575501103258008465475
-0.00457839892259000167173
0.0172085643115675076703
-0.00677148592596119963048
0.00125585565180359395131
0.0153619245818114011984
0.239827017318957886383
0.017208564311567570677
-0.00584258422496611604581
0.015361924581811381003
-0.00457839892259003389656
-0.0184342282027889466933
0.00575501103258009748251
0.000257446679163154832477
-0.00431794767720957832551
0.0
0.0
0.0
0.0
0.0
0.0
0.0
0.0
0.0
0.0
0.0
0.0
0.0
0.0
0.0
0.0
0.0
0.0
0.0
0.0
0.0
0.0
0.0
0.0
0.0
0.0
0.0
0.0
0.0
0.0
0.0
0.0
0.0
0.0
0.0
0.0
0.0
0.0
0.0
0.0
0.0
0.0
0.0
0.0
0.0
0.0
0.0
0.0
0.0
0.0
0.0
0.0
0.0
0.0
0.0
0.0
0.0
0.0
0.0
0.0
0.0
0.0
0.0
0.0
0.0
0.0
0.0
0.0
0.0
0.0
0.0
0.0
0.0
0.0
0.0
0.0
0.0
0.0
0.0
0.0
0.0
0.0
0.0
0.0
-0.0043179476772095760767
0.000257446679163155950004
-0.018434228202788957191
-0.00584258422496612798878
0.00125585565180360343039
-0.000189210430954001102601
0.00575501103258009704683
-0.00457839892259001482994
0.0172085643115675259855
-0.0067714859259612253158
0.00125585565180360423647
0.015361924581811386461
0.239827017318957863099
0.0172085643115675499324
-0.00584258422496612229399
0.0153619245818113700017
-0.0045783989225900466208
-0.0184342282027889550267
0.00575501103258010115628
0.000257446679163159129701
-0.00431794767720957815104
0.0
0.0
0.0
0.0
0.0
0.0
0.0
0.0
0.0
0.0
0.0
0.0
0.0
0.0
0.0
0.0
0.0
0.0
0.0
0.0
0.0
0.0
0.0
0.0
0.0
0.0
0.0
0.0
0.0
0.0
0.0
0.0
0.0
0.0
0.0
0.0
0.0
0.0
0.0
0.0
0.0
0.0
-0.000189210430954003466719
0.00125585565180360648766
-0.00584258422496612980767
-0.0184342282027889572709
0.000257446679163157402423
-0.00431794767720957720269
0.00125585565180360729374
-0.00677148592596123236436
0.0172085643115675467304
-0.00457839892259001814686
0.00575501103258009877503
-0.00584258422496612411294
0.017208564311567570677
0.239827017318957865438
0.0153619245818113826103
-0.0184342282027889551066
-0.00457839892259004993753
0.0153619245818113661511
0.000257446679163160582066
0.0057550110325801028844
-0.00431794767720957927698
0.0
0.0
0.0
0.0
0.0
0.0
0.0
0.0
0.0
0.0
0.0
0.0
0.0
0.0
0.0
0.0
0.0
0.0
0.0
0.0
0.0
0.0
0.0
0.0
0.0
0.0
0.0
0.0
0.0
0.0
0.0
0.0
0.0
0.0
0.0
0.0
0.0
0.0
0.0
0.0
0.0
0.0
0.0
0.0
0.0
0.0
0.0
0.0
0.0
0.0
0.0
0.0
0.0
0.0
0.0
0.0
0.0
0.0
0.0
0.0
0.0
0.0
0.0
0.00332432611739192489915
-0.00630450929201773165018
0.0063155816620958833195
-0.00331669593994522332363
-0.00899212117874501821062
0.0029511369801864415761
-0.00392724693761820272361
0.0111571514186753745761
-0.0184342282027889504072
0.0236580756451101579731
-0.00672816157023396272594
0.000982561298515027502667
-0.00584258422496611604581
0.0153619245818113826103
0.0471270520481329341956
0.00631558166209588575208
-0.00517257740221830178087
-0.00609071918216962630202
0.00448216212811894749646
0.0022858704299778205836
-0.000633059257460241767284
0.00295113698018644095048
-0.00899212117874501802894
-0.00331669593994522304289
0.00631558166209588263362
-0.00630450929201773095469
0.00332432611739192409339
-0.00672816157023396267173
0.023658075645110158012
-0.0184342282027889489666
0.0111571514186753733729
-0.00392724693761820242969
0.0471270520481329341631
0.015361924581811386461
-0.00584258422496611293363
0.00098256129851502773324
-0.00609071918216962644
-0.00517257740221830246217
0.00631558166209588503778
0.00228587042997782088353
0.0044821621281189479122
-0.000633059257460241796408
0.0
0.0
0.0
0.0
0.0
0.0
0.0
0.0
0.0
0.0
0.0
0.0
0.0
0.0
0.0
0.0
0.0
0.0
0.0
0.0
0.0
-0.000633059257460240630738
0.00448216212811894763901
0.00631558166209588320353
0.000982561298515030960163
-0.00392724693761820577894
0.00332432611739192678046
0.00228587042997782029308
-0.00517257740221830037427
-0.00584258422496612022239
0.0111571514186753728886
-0.00630450929201773062382
-0.00609071918216962542255
0.0153619245818113844317
-0.0184342282027889554817
0.00631558166209588740553
0.0471270520481329382871
0.0236580756451101477621
-0.00331669593994522538704
-0.00672816157023396670126
-0.00899212117874501844024
0.00295113698018644357318
0.0
0.0
0.0
0.0
0.0
0.0
0.0
0.0
0.0
0.0
0.0
0.0
0.0
0.0
0.0
0.0
0.0
0.0
0.0
0.0
0.0
0.00332432611739192726359
-0.00392724693761820486745
0.000982561298515028486539
0.00631558166209588338302
0.00448216212811894640034
-0.000633059257460239596691
-0.00630450929201773234781
0.0111571514186753762145
-0.00584258422496612109476
-0.00517257740221829868784
0.0022858704299778184601
0.00631558166209588503778
-0.0184342282027889550267
0.0153619245818113827587
-0.00609071918216962317151
-0.00331669593994522383316
0.0236580756451101523625
0.0471270520481329347838
-0.00899212117874501583988
-0.00672816157023396175378
0.00295113698018644047939
0.0
0.0
0.0
0.0
0.0
0.0
0.0
0.0
0.0
0.0
0.0
0.0
0.0
0.0
0.0
0.0
0.0
0.0
0.0
0.0
0.0
0.000487683940752262111948
0.00114077100617957437036
0.011157151418675377471
0.0111571514186753741518
0.00114077100617957098345
0.000487683940752263297277
0.000205481407679473897858
0.000977007910206148495464
-0.00677148592596118820073
0.000977007910206149695425
0.000205481407679470856117
-0.00517257740221830647061
-0.00457839892259003603173
-0.00457839892259004365296
-0.00517257740221830143889
0.0236580756451101477621
0.183811069886852777198
0.023658075645110142619
-0.0000835358453542540942379
-0.0000835358453542423672826
0.00757655220438572145075
0.0
0.0
0.0
0.0
0.0
0.0
0.0
0.0
0.0
0.0
0.0
0.0
0.0
0.0
0.0
0.0
0.0
0.0
0.0
0.0
0.0
0.0
0.0
0.0
0.0
0.0
0.0
0.0
0.0
0.0
0.0
0.0
0.0
0.0
0.0
0.0
0.0
0.0
0.0
0.0
0.0
0.0
0.0
0.0
0.0
0.0
0.0
0.0
0.0
0.0
0.0
0.0
0.0
0.0
0.0
0.0
0.0
0.0
0.0
0.0
0.0
0.0
0.0
0.00332432611739192256989
-0.00392724693761820090597
0.00098256129851502703163
0.00631558166209588311147
0.00448216212811894935878
-0.000633059257460240951231
-0.00630450929201772879079
0.0111571514186753678246
-0.00584258422496611411153
-0.00517257740221830716297
0.00228587042997781877614
0.00631558166209588225168
-0.0184342282027889435675
0.0153619245818113722915
-0.00609071918216962719364
-0.00331669593994522538704
0.023658075645110142619
0.0471270520481329324121
-0.00899212117874501947317
-0.00672816157023396423662
0.00295113698018644309982
-0.00063305925746023967346
0.00448216212811894552026
0.00631558166209588377232
0.000982561298515027388769
-0.00392724693761820461875
0.00332432611739192742547
0.00228587042997781751045
-0.0051725774022182987729
-0.00584258422496612317012
0.0111571514186753757797
-0.00630450929201773237182
-0.00609071918216962272984
0.015361924581811381003
-0.0184342282027889551066
0.00631558166209588575208
0.0471270520481329336283
0.0236580756451101530993
-0.00331669593994522411391
-0.00672816157023395932237
-0.00899212117874501481556
0.00295113698018644063085
0.0
0.0
0.0
0.0
0.0
0.0
0.0
0.0
0.0
0.0
0.0
0.0
0.0
0.0
0.0
0.0
0.0
0.0
0.0
0.0
0.0
0.0
0.0
0.0
0.0
0.0
0.0
0.0
0.0
0.0
0.0
0.0
0.0
0.0
0.0
0.0
0.0
0.0
0.0
0.0
0.0
0.0
0.0
0.0
0.0
0.0
0.0
0.0
0.0
0.0
0.0
0.0
0.0
0.0
0.0
0.0
0.0
0.0
0.0
0.0
0.0
0.0
0.0
0.0
0.0
0.0
0.0
0.0
0.0
0.0
0.0
0.0
0.0
0.0
0.0
0.0
0.0
0.0
0.0
0.0
0.0
0.0
0.0
0.0
0.000487683940752263502576
0.0011407710061795721622
0.0111571514186753774777
0.0111571514186753793741
0.00114077100617957493262
0.000487683940752261547851
0.000205481407679470477719
0.000977007910206149489447
-0.00677148592596118879455
0.00097700791020614789444
0.000205481407679475294573
-0.00517257740221830246217
-0.0045783989225900466208
-0.00457839892259003619703
-0.00517257740221830867893
0.0236580756451101459815
0.183811069886852777278
0.0236580756451101523625
-0.00008353584535425900845
-0.0000835358453542616649211
0.00757655220438572387549
0.0
0.0
0.0
0.0
0.0
0.0
0.0
0.0
0.0
0.0
0.0
0.0
0.0
0.0
0.0
0.0
0.0
0.0
0.0
0.0
0.0
0.0
0.0
0.0
0.0
0.0
0.0
0.0
0.0
0.0
0.0
0.0
0.0
0.0
0.0
0.0
0.0
0.0
0.0
0.0
0.0
0.0
0.000487683940752261774743
0.00114077100617957440912
0.0111571514186753788013
0.0111571514186753770429
0.00114077100617957186311
0.000487683940752263716318
0.000205481407679475089584
0.000977007910206148811821
-0.00677148592596119926164
0.000977007910206149761561
0.000205481407679470333753
-0.00517257740221830738571
-0.00457839892259003389656
-0.00457839892259004993753
-0.00517257740221830178087
0.0236580756451101530993
0.183811069886852777804
0.0236580756451101459426
-0.0000835358453542617634306
-0.0000835358453542592537787
0.00757655220438572395338
0.0
0.0
0.0
0.0
0.0
0.0
0.0
0.0
0.0
0.0
0.0
0.0
0.0
0.0
0.0
0.0
0.0
0.0
0.0
0.0
0.0
0.0
0.0
0.0
0.0
0.0
0.0
0.0
0.0
0.0
0.0
0.0
0.0
0.0
0.0
0.0
0.0
0.0
0.0
0.0
0.0
0.0
0.0
0.0
0.0
0.0
0.0
0.0
0.0
0.0
0.0
0.0
0.0
0.0
0.0
0.0
0.0
0.0
0.0
0.0
0.0
0.0
0.0
0.00332432611739192322179
-0.00392724693761820046217
0.000982561298515026473162
0.00631558166209588697338
0.0044821621281189465989
-0.000633059257460240448242
-0.00630450929201772953547
0.0111571514186753690374
-0.0058425842249661169147
-0.00517257740221830759363
0.00228587042997781437981
0.00631558166209588373778
-0.0184342282027889466933
0.0153619245818113661511
-0.00609071918216962630202
-0.00331669593994522411391
0.0236580756451101459426
0.0471270520481329345084
-0.00899212117874502079354
-0.00672816157023397329274
0.00295113698018644293
-0.000633059257460240477357
0.00448216212811894701462
0.00631558166209588625909
0.00098256129851502670374
-0.00392724693761820016825
0.00332432611739192241603
0.00228587042997781467972
-0.00517257740221830827489
-0.00584258422496611380249
0.0111571514186753678343
-0.00630450929201772883999
-0.00609071918216962644
0.0153619245818113700017
-0.0184342282027889452526
0.0063155816620958830519
0.0471270520481329344759
0.0236580756451101459815
-0.00331669593994522383316
-0.00672816157023397323854
-0.00899212117874502061187
0.00295113698018644230439
0.0
0.0
0.0
0.0
0.0
0.0
0.0
0.0
0.0
0.0
0.0
0.0
0.0
0.0
0.0
0.0
0.0
0.0
0.0
0.0
0.0
-0.000349238571337084678752
-0.00274942796901701887203
-0.00630450929201773546084
-0.00392724693761820620121
-0.00100635338789981945108
0.00107918036643609019851
0.000190070751162049968073
0.000205481407679475505616
0.00125585565180358945662
0.00114077100617957259391
-0.00274942796901701479428
0.00228587042997781996846
0.00575501103258009426505
0.000257446679163159889448
0.00448216212811894806627
-0.00672816157023396670126
-0.0000835358453542540942379
-0.00899212117874501947317
0.0328814483093352268018
0.0150688128908321713585
-0.00484465354075700397258
0.0
0.0
0.0
0.0
0.0
0.0
0.0
0.0
0.0
0.0
0.0
0.0
0.0
0.0
0.0
0.0
0.0
0.0
0.0
0.0
0.0
0.00107918036643609080729
-0.00100635338789981810426
-0.00392724693761820528966
-0.00630450929201773395809
-0.00274942796901701857173
-0.000349238571337085585296
-0.0027494279690170163977
0.00114077100617957377262
0.00125585565180358829454
0.00020548140767947406944
0.000190070751162052398259
0.0044821621281189479122
0.000257446679163159129701
0.00575501103258009737373
0.00228587042997781647029
-0.00899212117874502061187
-0.0000835358453542616649211
-0.00672816157023396175378
0.0150688128908321689225
0.0328814483093352198944
-0.00484465354075699879838
0.0
0.0
0.0
0.0
0.0
0.0
0.0
0.0
0.0
0.0
0.0
0.0
0.0
0.0
0.0
0.0
0.0
0.0
0.0
0.0
0.0
0.00107918036643609126107
-0.00100635338789981785133
-0.00392724693761820360353
-0.0063045092920177294501
-0.00274942796901701667308
-0.000349238571337085090147
-0.00274942796901701967572
0.00114077100617957627566
0.00125585565180358979904
0.000205481407679477818355
0.000190070751162051241343
0.00448216212811895081949
0.000257446679163147628407
0.00575501103258009714389
0.00228587042997781784535
-0.00899212117874501844024
-0.0000835358453542423672826
-0.00672816157023396423662
0.0150688128908321713585
0.0328814483093351787977
-0.00484465354075699963254
-0.00034923857133708595729
-0.00274942796901701810405
-0.00630450929201773400986
-0.00392724693761820504095
-0.00100635338789981798459
0.00107918036643609073575
0.000190070751162053806022
0.000205481407679473569122
0.00125585565180359308344
0.00114077100617957347354
-0.00274942796901701628958
0.00228587042997781456879
0.00575501103258009748251
0.000257446679163160582066
0.00448216212811894749646
-0.00672816157023395932237
-0.0000835358453542617634306
-0.00899212117874502079354
0.0328814483093352199302
0.0150688128908321689324
-0.00484465354075700068689
0.0
0.0
0.0
0.0
0.0
0.0
0.0
0.0
0.0
0.0
0.0
0.0
0.0
0.0
0.0
0.0
0.0
0.0
0.0
0.0
0.0
0.0
0.0
0.0
0.0
0.0
0.0
0.0
0.0
0.0
0.0
0.0
0.0
0.0
0.0
0.0
0.0
0.0
0.0
0.0
0.0
0.0
0.0
0.0
0.0
0.0
0.0
0.0
0.0
0.0
0.0
0.0
0.0
0.0
0.0
0.0
0.0
0.0
0.0
0.0
0.0
0.0
0.0
0.00107918036643608991717
-0.00100635338789981737561
-0.00392724693761820405237
-0.00630450929201773243171
-0.0027494279690170161012
-0.000349238571337085121231
-0.00274942796901701624197
0.00114077100617957330896
0.00125585565180359421312
0.000205481407679477284547
0.000190070751162052971218
0.00448216212811894557494
0.000257446679163154832477
0.0057550110325801028844
0.0022858704299778205836
-0.00899212117874501481556
-0.0000835358453542592537787
-0.00672816157023397329274
0.0150688128908321689324
0.0328814483093352022226
-0.00484465354075699360333
-0.000349238571337085161532
-0.00274942796901701620933
-0.00630450929201773240771
-0.00392724693761820429184
-0.00100635338789981751606
0.00107918036643608996231
0.000190070751162052899881
0.000205481407679477428519
0.00125585565180358963274
0.00114077100617957361988
-0.00274942796901701663053
0.00228587042997782088353
0.00575501103258010115628
0.000257446679163154611678
0.00448216212811894673467
-0.00672816157023397323854
-0.00008353584535425900845
-0.00899212117874501583988
0.0328814483093352021116
0.0150688128908321689225
-0.00484465354075699271531
0.0
0.0
0.0
0.0
0.0
0.0
0.0
0.0
0.0
0.0
0.0
0.0
0.0
0.0
0.0
0.0
0.0
0.0
0.0
0.0
0.0
0.000267372921695886691326
0.00107918036643609193951
0.00332432611739192880727
0.00332432611739192839575
0.00107918036643609169557
0.000267372921695887033209
-0.000349238571337084088212
0.000487683940752261717324
-0.000189210430953991522188
0.00048768394075225997108
-0.000349238571337084593946
-0.000633059257460243035966
-0.00431794767720957684376
-0.00431794767720957924475
-0.000633059257460242105901
0.00295113698018644357318
0.00757655220438572145075
0.00295113698018644309982
-0.00484465354075700397258
-0.00484465354075699963254
0.00617875008045566745407
0.000267372921695887395638
0.00107918036643609149363
0.0033243261173919279192
0.00332432611739192712554
0.00107918036643609044974
0.00026737292169588706278
-0.000349238571337085862737
0.00048768394075226287324
-0.000189210430953994521881
0.000487683940752260471331
-0.000349238571337085530322
-0.000633059257460240444319
-0.00431794767720957832551
-0.00431794767720957927698
-0.000633059257460241767284
0.00295113698018644063085
0.00757655220438572395338
0.00295113698018644293
-0.00484465354075700068689
-0.00484465354075699360333
0.00617875008045566549729
0.000267372921695887069154
0.00107918036643609052129
0.00332432611739192696367
0.00332432611739192762766
0.0010791803664360915889
0.000267372921695887218554
-0.000349238571337085570624
0.00048768394075226025759
-0.000189210430953991172575
0.00048768394075226247612
-0.000349238571337085393508
-0.000633059257460241796408
-0.00431794767720957815104
-0.00431794767720957781068
-0.00063305925746024094051
0.00295113698018644230439
0.00757655220438572387549
0.00295113698018644047939
-0.00484465354075699271531
-0.00484465354075699879838
0.0061787500804556649229
