2352.00000000000078807
420.155015474792098978
-45.267134713177690952
2.14951671736454924987
12.9626025210210204992
-42.0000000000000318672
420.155015474792377379
-77.9725992647887950221
23.117065181499657378
-0.488748405493794774971
-42.0000000000001282315
-45.2671347131776857381
23.1170651814996686437
-4.10144785124946493748
-42.0000000000000300412
2.14951671736453554019
-0.488748405493795567708
-42.0000000000000082136
12.9626025210210246271
-42.0000000000000904622
-41.9999999999999972145
420.15501547479192514
-77.9725992647887710418
23.117065181499671825
-0.488748405493797169735
-42.0000000000001537878
-77.972599264788752466
27.5992161424111039814
-11.6091456026142887259
-42.000000000000052538
23.1170651814996537512
-11.6091456026142887336
-42.0000000000001402742
-0.48874840549379229019
-42.0000000000000164351
-42.0000000000000574582
-45.2671347131777125108
23.1170651814996693737
-4.10144785124947075183
-42.0000000000000446481
23.1170651814996601946
-11.6091456026142899658
-42.00000000000012979
-4.10144785124946956062
-42.0000000000001119392
-42.0000000000000048055
2.14951671736451267171
-0.488748405493789960331
-42.0000000000000248606
-0.488748405493788476766
-42.0000000000000124223
-42.0000000000000009855
12.9626025210210254388
-42.0000000000001060826
-42.0000000000000347126
-41.9999999999999924675
420.155015474792098978
548.577580103186845667
115.674079223319806949
-10.6740792233197812049
-2.00148807217185085993
12.9626025210210204993
-52.7464348372844647366
3.82658825326338637023
-12.7098820593046838348
1.28441930042554386191
16.6621418793325372273
9.63866134550489334235
5.69931302049177462691
-1.37487307137900042107
19.5392795704701827387
-11.6680789722812675793
-0.864917973409327408153
8.84728091344907642672
16.662141879332478941
-19.3392849846067916738
-41.9999999999999972144
-52.7464348372845166325
3.82658825326340234148
-12.7098820593046710228
1.28441930042554313587
16.6621418793325314959
-17.5924658766312709866
3.09637564334230013709
2.51132100515050705484
19.6316219648665716201
6.09148900080821353726
-2.94821469098623681075
12.8004482220015836807
6.22360990686529018614
-13.3371558338627583892
-42.0000000000000528556
9.63866134550488879169
5.6993130204917693882
-1.37487307137900513935
19.5392795704701739977
6.09148900080821937448
-2.94821469098623619105
12.8004482220015892257
2.98901867666175916502
-11.8680368277843163144
-42.0000000000000048055
-11.6680789722812754567
-0.864917973409326730651
8.84728091344906807223
6.2236099068652943562
-13.3371558338627578331
-42.0000000000000009855
16.6621418793324785697
-19.3392849846068118663
-42.0000000000000301101
-41.9999999999999924675
-45.267134713177690952
115.674079223319806949
369.422419896813136196
94.0014880721718368566
-10.6740792233197812049
2.14951671736454924986
9.63866134550488536535
-17.260971988463193059
-10.0718758056713568196
-2.65039718782198751633
-11.6680789722813204756
21.8397445027534756469
9.1966928183896044362
6.05769335511126188265
-20.0034117206023229606
-20.0034117206023253696
-7.63827090380621464321
9.64280071596311739708
19.5392795704701699892
8.84728091344909786873
-41.9999999999999972143
9.63866134550492904703
-17.2609719884631804574
-10.0718758056713518273
-2.65039718782197956272
-11.6680789722813155607
29.6284640302085503019
4.38249637302054397594
5.85400937868700764315
-21.1369200408475556445
-20.5197213805359079998
-4.1034329978469262006
1.95923218932171820458
17.4308483922150369686
15.6237032173064446048
-42.0000000000000434559
21.8397445027534781003
9.1966928183895967439
6.05769335511125688862
-20.0034117206023281848
-20.5197213805359080386
-4.10343299784692355328
1.95923218932171605824
15.991482051537490818
16.801914490456368506
-42.0000000000000048055
-20.0034117206023200935
-7.63827090380622042744
9.64280071596312012249
17.4308483922150395105
15.6237032173064441164
-42.0000000000000009854
19.539279570470162332
8.84728091344907955939
-42.0000000000000207104
-41.9999999999999924675
2.14951671736454924987
-10.6740792233197812049
94.0014880721718368566
369.422419896813136196
115.674079223319806949
-45.2671347131776909522
-11.6680789722812816304
-2.65039718782198165885
-10.0718758056713453662
-17.260971988463183881
9.63866134550493923025
-20.0034117206023229606
6.0576933551112608827
9.1966928183896035083
21.839744502753475647
9.64280071596311739711
-7.63827090380621324151
-20.0034117206023253696
8.84728091344907797434
19.53927957047018983
-41.9999999999999972142
-11.6680789722812767155
-2.65039718782197370524
-10.0718758056713403739
-17.2609719884631712794
9.63866134550498291198
-21.1369200408475556445
5.85400937868700472977
4.3824963730205420159
29.628464030208550302
1.95923218932171505537
-4.10343299784692100976
-20.5197213805359314944
15.6237032173064446048
17.4308483922150369686
-42.0000000000000322805
-20.0034117206023281848
6.05769335511125588868
9.196692818389595816
21.8397445027534781003
1.95923218932171290905
-4.10343299784691836245
-20.5197213805359315331
16.8019144904563372911
15.9914820515375013787
-42.0000000000000048055
9.64280071596312012249
-7.63827090380621902575
-20.0034117206023200935
15.6237032173064441164
17.4308483922150395105
-42.0000000000000009854
8.84728091344905966501
19.5392795704701821728
-42.0000000000000095352
-41.9999999999999924675
12.9626025210210204992
-2.00148807217185085993
-10.6740792233197812049
115.674079223319806949
548.577580103186845667
420.155015474792098976
16.6621418793324929311
1.2844193004255403631
-12.7098820593047010692
3.82658825326339770652
-52.7464348372845842461
19.5392795704701827387
-1.37487307137899202158
5.69931302049177556096
9.63866134550489334239
8.84728091344907642675
-0.864917973409328634004
-11.6680789722812675793
-19.3392849846067511425
16.662141879332477151
-41.9999999999999972141
16.6621418793324871998
1.28441930042553963703
-12.7098820593046882573
3.8265882532634136778
-52.7464348372846361422
19.6316219648665716201
2.51132100515051501229
3.09637564334229774623
-17.5924658766312709865
12.8004482220015546893
-2.94821469098623883784
6.0914890008082348933
-13.3371558338627583892
6.22360990686529018615
-42.0000000000000228808
19.5392795704701739977
-1.37487307137899673986
5.69931302049177032226
9.63866134550488879174
12.8004482220015602344
-2.94821469098623821814
6.09148900080824073047
-11.8680368277842919386
2.98901867666174587153
-42.0000000000000048055
8.84728091344906807222
-0.864917973409327956499
-11.6680789722812754567
-13.3371558338627578331
6.22360990686529435621
-42.0000000000000009854
-19.339284984606771335
16.6621418793324767797
-42.0000000000000001355
-41.9999999999999924675
-42.0000000000000318672
12.9626025210210204993
2.14951671736454924986
-45.2671347131776909522
420.155015474792098976
2352.00000000000078808
-42.000000000000023316
-0.488748405493788217201
23.1170651814996830171
-77.9725992647887950224
420.155015474792964817
-42.0000000000000300413
-4.10144785124948730295
23.1170651814996878699
-45.2671347131776857383
-42.0000000000000082138
-0.488748405493802125502
2.14951671736453554019
-41.999999999999985546
12.9626025210210125625
-41.9999999999999972141
-42.0000000000000488719
-0.488748405493790611857
23.1170651814996974641
-77.972599264788771042
420.15501547479251258
-42.0000000000000525383
-11.6091456026143062614
27.5992161424111211645
-77.9725992647887524661
-42.000000000000035358
-11.6091456026143056774
23.1170651814996760128
-42.0000000000000164353
-0.488748405493792290183
-42.0000000000000182782
-42.0000000000000446484
-4.10144785124949311731
23.1170651814996885999
-45.2671347131777125109
-42.000000000000024874
-11.6091456026143069095
23.1170651814996824561
-42.0000000000000070232
-4.10144785124948689816
-42.0000000000000048055
-42.0000000000000248606
-0.48874840549379651813
2.14951671736451267174
-42.0000000000000124223
-0.48874840549378847677
-42.0000000000000009854
-42.0000000000000011666
12.9626025210210133742
-41.999999999999995533
-41.9999999999999924675
420.155015474792377379
-52.7464348372844647366
9.63866134550488536535
-11.6680789722812816304
16.6621418793324929311
-42.000000000000023316
548.577580103187061405
3.82658825326338458563
5.69931302049178369908
-0.864917973409331738258
-19.3392849846068297544
115.674079223319844556
-12.7098820593046869569
-1.37487307137900327151
8.84728091344908959873
-10.6740792233197965402
1.2844193004255405811
19.5392795704701859837
-2.00148807217185230377
16.6621418793325272318
12.9626025210210283051
-52.7464348372844402654
-17.5924658766312694604
6.09148900080821026521
6.22360990686529152104
-42.0000000000001437934
3.82658825326342119414
3.09637564334230263009
-2.94821469098623815347
-13.3371558338627691356
-12.7098820593046785803
2.51132100515050881936
12.8004482220015917574
1.28441930042553726717
19.6316219648665689953
16.662141879332497493
9.63866134550487562344
6.09148900080822144509
2.98901867666176193242
-42.0000000000000402569
5.69931302049176866432
-2.9482146909862376279
-11.8680368277843202515
-1.37487307137900519028
12.8004482220015907158
19.5392795704701698592
-11.6680789722812734868
6.22360990686529425879
-42.0000000000000215506
-0.864917973409326267409
-13.3371558338627539049
8.84728091344906700103
16.6621418793324790112
-42.0000000000000938404
-19.3392849846067728043
-41.9999999999999924675
-77.9725992647887950221
3.82658825326338637023
-17.260971988463193059
-2.65039718782198165885
1.2844193004255403631
-0.488748405493788217201
3.82658825326338458563
97.2014460428413347201
9.66775904509633456282
-0.394396073765710558152
-0.864917973409332155576
-17.2609719884631963394
9.66775904509633851855
-0.701545292712292754701
-7.63827090380621977924
-2.65039718782198595666
-0.394396073765709225418
-7.63827090380621324045
1.28441930042554541979
-0.864917973409332055418
-0.488748405493797979104
-17.5924658766312446151
-18.2693238679193842729
3.29418048813919210288
-0.609948825444029531457
6.22360990686531794035
-18.2693238679193902575
-6.71423504455889343342
1.2412276975939730487
-0.249345764970450267654
3.29418048813919047564
1.24122769759397216915
-8.86255807858943583954
-0.609948825444026403707
-0.249345764970449804998
6.22360990686529533998
29.628464030208551869
5.67740777519534017534
-5.68204357079805134827
17.4308483922150470017
5.67740777519534250677
1.61705289595384284146
1.62509986110187534608
-5.68204357079805128062
1.6250998611018772926
17.4308483922150395671
-21.1369200408475465452
-0.249345764970448224757
15.6237032173064468066
-0.249345764970449881215
0.342109504363124398333
15.623703217306445648
19.6316219648665614519
-13.3371558338627786559
-13.3371558338627484885
-41.9999999999999924675
23.117065181499657378
-12.7098820593046838348
-10.0718758056713568196
-10.0718758056713453662
-12.7098820593047010692
23.1170651814996830171
5.69931302049178369908
9.66775904509633456282
72.5697915091080563241
9.66775904509635880165
5.69931302049180327195
9.19669281838960686617
2.23717926698671837714
2.23717926698671485503
9.19669281838959873784
6.0576933551112612716
-0.701545292712298876266
6.05769335511126432446
-1.37487307137899265671
-1.3748730713789964089
-4.10144785124949282912
6.09148900080820185554
3.29418048813919198172
-13.4207349825993625836
3.29418048813917928481
6.09148900080823029901
5.67740777519534305953
-5.64295213554853468443
-5.64295213554853529095
5.67740777519534592812
7.04436831951224300865
2.03119829701622967375
7.0443683195122609985
-5.68204357079804403862
-5.68204357079804308389
2.98901867666174320323
-20.5197213805359122517
7.04436831951224416775
7.04436831951224976661
-20.5197213805359077205
-1.78881408556630251282
2.36148634986750796227
-1.78881408556630658865
-9.40903867012015780554
-9.4090386701201707528
15.9914820515374841499
1.95923218932171412058
-8.86255807858941543327
1.95923218932170287171
1.62509986110186847247
1.62509986110186792614
16.8019144904563412661
12.8004482220015479797
12.8004482220015726793
-11.8680368277842760191
-41.9999999999999924675
-0.488748405493794774971
1.28441930042554386191
-2.65039718782198751633
-17.260971988463183881
3.82658825326339770652
-77.9725992647887950224
-0.864917973409331738258
-0.394396073765710558152
9.66775904509635880165
97.2014460428413347201
3.82658825326328040464
-7.63827090380621837753
-0.701545292712298706469
9.66775904509634332481
-17.2609719884632055174
-7.63827090380621464216
-0.394396073765709225417
-2.65039718782198009921
-0.864917973409328132122
1.28441930042554560525
-0.488748405493791421325
6.22360990686529486572
-0.609948825444029531471
3.29418048813917940598
-18.2693238679193912745
-17.59246587663125711
-0.249345764970449935807
1.24122769759397090328
-6.71423504455889352547
-18.2693238679193867567
-8.86255807858941863792
1.24122769759397074129
3.29418048813919109372
-0.249345764970450136852
-0.609948825444028797534
6.22360990686529492106
17.4308483922150446954
-5.68204357079804394519
5.67740777519533916597
29.628464030208551869
1.62509986110186952718
1.61705289595384340787
5.67740777519534595154
1.62509986110187350468
-5.6820435707980501523
17.4308483922150418734
15.6237032173064491187
-0.249345764970449103951
-21.1369200408475465452
0.342109504363124398334
-0.24934576497044867017
15.6237032173064433358
-13.3371558338627568395
19.6316219648665693784
-13.3371558338627433574
-41.9999999999999924675
-42.0000000000001282315
16.6621418793325372273
-11.6680789722813204756
9.63866134550493923025
-52.7464348372845842461
420.155015474792964817
-19.3392849846068297544
-0.864917973409332155576
5.69931302049180327195
3.82658825326328040464
548.577580103187898269
8.84728091344909749858
-1.37487307137899997813
-12.7098820593047104236
115.67407922331993308
19.5392795704702040995
1.28441930042554407769
-10.6740792233197998903
16.6621418793324902354
-2.0014880721718456997
12.9626025210210321966
-42.0000000000001437933
6.22360990686531459565
6.09148900080823870869
-17.5924658766312819553
-52.7464348372842512104
-13.3371558338627986308
-2.94821469098624614015
3.09637564334230549308
3.82658825326345413272
12.800448222001576352
2.5113210051505180252
-12.7098820593047043533
19.6316219648665774911
1.28441930042553828105
16.6621418793324828299
-42.0000000000001076776
2.98901867666174665771
6.09148900080824888474
9.63866134550485078701
-11.8680368277843042082
-2.94821469098624204255
5.69931302049176688218
12.8004482220015678324
-1.37487307137899670317
19.5392795704701694384
-42.0000000000000590458
6.22360990686528950434
-11.6680789722812667017
-13.3371558338627625278
-0.864917973409326954687
8.84728091344906407556
-42.0000000000000135738
16.6621418793324692664
-19.3392849846067573349
-41.9999999999999924675
-45.2671347131776857381
9.63866134550489334235
21.8397445027534756469
-20.0034117206023229606
19.5392795704701827387
-42.0000000000000300413
115.674079223319844556
-17.2609719884631963394
9.19669281838960686617
-7.63827090380621837753
8.84728091344909749858
369.422419896813225615
-10.0718758056713713245
6.05769335511126123848
9.64280071596311984708
94.0014880721718876191
-2.65039718782197972071
-20.0034117206023298632
-10.6740792233197995758
-11.668078972281304822
2.14951671736453732775
9.6386613455048962273
29.6284640302085480033
-20.5197213805359094495
17.4308483922150446012
-42.0000000000001153111
-17.2609719884631742553
4.38249637302054502562
-4.10343299784692846896
15.6237032173064565046
-10.0718758056713436961
5.85400937868700977582
1.95923218932171599091
-2.65039718782198640362
-21.1369200408475529494
-11.6680789722812780971
21.8397445027534669239
-20.5197213805359079495
15.991482051537495989
-42.000000000000024604
9.19669281838959722152
-4.10343299784692465158
16.8019144904563730297
6.05769335511125790759
1.95923218932171045604
-20.0034117206023195079
-20.0034117206023154635
17.4308483922150397917
-42.0000000000000155503
-7.63827090380622120325
15.6237032173064489173
9.64280071596311441914
19.5392795704701629471
-42.0000000000000683534
8.84728091344908198501
-41.9999999999999924675
23.1170651814996686437
5.69931302049177462691
9.1966928183896044362
6.0576933551112608827
-1.37487307137899202158
-4.10144785124948730295
-12.7098820593046869569
9.66775904509633851855
2.23717926698671837714
-0.701545292712298706469
-1.37487307137899997813
-10.0718758056713713245
72.5697915091080608222
2.23717926698670872881
6.05769335511126255122
-10.0718758056713526968
9.66775904509635248074
9.19669281838959824486
-12.7098820593046994018
5.69931302049179673003
23.1170651814996884447
6.09148900080821171445
5.67740777519533953946
7.04436831951224203164
-5.68204357079804526702
2.9890186766617523517
3.29418048813919246846
-5.6429521355485345807
2.03119829701623030067
-5.68204357079804714547
-13.4207349825993666662
-5.64295213554853492315
7.04436831951226262427
3.29418048813917983079
5.67740777519534443446
6.09148900080824275708
-20.5197213805359094489
-1.78881408556630049051
-9.40903867012015730722
15.9914820515374866931
7.04436831951224464711
2.3614863498675075076
-9.40903867012017140902
7.04436831951225049084
-1.78881408556630632469
-20.5197213805359027629
1.9592321893217121741
1.6250998611018683424
16.8019144904563425653
-8.86255807858941558138
1.62509986110187030127
1.9592321893217021028
12.8004482220015486343
-11.8680368277842960188
12.8004482220015734244
-41.9999999999999924675
-4.10144785124946493748
-1.37487307137900042107
6.05769335511126188265
9.1966928183896035083
5.69931302049177556096
23.1170651814996878699
-1.37487307137900327151
-0.701545292712292754701
2.23717926698671485503
9.66775904509634332481
-12.7098820593047104236
6.05769335511126123848
2.23717926698670872881
72.5697915091080691385
-10.0718758056713443429
9.19669281838960347462
9.66775904509635102081
-10.0718758056713343916
5.69931302049178008091
-12.7098820593047170442
23.1170651814996882481
2.98901867666176762638
-5.6820435707980526701
7.04436831951224763051
5.67740777519533853009
6.0914890008082391541
-5.68204357079805473495
2.03119829701622997545
-5.64295213554853363505
3.29418048813918106488
7.04436831951225138461
-5.64295213554853358676
-13.4207349825993892403
5.67740777519533989067
3.29418048813917554401
6.0914890008082447655
15.9914820515374966747
-9.40903867012015730722
-1.78881408556630311581
-20.519721380535906051
-9.40903867012015856216
2.36148634986750413849
7.04436831951225648331
-1.78881408556630434209
7.04436831951225728651
-20.5197213805359027977
16.8019144904563358365
1.62509986110187374162
1.95923218932170373879
1.62509986110187500633
-8.86255807858941643328
1.95923218932170218906
-11.868036827784298383
12.8004482220015650625
12.8004482220015707563
-41.9999999999999924675
-42.0000000000000300412
19.5392795704701827387
-20.0034117206023229606
21.839744502753475647
9.63866134550489334239
-45.2671347131776857383
8.84728091344908959873
-7.63827090380621977924
9.19669281838959873784
-17.2609719884632055174
115.67407922331993308
9.64280071596311984708
6.05769335511126255122
-10.0718758056713443429
369.422419896813225616
-20.0034117206023298633
-2.65039718782198557815
94.0014880721718876191
-11.6680789722812607644
-10.6740792233198140669
2.14951671736453732784
-42.0000000000000478904
17.4308483922150469075
-20.5197213805359049183
29.6284640302085480033
9.63866134550487139087
15.6237032173064565047
-4.10343299784692057708
4.38249637302053470991
-17.2609719884631742553
1.95923218932170250191
5.85400937868700628062
-10.0718758056713134961
-21.1369200408475529494
-2.65039718782198640362
-11.6680789722812610568
-42.000000000000024604
15.9914820515374860075
-20.5197213805359045517
21.8397445027534669239
16.8019144904563485435
-4.10343299784691721206
9.1966928183895913256
1.95923218932169796242
6.05769335511125902179
-20.0034117206023195079
-42.0000000000000155502
17.4308483922150374854
-20.0034117206023154635
15.6237032173064489173
-7.63827090380622120325
9.6428007159631144191
-42.0000000000000009328
19.5392795704701642514
8.84728091344907794242
-41.9999999999999924675
2.14951671736453554019
-11.6680789722812675793
-20.0034117206023253696
9.64280071596311739711
8.84728091344907642675
-42.0000000000000082138
-10.6740792233197965402
-2.65039718782198595666
6.0576933551112612716
-7.63827090380621464216
19.5392795704702040995
94.0014880721718876191
-10.0718758056713526968
9.19669281838960347462
-20.0034117206023298633
369.422419896813215607
-17.2609719884631996366
21.8397445027534808103
115.674079223319829549
9.6386613455049547317
-45.2671347131777026867
-11.668078972281268678
-21.1369200408475468222
1.95923218932171168486
15.623703217306445997
-42.0000000000000638196
-2.65039718782198054225
5.85400937868700612833
-4.10343299784692131229
17.4308483922150440939
-10.0718758056713351867
4.3824963730205432526
-20.5197213805359343778
-17.2609719884631732256
29.6284640302085534111
9.63866134550490610455
-20.0034117206023198845
1.95923218932170902043
16.8019144904563380306
-42.0000000000000104608
6.05769335511125557174
-4.10343299784691835548
15.9914820515375018097
9.19669281838959624142
-20.5197213805359344334
21.8397445027534746669
9.6428007159631184856
15.6237032173064445123
-42.0000000000000104594
-7.63827090380621946715
17.4308483922150383551
-20.0034117206023165042
8.84728091344906058419
-42.0000000000000370002
19.539279570470171565
-41.9999999999999924675
-0.488748405493795567708
-0.864917973409327408153
-7.63827090380621464321
-7.63827090380621324151
-0.864917973409328634004
-0.488748405493802125502
1.2844193004255405811
-0.394396073765709225418
-0.701545292712298876266
-0.394396073765709225417
1.28441930042554407769
-2.65039718782197972071
9.66775904509635248074
9.66775904509635102081
-2.65039718782198557815
-17.2609719884631996366
97.2014460428413324971
-17.2609719884631904586
3.82658825326338715605
3.82658825326331611579
-77.9725992647887775551
6.22360990686529361508
-0.249345764970449577891
-8.86255807858941568483
-0.249345764970450457088
6.22360990686528886067
-0.609948825444029598045
1.24122769759397051658
1.24122769759396983236
-0.609948825444027204225
3.29418048813918321943
-6.71423504455889350939
3.29418048813918586802
-18.2693238679193883124
-18.2693238679193918132
-17.5924658766312788238
17.430848392215039104
1.62509986110186863531
1.62509986110187403453
17.4308483922150367977
-5.68204357079804301937
1.61705289595384325283
-5.6820435707980476064
5.67740777519533800484
5.67740777519534631114
29.6284640302085472735
15.6237032173064440521
0.342109504363124735768
15.6237032173064463642
-0.249345764970447831819
-0.249345764970449042862
-21.13692004084754504
-13.3371558338627580371
-13.3371558338627536543
19.6316219648665635136
-41.9999999999999924675
-42.0000000000000082136
8.84728091344907642672
9.64280071596311739708
-20.0034117206023253696
-11.6680789722812675793
2.14951671736453554019
19.5392795704701859837
-7.63827090380621324045
6.05769335511126432446
-2.65039718782198009921
-10.6740792233197998903
-20.0034117206023298632
9.19669281838959824486
-10.0718758056713343916
94.0014880721718876191
21.8397445027534808103
-17.2609719884631904586
369.422419896813215607
9.63866134550488178703
115.674079223320012239
-45.2671347131777026867
-42.0000000000000263241
15.6237032173064436849
1.95923218932170043599
-21.1369200408475468222
-11.6680789722812618928
17.4308483922150440939
-4.10343299784691834798
5.85400937868700572375
-2.65039718782198054225
-20.5197213805359067182
4.38249637302053445053
-10.0718758056713155146
29.6284640302085534111
-17.2609719884631732257
9.63866134550487671421
-42.0000000000000104607
16.8019144904563447593
1.95923218932170058514
-20.0034117206023198845
15.9914820515374812675
-4.10343299784691610679
6.0576933551112579326
-20.5197213805359071748
9.19669281838959193031
21.8397445027534746669
-42.0000000000000104594
15.6237032173064468244
9.64280071596311848559
17.4308483922150383551
-7.63827090380621946715
-20.0034117206023165041
-41.9999999999999995049
8.84728091344906965321
19.5392795704701646427
-41.9999999999999924675
12.9626025210210246271
16.662141879332478941
19.5392795704701699892
8.84728091344907797434
-19.3392849846067511425
-41.999999999999985546
-2.00148807217185230377
1.28441930042554541979
-1.37487307137899265671
-0.864917973409328132122
16.6621418793324902354
-10.6740792233197995758
-12.7098820593046994018
5.69931302049178008091
-11.6680789722812607644
115.674079223319829549
3.82658825326338715605
9.63866134550488178703
548.577580103186944124
-52.7464348372847546972
420.1550154747920979
16.6621418793324835232
19.6316219648665660211
12.8004482220015536882
-13.3371558338627582705
-42.0000000000000262891
1.28441930042553423514
2.51132100515051700351
-2.94821469098623858154
6.22360990686529282866
-12.7098820593046973387
3.09637564334229778027
6.09148900080823995036
3.82658825326342914191
-17.5924658766312738898
-52.7464348372844379935
19.5392795704701719942
12.8004482220015602071
-11.8680368277842907121
-42.0000000000000067615
-1.37487307137899447934
-2.94821469098623817074
2.9890186766617437064
5.69931302049176735554
6.09148900080823924949
9.63866134550488814705
8.84728091344907092419
-13.3371558338627523636
-42.0000000000000053849
-0.86491797340932828176
6.22360990686528706543
-11.6680789722812763914
-19.3392849846067681668
-42.0000000000000094807
16.6621418793324656146
-41.9999999999999924675
-42.0000000000000904622
-19.3392849846067916738
8.84728091344909786873
19.53927957047018983
16.662141879332477151
12.9626025210210125625
16.6621418793325272318
-0.864917973409332055418
-1.3748730713789964089
1.28441930042554560525
-2.0014880721718456997
-11.668078972281304822
5.69931302049179673003
-12.7098820593047170442
-10.6740792233198140669
9.6386613455049547317
3.82658825326331611579
115.674079223320012239
-52.7464348372847546972
548.577580103187686375
420.155015474792234064
-42.0000000000001065556
-13.3371558338627800869
12.8004482220015783878
19.6316219648665739476
16.6621418793324737785
6.22360990686531314493
-2.94821469098624297019
2.51132100515052050211
1.28441930042553893553
6.0914890008082367118
3.09637564334229853008
-12.7098820593047145017
-17.5924658766312589671
3.82658825326347254874
-52.7464348372843361528
-42.0000000000000741822
-11.8680368277842883479
12.8004482220015766352
19.5392795704701732984
2.98901867666174493051
-2.94821469098623888454
-1.37487307137899322403
6.09148900080823950025
5.69931302049176222722
9.63866134550488239022
-42.0000000000000428803
-13.3371558338627479808
8.84728091344907999323
6.22360990686529097135
-0.864917973409330023285
-11.6680789722812748186
-42.0000000000000094807
-19.3392849846067550518
16.6621418793324629013
-41.9999999999999924675
-41.9999999999999972145
-41.9999999999999972144
-41.9999999999999972143
-41.9999999999999972142
-41.9999999999999972141
-41.9999999999999972141
12.9626025210210283051
-0.488748405493797979104
-4.10144785124949282912
-0.488748405493791421325
12.9626025210210321966
2.14951671736453732775
23.1170651814996884447
23.1170651814996882481
2.14951671736453732784
-45.2671347131777026867
-77.9725992647887775551
-45.2671347131777026867
420.1550154747920979
420.155015474792234064
2352.00000000000016341
-42.0000000000000182785
-42.0000000000000182934
-42.0000000000000179886
-42.0000000000000182932
-42.0000000000000182783
-0.488748405493788354283
-11.6091456026143027025
-11.6091456026143012515
-0.488748405493788354319
23.1170651814996863143
27.5992161424111155503
23.1170651814996850089
-77.9725992647887452423
-77.9725992647887452421
420.155015474792554609
-42.0000000000000048057
-42.0000000000000019684
-42.0000000000000019683
-42.0000000000000048055
-4.10144785124949328107
-11.6091456026143054012
-4.10144785124948825313
23.1170651814996840773
23.1170651814996850406
-45.2671347131776992802
-42.0000000000000009854
-42.0000000000000010571
-42.0000000000000009853
-0.488748405493797863087
-0.488748405493797863095
2.14951671736450634579
-41.999999999999995533
-41.999999999999995533
12.9626025210210025027
-41.9999999999999924675
420.15501547479192514
-52.7464348372845166325
9.63866134550492904703
-11.6680789722812767155
16.6621418793324871998
-42.0000000000000488719
-52.7464348372844402654
-17.5924658766312446151
6.09148900080820185554
6.22360990686529486572
-42.0000000000001437933
9.6386613455048962273
6.09148900080821171445
2.98901867666176762638
-42.0000000000000478904
-11.668078972281268678
6.22360990686529361508
-42.0000000000000263241
16.6621418793324835232
-42.0000000000001065556
-42.0000000000000182785
548.57758010318697254
3.82658825326339489537
5.6993130204917788227
-0.86491797340933110927
-19.3392849846068173338
3.82658825326344479153
3.09637564334229266301
-2.94821469098623501367
-13.3371558338627501274
5.69931302049176659347
-2.94821469098623406909
-11.8680368277843129235
-0.864917973409328005094
-13.3371558338627422241
-19.3392849846067809083
115.674079223319944284
-12.7098820593046915835
-1.37487307137900370447
8.84728091344908961414
-12.7098820593046894911
2.51132100515051249472
12.8004482220016014453
-1.37487307137900205036
12.8004482220015980965
8.84728091344907961303
-10.6740792233198006291
1.2844193004255392836
19.5392795704701807862
1.28441930042553846146
19.6316219648665714073
19.5392795704701698712
-2.00148807217185275807
16.662141879332515059
16.6621418793324859138
12.9626025210210048515
-77.9725992647887710418
3.82658825326340234148
-17.2609719884631804574
-2.65039718782197370524
1.28441930042553963703
-0.488748405493790611857
-17.5924658766312694604
-18.2693238679193842729
3.29418048813919198172
-0.609948825444029531471
6.22360990686531459565
29.6284640302085480033
5.67740777519533953946
-5.6820435707980526701
17.4308483922150469075
-21.1369200408475468222
-0.249345764970449577891
15.6237032173064436849
19.6316219648665660211
-13.3371558338627800869
-42.0000000000000182934
3.82658825326339489537
97.2014460428413346899
9.66775904509633391892
-0.394396073765711664085
-0.864917973409331526612
-18.269323867919401604
-6.71423504455889525754
1.24122769759397251711
-0.249345764970448681796
5.67740777519534217012
1.6170528959538436668
1.62509986110187646443
-0.249345764970450076039
0.342109504363126711753
-13.3371558338627648281
-17.2609719884631921527
9.66775904509634239849
-0.701545292712294173202
-7.63827090380622233977
3.29418048813918787522
1.2412276975939720179
-8.86255807858943536755
-5.68204357079805087576
1.62509986110187615655
15.6237032173064483096
-2.65039718782198554634
-0.394396073765712770072
-7.63827090380621897942
-0.609948825444028581598
-0.249345764970447223621
17.4308483922150382008
1.28441930042553826977
-0.864917973409329931881
6.22360990686529565384
-0.488748405493801571991
23.117065181499671825
-12.7098820593046710228
-10.0718758056713518273
-10.0718758056713403739
-12.7098820593046882573
23.1170651814996974641
6.09148900080821026521
3.29418048813919210288
-13.4207349825993625836
3.29418048813917940598
6.09148900080823870869
-20.5197213805359094495
7.04436831951224203164
7.04436831951224763051
-20.5197213805359049183
1.95923218932171168486
-8.86255807858941568483
1.95923218932170043599
12.8004482220015536882
12.8004482220015783878
-42.0000000000000179886
5.6993130204917788227
9.66775904509633391892
72.5697915091080569255
9.66775904509635815778
5.69931302049179839561
5.67740777519534066513
-5.64295213554853564733
-5.64295213554853625385
5.67740777519534353373
-1.78881408556630052228
2.36148634986750851644
-1.78881408556630459812
1.62509986110186938742
1.6250998611018688411
-11.8680368277842922944
9.19669281838960940873
2.23717926698671962324
2.23717926698671610114
9.19669281838960128038
7.04436831951224353858
2.03119829701622944775
7.0443683195122615284
-9.4090386701201584054
-9.40903867012017135266
16.8019144904563444473
6.05769335511125655282
-0.701545292712300967741
6.0576933551112596057
-5.68204357079804476785
-5.68204357079804381313
15.9914820515374829528
-1.37487307137899623325
-1.37487307137899998544
2.98901867666174392515
-4.10144785124949541279
-0.488748405493797169735
1.28441930042554313587
-2.65039718782197956272
-17.2609719884631712794
3.8265882532634136778
-77.972599264788771042
6.22360990686529152104
-0.609948825444029531457
3.29418048813917928481
-18.2693238679193912745
-17.5924658766312819553
17.4308483922150446012
-5.68204357079804526702
5.67740777519533853009
29.6284640302085480033
15.623703217306445997
-0.249345764970450457088
-21.1369200408475468222
-13.3371558338627582705
19.6316219648665739476
-42.0000000000000182932
-0.86491797340933110927
-0.394396073765711664085
9.66775904509635815778
97.2014460428413346899
3.8265882532632907142
-0.249345764970448349948
1.24122769759397037169
-6.7142350445588953496
-18.2693238679193981032
1.62509986110187064551
1.61705289595384423321
5.6774077751953456149
0.342109504363126711753
-0.249345764970448864993
-13.3371558338627596969
-7.63827090380622093807
-0.701545292712300124977
9.66775904509634720475
-17.2609719884632013307
-8.86255807858941816597
1.24122769759397059004
3.29418048813918849332
1.62509986110187236862
-5.68204357079804974744
15.6237032173064459975
-7.6382709038062203811
-0.394396073765712770071
-2.65039718782197968888
-0.24934576497044755548
-0.609948825444030975429
17.4308483922150405071
-0.864917973409326008596
1.28441930042553845522
6.22360990686529523497
-0.48874840549379501418
-42.0000000000001537878
16.6621418793325314959
-11.6680789722813155607
9.63866134550498291198
-52.7464348372846361422
420.15501547479251258
-42.0000000000001437934
6.22360990686531794035
6.09148900080823029901
-17.59246587663125711
-52.7464348372842512104
-42.0000000000001153111
2.9890186766617523517
6.0914890008082391541
9.63866134550487139087
-42.0000000000000638196
6.22360990686528886067
-11.6680789722812618928
-42.0000000000000262891
16.6621418793324737785
-42.0000000000000182783
-19.3392849846068173338
-0.864917973409331526612
5.69931302049179839561
3.8265882532632907142
548.577580103187809406
-13.3371558338627796226
-2.94821469098624300037
3.09637564334229552604
3.82658825326347773004
-11.8680368277842968802
-2.94821469098623848375
5.69931302049176481135
-13.3371558338627508471
-0.864917973409328692366
-19.3392849846067654387
8.84728091344909751405
-1.37487307137900041112
-12.7098820593047150502
115.674079223320032809
12.80044822200158604
2.51132100515052170057
-12.7098820593047152641
12.8004482220015752131
-1.37487307137899356325
8.84728091344907668761
19.539279570470198902
1.2844193004255427802
-10.6740792233198039791
19.631621964866579903
1.28441930042553947535
19.5392795704701694505
16.6621418793324780626
-2.001488072171846154
16.6621418793324712509
12.9626025210210087432
-77.972599264788752466
-17.5924658766312709866
29.6284640302085503019
-21.1369200408475556445
19.6316219648665716201
-42.0000000000000525383
3.82658825326342119414
-18.2693238679193902575
5.67740777519534305953
-0.249345764970449935807
-13.3371558338627986308
-17.2609719884631742553
3.29418048813919246846
-5.68204357079805473495
15.6237032173064565047
-2.65039718782198054225
-0.609948825444029598045
17.4308483922150440939
1.28441930042553423514
6.22360990686531314493
-0.488748405493788354283
3.82658825326344479153
-18.269323867919401604
5.67740777519534066513
-0.249345764970448349948
-13.3371558338627796226
97.201446042841360979
-6.71423504455889795757
1.61705289595384409988
0.342109504363125323862
9.66775904509633840002
1.2412276975939728004
1.62509986110187836322
-0.3943960737657131303
-0.249345764970449339388
-0.864917973409326083753
-17.2609719884631672285
3.2941804881391874715
-5.68204357079805353435
15.6237032173064596173
9.66775904509634559258
1.24122769759397313873
1.62509986110187702993
-0.701545292712294898524
-8.86255807858943465647
-7.63827090380621835206
-2.65039718782198658737
-0.609948825444028757906
17.4308483922150463753
-0.394396073765713168454
-0.249345764970448897873
-7.6382709038062161252
1.28441930042553801253
6.22360990686530571441
-0.864917973409329343156
-0.488748405493801571991
27.5992161424111039814
3.09637564334230013709
4.38249637302054397594
5.85400937868700472977
2.51132100515051501229
-11.6091456026143062614
3.09637564334230263009
-6.71423504455889343342
-5.64295213554853468443
1.24122769759397090328
-2.94821469098624614015
4.38249637302054502562
-5.6429521355485345807
2.03119829701622997545
-4.10343299784692057708
5.85400937868700612833
1.24122769759397051658
-4.10343299784691834798
2.51132100515051700351
-2.94821469098624297019
-11.6091456026143027025
3.09637564334229266301
-6.71423504455889525754
-5.64295213554853564733
1.24122769759397037169
-2.94821469098624300037
-6.71423504455889795757
14.0839737342015792607
-0.322781344073737931697
1.61705289595384558024
-5.64295213554853799575
-0.322781344073737269706
2.36148634986751320931
1.24122769759397051765
1.6170528959538450447
-2.94821469098623945563
4.38249637302054367704
-5.64295213554853538862
2.03119829701622961281
-4.10343299784692006068
-5.64295213554853631091
-0.322781344073737143915
2.36148634986751308932
2.03119829701622941574
2.36148634986751239899
-4.10343299784691820828
5.85400937868700468902
1.24122769759397070721
-4.10343299784691911774
1.24122769759397090844
1.61705289595384489687
-4.10343299784691768158
2.51132100515051524199
-2.94821469098624387558
-2.94821469098623788242
-11.6091456026143075253
-11.6091456026142887259
2.51132100515050705484
5.85400937868700764315
4.3824963730205420159
3.09637564334229774623
27.5992161424111211645
-2.94821469098623815347
1.2412276975939730487
-5.64295213554853529095
-6.71423504455889352547
3.09637564334230549308
-4.10343299784692846896
2.03119829701623030067
-5.64295213554853363505
4.38249637302053470991
-4.10343299784692131229
1.24122769759396983236
5.85400937868700572375
-2.94821469098623858154
2.51132100515052050211
-11.6091456026143012515
-2.94821469098623501367
1.24122769759397251711
-5.64295213554853625385
-6.7142350445588953496
3.09637564334229552604
1.61705289595384409988
-0.322781344073737931697
14.0839737342015812806
-6.71423504455889855255
2.36148634986750875433
-0.322781344073736447222
-5.64295213554854836013
1.61705289595384410202
1.24122769759396976671
-2.94821469098623810366
-4.10343299784692795257
2.03119829701622993804
-5.64295213554853444296
4.38249637302053336133
2.36148634986750863435
-0.322781344073736321431
-5.64295213554854667527
2.36148634986750464624
2.03119829701622930217
-4.10343299784691903793
-4.10343299784692208203
1.24122769759397002298
5.85400937868700428446
1.61705289595384395419
1.2412276975939701575
-4.10343299784691851122
-2.94821469098623948694
2.51132100515051874059
-2.94821469098623653046
-11.6091456026143060743
-42.000000000000052538
19.6316219648665716201
-21.1369200408475556445
29.628464030208550302
-17.5924658766312709865
-77.9725992647887524661
-13.3371558338627691356
-0.249345764970450267654
5.67740777519534592812
-18.2693238679193867567
3.82658825326345413272
15.6237032173064565046
-5.68204357079804714547
3.29418048813918106488
-17.2609719884631742553
17.4308483922150440939
-0.609948825444027204225
-2.65039718782198054225
6.22360990686529282866
1.28441930042553893553
-0.488748405493788354319
-13.3371558338627501274
-0.249345764970448681796
5.67740777519534353373
-18.2693238679193981032
3.82658825326347773004
0.342109504363125323862
1.61705289595384558024
-6.71423504455889855255
97.201446042841360979
1.62509986110187093411
1.24122769759397027586
9.66775904509636606816
-0.249345764970449339388
-0.394396073765713130299
-0.864917973409325726774
15.6237032173064596173
-5.68204357079804594488
3.29418048813917606792
-17.2609719884631672285
1.62509986110186960083
1.2412276975939706142
9.66775904509637326067
-8.8625580785894183068
-0.701545292712300845673
-7.63827090380621835206
17.4308483922150463753
-0.609948825444026364085
-2.65039718782198658738
-0.249345764970448897873
-0.394396073765713168454
-7.63827090380621612518
6.22360990686528539817
1.28441930042554271292
-0.86491797340932898618
-0.488748405493801571991
23.1170651814996537512
6.09148900080821353726
-20.5197213805359079998
1.95923218932171505537
12.8004482220015546893
-42.000000000000035358
-12.7098820593046785803
3.29418048813919047564
7.04436831951224300865
-8.86255807858941863792
12.800448222001576352
-10.0718758056713436961
-13.4207349825993666662
7.04436831951225138461
1.95923218932170250191
-10.0718758056713351867
3.29418048813918321943
-20.5197213805359067182
-12.7098820593046973387
6.0914890008082367118
23.1170651814996863143
5.69931302049176659347
5.67740777519534217012
-1.78881408556630052228
1.62509986110187064551
-11.8680368277842968802
9.66775904509633840002
-5.64295213554853799575
2.36148634986750875433
1.62509986110187093411
72.569791509108077599
-5.64295213554853819556
-1.78881408556630696331
9.66775904509636110436
5.67740777519534695277
5.6993130204917766298
9.19669281838960215544
7.04436831951224447351
-9.40903867012015935733
16.8019144904563475043
2.23717926698672308082
2.03119829701622936343
-9.40903867012017233904
2.237179266986718056
7.04436831951226434909
9.1966928183895930152
6.05769335511125455694
-5.68204357079804476783
15.9914820515374870668
-0.701545292712301022581
-5.68204357079804366133
6.05769335511125821712
-1.37487307137899619279
2.98901867666174572453
-1.37487307137899504922
-4.10144785124949541279
-11.6091456026142887336
-2.94821469098623681075
-4.1034329978469262006
-4.10343299784692100976
-2.94821469098623883784
-11.6091456026143056774
2.51132100515050881936
1.24122769759397216915
2.03119829701622967375
1.24122769759397074129
2.5113210051505180252
5.85400937868700977582
-5.64295213554853492315
-5.64295213554853358676
5.85400937868700628062
4.3824963730205432526
-6.71423504455889350939
4.38249637302053445053
3.09637564334229778027
3.09637564334229853008
27.5992161424111155503
-2.94821469098623406909
1.6170528959538436668
2.36148634986750851644
1.61705289595384423321
-2.94821469098623848375
1.2412276975939728004
-0.322781344073737269706
-0.322781344073736447222
1.24122769759397027586
-5.64295213554853819556
14.0839737342015810326
-5.64295213554854811106
-6.71423504455889585013
-6.71423504455889637991
3.09637564334229555956
-4.10343299784692530983
2.36148634986750773667
2.36148634986750436756
-4.10343299784691787031
2.0311982970162295306
-0.322781344073736057328
2.03119829701622891038
-5.64295213554853501973
-5.6429521355485463441
4.38249637302053411257
-4.10343299784692079036
1.61705289595384378098
-4.10343299784691854167
1.24122769759397007605
1.24122769759396947922
5.85400937868700358007
-2.94821469098623927461
-2.94821469098623998841
2.51132100515052061653
-11.6091456026143058595
-42.0000000000001402742
12.8004482220015836807
1.95923218932171820458
-20.5197213805359314944
6.0914890008082348933
23.1170651814996760128
12.8004482220015917574
-8.86255807858943583954
7.0443683195122609985
3.29418048813919109372
-12.7098820593047043533
1.95923218932171599091
7.04436831951226262427
-13.4207349825993892403
-10.0718758056713134961
-20.5197213805359343778
3.29418048813918586802
-10.0718758056713155146
6.09148900080823995036
-12.7098820593047145017
23.1170651814996850089
-11.8680368277843129235
1.62509986110187646443
-1.78881408556630459812
5.6774077751953456149
5.69931302049176481135
1.62509986110187836322
2.36148634986751320931
-5.64295213554854836013
9.66775904509636606816
-1.78881408556630696331
-5.64295213554854811106
72.5697915091082023116
5.67740777519534912212
9.66775904509637052451
5.69931302049176906705
16.8019144904563719906
-9.40903867012017220422
7.04436831951225630973
9.19669281838959625951
-9.40903867012017233906
2.03119829701622874321
2.2371792669867423213
7.04436831951225905032
2.23717926698674081859
9.19669281838959459072
15.991482051537507609
-5.68204357079804935486
6.0576933551112569178
-5.68204357079804966279
-0.701545292712301017961
6.05769335511125777181
2.98901867666174450042
-1.37487307137899493748
-1.37487307137899448605
-4.10144785124949038486
-0.48874840549379229019
6.22360990686529018614
17.4308483922150369686
15.6237032173064446048
-13.3371558338627583892
-42.0000000000000164353
1.28441930042553726717
-0.609948825444026403707
-5.68204357079804403862
-0.249345764970450136852
19.6316219648665774911
-2.65039718782198640362
3.29418048813917983079
5.67740777519533989067
-21.1369200408475529494
-17.2609719884631732256
-18.2693238679193883124
29.6284640302085534111
3.82658825326342914191
-17.5924658766312589671
-77.9725992647887452423
-0.864917973409328005094
-0.249345764970450076039
1.62509986110186938742
0.342109504363126711753
-13.3371558338627508471
-0.3943960737657131303
1.24122769759397051765
1.61705289595384410202
-0.249345764970449339388
9.66775904509636110436
-6.71423504455889585013
5.67740777519534912212
97.201446042841352889
-18.2693238679194062262
3.82658825326335269491
-7.63827090380621807257
-8.86255807858941699275
1.62509986110187221773
15.6237032173064482513
-0.701545292712301800264
1.24122769759397067475
-5.6820435707980492353
9.66775904509635057924
3.29418048813918854471
-17.2609719884631913567
-7.63827090380621924099
-0.249345764970448495826
17.4308483922150430043
-0.394396073765713484533
-0.609948825444028093574
-2.65039718782197867093
-0.864917973409326246391
6.22360990686529420651
1.28441930042554063947
-0.48874840549379501418
-42.0000000000000164351
-13.3371558338627583892
15.6237032173064446048
17.4308483922150369686
6.22360990686529018615
-0.488748405493792290183
19.6316219648665689953
-0.249345764970449804998
-5.68204357079804308389
-0.609948825444028797534
1.28441930042553828105
-21.1369200408475529494
5.67740777519534443446
3.29418048813917554401
-2.65039718782198640362
29.6284640302085534111
-18.2693238679193918132
-17.2609719884631732257
-17.5924658766312738898
3.82658825326347254874
-77.9725992647887452421
-13.3371558338627422241
0.342109504363126711753
1.6250998611018688411
-0.249345764970448864993
-0.864917973409328692366
-0.249345764970449339388
1.6170528959538450447
1.24122769759396976671
-0.394396073765713130299
5.67740777519534695277
-6.71423504455889637991
9.66775904509637052451
-18.2693238679194062262
97.2014460428413528889
3.82658825326339966753
15.6237032173064482513
1.62509986110186751267
-8.86255807858941784465
-7.63827090380621807257
-5.68204357079804323384
1.24122769759397007792
-0.701545292712301795637
3.29418048813917906619
9.66775904509636745015
-17.2609719884631913567
17.4308483922150430043
-0.249345764970449706867
-7.63827090380621924098
-0.609948825444028093573
-0.394396073765713484533
-2.65039718782197867094
6.22360990686529030058
-0.864917973409327987909
1.28441930042554101892
-0.48874840549379501418
-42.0000000000000574582
-42.0000000000000528556
-42.0000000000000434559
-42.0000000000000322805
-42.0000000000000228808
-42.0000000000000182782
16.662141879332497493
6.22360990686529533998
2.98901867666174320323
6.22360990686529492106
16.6621418793324828299
-11.6680789722812780971
6.09148900080824275708
6.0914890008082447655
-11.6680789722812610568
9.63866134550490610455
-17.5924658766312788238
9.63866134550487671421
-52.7464348372844379935
-52.7464348372843361528
420.155015474792554609
-19.3392849846067809083
-13.3371558338627648281
-11.8680368277842922944
-13.3371558338627596969
-19.3392849846067654387
-0.864917973409326083753
-2.94821469098623945563
-2.94821469098623810366
-0.864917973409325726774
5.6993130204917766298
3.09637564334229555956
5.69931302049176906705
3.82658825326335269491
3.82658825326339966753
548.577580103187251845
8.84728091344906791482
12.8004482220015615579
12.8004482220015588898
8.84728091344906387219
-1.37487307137899605852
2.51132100515051835805
-1.37487307137899549533
-12.7098820593047008505
-12.7098820593047019018
115.674079223319826442
19.5392795704701745297
19.6316219648665699941
19.5392795704701676074
1.28441930042553888673
1.28441930042553926619
-10.6740792233197833685
16.662141879332482942
16.6621418793324802287
-2.00148807217185079614
12.9626025210210257917
-45.2671347131777125108
9.63866134550488879169
21.8397445027534781003
-20.0034117206023281848
19.5392795704701739977
-42.0000000000000446484
9.63866134550487562344
29.628464030208551869
-20.5197213805359122517
17.4308483922150446954
-42.0000000000001076776
21.8397445027534669239
-20.5197213805359094489
15.9914820515374966747
-42.000000000000024604
-20.0034117206023198845
17.430848392215039104
-42.0000000000000104607
19.5392795704701719942
-42.0000000000000741822
-42.0000000000000048057
115.674079223319944284
-17.2609719884631921527
9.19669281838960940873
-7.63827090380622093807
8.84728091344909751405
-17.2609719884631672285
4.38249637302054367704
-4.10343299784692795257
15.6237032173064596173
9.19669281838960215544
-4.10343299784692530983
16.8019144904563719906
-7.63827090380621807257
15.6237032173064482513
8.84728091344906791482
369.422419896813237504
-10.0718758056713637066
6.05769335511125877929
9.64280071596312871044
-10.0718758056713393938
5.8540093786870065959
1.95923218932172609717
6.05769335511125398197
1.95923218932172132531
9.64280071596312251608
94.001488072171867602
-2.65039718782197779343
-20.0034117206023264545
-2.65039718782197773624
-21.1369200408475522824
-20.0034117206023171042
-10.6740792233197885124
-11.6680789722813097473
-11.6680789722812870914
2.14951671736453302781
23.1170651814996693737
5.6993130204917693882
9.1966928183895967439
6.05769335511125588868
-1.37487307137899673986
-4.10144785124949311731
6.09148900080822144509
5.67740777519534017534
7.04436831951224416775
-5.68204357079804394519
2.98901867666174665771
-20.5197213805359079495
-1.78881408556630049051
-9.40903867012015730722
15.9914820515374860075
1.95923218932170902043
1.62509986110186863531
16.8019144904563447593
12.8004482220015602071
-11.8680368277842883479
-42.0000000000000019684
-12.7098820593046915835
9.66775904509634239849
2.23717926698671962324
-0.701545292712300124977
-1.37487307137900041112
3.2941804881391874715
-5.64295213554853538862
2.03119829701622993804
-5.68204357079804594488
7.04436831951224447351
2.36148634986750773667
-9.40903867012017220422
-8.86255807858941699275
1.62509986110186751267
12.8004482220015615579
-10.0718758056713637066
72.5697915091080617146
2.2371792669867133041
6.05769335511126009204
-13.4207349825993660299
-5.64295213554853410831
7.04436831951225873283
7.04436831951224610922
-1.78881408556630437912
1.95923218932170929248
-10.071875805671349881
9.6677590450963495637
9.19669281838959817089
3.2941804881391846825
5.67740777519534164251
-20.5197213805359001564
-12.7098820593046886956
5.69931302049179127964
6.09148900080822857501
23.1170651814996794112
-4.10144785124947075183
-1.37487307137900513935
6.05769335511125688862
9.196692818389595816
5.69931302049177032226
23.1170651814996885999
2.98901867666176193242
-5.68204357079805134827
7.04436831951224976661
5.67740777519533916597
6.09148900080824888474
15.991482051537495989
-9.40903867012015730722
-1.78881408556630311581
-20.5197213805359045517
16.8019144904563380306
1.62509986110187403453
1.95923218932170058514
-11.8680368277842907121
12.8004482220015766352
-42.0000000000000019683
-1.37487307137900370447
-0.701545292712294173202
2.23717926698671610114
9.66775904509634720475
-12.7098820593047150502
-5.68204357079805353435
2.03119829701622961281
-5.64295213554853444296
3.29418048813917606792
-9.40903867012015935733
2.36148634986750436756
7.04436831951225630973
1.62509986110187221773
-8.86255807858941784465
12.8004482220015588898
6.05769335511125877929
2.2371792669867133041
72.5697915091080700309
-10.0718758056713367249
7.04436831951224749319
-5.64295213554853277193
-13.420734982599388604
-1.78881408556630239651
7.0443683195122529049
1.95923218932170937875
9.19669281838960340059
9.66775904509634810378
-10.0718758056713315759
5.67740777519533709871
3.29418048813918039573
-20.5197213805359001912
5.69931302049177463055
-12.709882059304706338
6.09148900080823058341
23.1170651814996792146
-42.0000000000000446481
19.5392795704701739977
-20.0034117206023281848
21.8397445027534781003
9.63866134550488879174
-45.2671347131777125109
-42.0000000000000402569
17.4308483922150470017
-20.5197213805359077205
29.628464030208551869
9.63866134550485078701
-42.000000000000024604
15.9914820515374866931
-20.519721380535906051
21.8397445027534669239
-42.0000000000000104608
17.4308483922150367977
-20.0034117206023198845
-42.0000000000000067615
19.5392795704701732984
-42.0000000000000048055
8.84728091344908961414
-7.63827090380622233977
9.19669281838960128038
-17.2609719884632013307
115.674079223320032809
15.6237032173064596173
-4.10343299784692006068
4.38249637302053336133
-17.2609719884631672285
16.8019144904563475043
-4.10343299784691787031
9.19669281838959625951
15.6237032173064482513
-7.63827090380621807257
8.84728091344906387219
9.64280071596312871044
6.05769335511126009204
-10.0718758056713367249
369.422419896813237504
1.9592321893217126082
5.85400937868700310069
-10.0718758056713091939
1.95923218932170883171
6.05769335511125509616
9.64280071596312251608
-20.0034117206023264544
-2.65039718782198365088
94.0014880721718676021
-21.1369200408475522824
-2.65039718782197773624
-20.0034117206023171041
-11.6680789722812656897
-10.6740792233198030035
-11.6680789722812700513
2.14951671736453302781
23.1170651814996601946
6.09148900080821937448
-20.5197213805359080386
1.95923218932171290905
12.8004482220015602344
-42.000000000000024874
5.69931302049176866432
5.67740777519534250677
-1.78881408556630251282
1.62509986110186952718
-11.8680368277843042082
9.19669281838959722152
7.04436831951224464711
-9.40903867012015856216
16.8019144904563485435
6.05769335511125557174
-5.68204357079804301937
15.9914820515374812675
-1.37487307137899447934
2.98901867666174493051
-4.10144785124949328107
-12.7098820593046894911
3.29418048813918787522
7.04436831951224353858
-8.86255807858941816597
12.80044822200158604
9.66775904509634559258
-5.64295213554853631091
2.36148634986750863435
1.62509986110186960083
2.23717926698672308082
2.0311982970162295306
-9.40903867012017233906
-0.701545292712301800264
-5.68204357079804323384
-1.37487307137899605852
-10.0718758056713393938
-13.4207349825993660299
7.04436831951224749319
1.9592321893217126082
72.5697915091080703757
-5.64295213554853591306
-1.78881408556630825705
2.23717926698671867783
7.04436831951225952785
6.05769335511125602343
-10.0718758056713366207
3.2941804881391852243
-20.5197213805359068065
9.66775904509635201482
5.67740777519534340292
9.19669281838959268217
-12.7098820593046882781
6.09148900080823430764
5.69931302049177399719
23.1170651814996794112
-11.6091456026142899658
-2.94821469098623619105
-4.10343299784692355328
-4.10343299784691836245
-2.94821469098623821814
-11.6091456026143069095
-2.9482146909862376279
1.61705289595384284146
2.36148634986750796227
1.61705289595384340787
-2.94821469098624204255
-4.10343299784692465158
2.3614863498675075076
2.36148634986750413849
-4.10343299784691721206
-4.10343299784691835548
1.61705289595384325283
-4.10343299784691610679
-2.94821469098623817074
-2.94821469098623888454
-11.6091456026143054012
2.51132100515051249472
1.2412276975939720179
2.03119829701622944775
1.24122769759397059004
2.51132100515052170057
1.24122769759397313873
-0.322781344073737143915
-0.322781344073736321431
1.2412276975939706142
2.03119829701622936343
-0.322781344073736057328
2.03119829701622874321
1.24122769759397067475
1.24122769759397007792
2.51132100515051835805
5.8540093786870065959
-5.64295213554853410831
-5.64295213554853277193
5.85400937868700310069
-5.64295213554853591306
14.0839737342015793239
-5.64295213554854582854
-5.64295213554853416641
-5.64295213554854549078
5.85400937868700242602
4.38249637302054385143
-6.71423504455889324603
4.38249637302053504937
-6.71423504455889419153
-6.71423504455889472131
4.38249637302053424897
3.0963756433423009392
3.096375643342301689
3.09637564334229191421
27.5992161424111105006
-42.00000000000012979
12.8004482220015892257
1.95923218932171605824
-20.5197213805359315331
6.09148900080824073047
23.1170651814996824561
-11.8680368277843202515
1.62509986110187534608
-1.78881408556630658865
5.67740777519534595154
5.69931302049176688218
16.8019144904563730297
-9.40903867012017140902
7.04436831951225648331
9.1966928183895913256
15.9914820515375018097
-5.6820435707980476064
6.0576933551112579326
2.9890186766617437064
-1.37487307137899322403
-4.10144785124948825313
12.8004482220016014453
-8.86255807858943536755
7.0443683195122615284
3.29418048813918849332
-12.7098820593047152641
1.62509986110187702993
2.36148634986751308932
-5.64295213554854667527
9.66775904509637326067
-9.40903867012017233904
2.03119829701622891038
2.2371792669867423213
-5.6820435707980492353
-0.701545292712301795637
-1.37487307137899549533
1.95923218932172609717
7.04436831951225873283
-13.420734982599388604
-10.0718758056713091939
-1.78881408556630825705
-5.64295213554854582854
72.5697915091081950881
7.04436831951225422907
2.2371792669867414404
6.05769335511125557815
-20.519721380535934466
3.29418048813918787287
-10.0718758056713169486
5.67740777519534557226
9.66775904509636143498
9.19669281838959425765
6.0914890008082375462
-12.7098820593047054411
5.69931302049176643451
23.1170651814996781058
-4.10144785124946956062
2.98901867666175916502
15.991482051537490818
16.8019144904563372911
-11.8680368277842919386
-42.0000000000000070232
-1.37487307137900519028
-5.68204357079805128062
-9.40903867012015780554
1.62509986110187350468
12.8004482220015678324
6.05769335511125790759
7.04436831951225049084
-1.78881408556630434209
1.95923218932169796242
9.19669281838959624142
5.67740777519533800484
-20.5197213805359071748
5.69931302049176735554
6.09148900080823950025
23.1170651814996840773
-1.37487307137900205036
-5.68204357079805087576
-9.4090386701201584054
1.62509986110187236862
12.8004482220015752131
-0.701545292712294898524
2.03119829701622941574
2.36148634986750464624
-8.8625580785894183068
2.237179266986718056
-5.64295213554853501973
7.04436831951225905032
9.66775904509635057924
3.29418048813917906619
-12.7098820593047008505
6.05769335511125398197
7.04436831951224610922
-1.78881408556630239651
1.95923218932170883171
2.23717926698671867783
-5.64295213554853416641
7.04436831951225422907
72.5697915091080807326
-13.4207349825993919068
-10.071875805671328296
9.19669281838959949237
5.67740777519533730074
-20.5197213805359042705
9.6677590450963514156
3.29418048813917721155
-10.0718758056713264887
5.69931302049177377057
6.0914890008082402249
-12.7098820593047074354
23.1170651814996792146
-42.0000000000001119392
-11.8680368277843163144
16.801914490456368506
15.9914820515375013787
2.98901867666174587153
-4.10144785124948689816
12.8004482220015907158
1.6250998611018772926
-9.4090386701201707528
-5.6820435707980501523
-1.37487307137899670317
1.95923218932171045604
-1.78881408556630632469
7.04436831951225728651
6.05769335511125902179
-20.5197213805359344334
5.67740777519534631114
9.19669281838959193031
6.09148900080823924949
5.69931302049176222722
23.1170651814996850406
12.8004482220015980965
1.62509986110187615655
-9.40903867012017135266
-5.68204357079804974744
-1.37487307137899356325
-8.86255807858943465647
2.36148634986751239899
2.03119829701622930217
-0.701545292712300845673
7.04436831951226434909
-5.6429521355485463441
2.23717926698674081859
3.29418048813918854471
9.66775904509636745015
-12.7098820593047019018
1.95923218932172132531
-1.78881408556630437912
7.0443683195122529049
6.05769335511125509616
7.04436831951225952785
-5.64295213554854549078
2.2371792669867414404
-13.4207349825993919068
72.5697915091081971285
-10.0718758056713260035
-20.519721380535931529
5.67740777519534560704
9.19669281838959518124
3.29418048813918669005
9.66775904509636828653
-10.0718758056713241961
6.09148900080823997416
5.69931302049176864224
-12.7098820593047084867
23.1170651814996801779
-42.0000000000000048055
-42.0000000000000048055
-42.0000000000000048055
-42.0000000000000048055
-42.0000000000000048055
-42.0000000000000048055
19.5392795704701698592
17.4308483922150395671
15.9914820515374841499
17.4308483922150418734
19.5392795704701694384
-20.0034117206023195079
-20.5197213805359027629
-20.5197213805359027977
-20.0034117206023195079
21.8397445027534746669
29.6284640302085472735
21.8397445027534746669
9.63866134550488814705
9.63866134550488239022
-45.2671347131776992802
8.84728091344907961303
15.6237032173064483096
16.8019144904563444473
15.6237032173064459975
8.84728091344907668761
-7.63827090380621835206
-4.10343299784691820828
-4.10343299784691903793
-7.63827090380621835206
9.1966928183895930152
4.38249637302053411257
9.19669281838959459072
-17.2609719884631913567
-17.2609719884631913567
115.674079223319826442
9.64280071596312251608
1.95923218932170929248
1.95923218932170937875
9.64280071596312251608
6.05769335511125602343
5.85400937868700242602
6.05769335511125557815
-10.071875805671328296
-10.0718758056713260035
369.422419896813149861
-20.0034117206023171041
-21.136920040847546393
-20.0034117206023171041
-2.65039718782198566474
-2.65039718782198566474
94.001488072171841045
-11.6680789722812633135
-11.6680789722812617408
-10.6740792233198067615
2.14951671736453302784
2.14951671736451267171
-11.6680789722812754567
-20.0034117206023200935
9.64280071596312012249
8.84728091344906807222
-42.0000000000000248606
-11.6680789722812734868
-21.1369200408475465452
1.95923218932171412058
15.6237032173064491187
-42.0000000000000590458
-20.0034117206023154635
1.9592321893217121741
16.8019144904563358365
-42.0000000000000155502
9.6428007159631184856
15.6237032173064440521
-42.0000000000000104594
8.84728091344907092419
-42.0000000000000428803
-42.0000000000000009854
-10.6740792233198006291
-2.65039718782198554634
6.05769335511125655282
-7.6382709038062203811
19.539279570470198902
-2.65039718782198658737
5.85400937868700468902
-4.10343299784692208203
17.4308483922150463753
6.05769335511125455694
-4.10343299784692079036
15.991482051537507609
-7.63827090380621924099
17.4308483922150430043
19.5392795704701745297
94.001488072171867602
-10.071875805671349881
9.19669281838960340059
-20.0034117206023264544
-10.0718758056713366207
4.38249637302054385143
-20.519721380535934466
9.19669281838959949237
-20.519721380535931529
-20.0034117206023171041
369.422419896813186737
-17.2609719884631964074
21.8397445027534710011
-17.2609719884631907761
29.6284640302085606466
21.8397445027534773745
115.674079223319702769
9.63866134550495881711
9.63866134550493773838
-45.2671347131776775939
-0.488748405493789960331
-0.864917973409326730651
-7.63827090380622042744
-7.63827090380621902575
-0.864917973409327956499
-0.48874840549379651813
6.22360990686529425879
-0.249345764970448224757
-8.86255807858941543327
-0.249345764970449103951
6.22360990686528950434
17.4308483922150397917
1.6250998611018683424
1.62509986110187374162
17.4308483922150374854
15.6237032173064445123
0.342109504363124735768
15.6237032173064468244
-13.3371558338627523636
-13.3371558338627479808
-42.0000000000000010571
1.2844193004255392836
-0.394396073765712770072
-0.701545292712300967741
-0.394396073765712770071
1.2844193004255427802
-0.609948825444028757906
1.24122769759397070721
1.24122769759397002298
-0.609948825444026364085
-5.68204357079804476783
1.61705289595384378098
-5.68204357079804935486
-0.249345764970448495826
-0.249345764970449706867
19.6316219648665699941
-2.65039718782197779343
9.6677590450963495637
9.66775904509634810378
-2.65039718782198365088
3.2941804881391852243
-6.71423504455889324603
3.29418048813918787287
5.67740777519533730074
5.67740777519534560704
-21.136920040847546393
-17.2609719884631964074
97.2014460428413238118
-17.2609719884631872295
-18.2693238679193837686
-18.2693238679193872694
29.6284640302085510122
3.82658825326338005147
3.82658825326330901133
-17.5924658766312289055
-77.9725992647887377385
-42.0000000000000248606
8.84728091344906807223
9.64280071596312012249
-20.0034117206023200935
-11.6680789722812754567
2.14951671736451267174
-42.0000000000000215506
15.6237032173064468066
1.95923218932170287171
-21.1369200408475465452
-11.6680789722812667017
-42.0000000000000155503
16.8019144904563425653
1.95923218932170373879
-20.0034117206023154635
-42.0000000000000104594
15.6237032173064463642
9.64280071596311848559
-42.0000000000000053849
8.84728091344907999323
-42.0000000000000009853
19.5392795704701807862
-7.63827090380621897942
6.0576933551112596057
-2.65039718782197968888
-10.6740792233198039791
17.4308483922150463753
-4.10343299784691911774
5.85400937868700428446
-2.65039718782198658738
15.9914820515374870668
-4.10343299784691854167
6.0576933551112569178
17.4308483922150430043
-7.63827090380621924098
19.5392795704701676074
-20.0034117206023264545
9.19669281838959817089
-10.0718758056713315759
94.0014880721718676021
-20.5197213805359068065
4.38249637302053504937
-10.0718758056713169486
-20.5197213805359042705
9.19669281838959518124
-20.0034117206023171041
21.8397445027534710011
-17.2609719884631872295
369.422419896813186737
29.6284640302085606466
-17.2609719884631907761
21.8397445027534773745
9.63866134550488587252
115.674079223319885459
9.6386613455049083483
-45.2671347131776775939
-0.488748405493788476766
6.2236099068652943562
17.4308483922150395105
15.6237032173064441164
-13.3371558338627578331
-42.0000000000000124223
-0.864917973409326267409
-0.249345764970449881215
1.62509986110186847247
0.342109504363124398334
-13.3371558338627625278
-7.63827090380622120325
-8.86255807858941558138
1.62509986110187500633
15.6237032173064489173
-7.63827090380621946715
-0.249345764970447831819
17.4308483922150383551
-0.86491797340932828176
6.22360990686529097135
-0.488748405493797863087
1.28441930042553846146
-0.609948825444028581598
-5.68204357079804476785
-0.24934576497044755548
19.631621964866579903
-0.394396073765713168454
1.24122769759397090844
1.61705289595384395419
-0.249345764970448897873
-0.701545292712301022581
1.24122769759397007605
-5.68204357079804966279
-0.394396073765713484533
-0.609948825444028093573
1.28441930042553888673
-2.65039718782197773624
3.2941804881391846825
5.67740777519533709871
-21.1369200408475522824
9.66775904509635201482
-6.71423504455889419153
5.67740777519534557226
9.6677590450963514156
3.29418048813918669005
-2.65039718782198566474
-17.2609719884631907761
-18.2693238679193837686
29.6284640302085606466
97.2014460428413332135
-18.2693238679193974786
-17.2609719884631780246
3.82658825326338344812
-17.5924658766312530352
3.82658825326337959278
-77.9725992647887377385
-42.0000000000000124223
-13.3371558338627578331
15.6237032173064441164
17.4308483922150395105
6.22360990686529435621
-0.48874840549378847677
-13.3371558338627539049
0.342109504363124398333
1.62509986110186792614
-0.24934576497044867017
-0.864917973409326954687
15.6237032173064489173
1.62509986110187030127
-8.86255807858941643328
-7.63827090380622120325
17.4308483922150383551
-0.249345764970449042862
-7.63827090380621946715
6.22360990686528706543
-0.864917973409330023285
-0.488748405493797863095
19.6316219648665714073
-0.249345764970447223621
-5.68204357079804381313
-0.609948825444030975429
1.28441930042553947535
-0.249345764970448897873
1.61705289595384489687
1.2412276975939701575
-0.394396073765713168454
-5.68204357079804366133
1.24122769759396947922
-0.701545292712301017961
-0.609948825444028093574
-0.394396073765713484533
1.28441930042553926619
-21.1369200408475522824
5.67740777519534164251
3.29418048813918039573
-2.65039718782197773624
5.67740777519534340292
-6.71423504455889472131
9.66775904509636143498
3.29418048813917721155
9.66775904509636828653
-2.65039718782198566474
29.6284640302085606466
-18.2693238679193872694
-17.2609719884631907761
-18.2693238679193974786
97.2014460428413332135
-17.2609719884631780245
-17.5924658766312679579
3.82658825326342685491
3.82658825326342656499
-77.9725992647887377385
-42.0000000000000009855
-42.0000000000000009855
-42.0000000000000009854
-42.0000000000000009854
-42.0000000000000009854
-42.0000000000000009854
8.84728091344906700103
15.623703217306445648
16.8019144904563412661
15.6237032173064433358
8.84728091344906407556
9.64280071596311441914
1.9592321893217021028
1.95923218932170218906
9.6428007159631144191
-20.0034117206023165042
-21.13692004084754504
-20.0034117206023165041
-11.6680789722812763914
-11.6680789722812748186
2.14951671736450634579
19.5392795704701698712
17.4308483922150382008
15.9914820515374829528
17.4308483922150405071
19.5392795704701694505
-7.6382709038062161252
-4.10343299784691768158
-4.10343299784691851122
-7.63827090380621612518
6.05769335511125821712
5.85400937868700358007
6.05769335511125777181
-2.65039718782197867093
-2.65039718782197867094
-10.6740792233197833685
-20.0034117206023171042
-20.5197213805359001564
-20.5197213805359001912
-20.0034117206023171041
9.19669281838959268217
4.38249637302053424897
9.19669281838959425765
-10.0718758056713264887
-10.0718758056713241961
94.001488072171841045
21.8397445027534773745
29.6284640302085510122
21.8397445027534773745
-17.2609719884631780246
-17.2609719884631780245
369.422419896813119215
9.63866134550488368536
9.63866134550487792853
115.674079223319883318
-45.267134713177677594
12.9626025210210254388
16.6621418793324785697
19.539279570470162332
8.84728091344905966501
-19.339284984606771335
-42.0000000000000011666
16.6621418793324790112
19.6316219648665614519
12.8004482220015479797
-13.3371558338627568395
-42.0000000000000135738
19.5392795704701629471
12.8004482220015486343
-11.868036827784298383
-42.0000000000000009328
8.84728091344906058419
-13.3371558338627580371
-41.9999999999999995049
-19.3392849846067681668
-42.0000000000000094807
-41.999999999999995533
-2.00148807217185275807
1.28441930042553826977
-1.37487307137899623325
-0.864917973409326008596
16.6621418793324780626
1.28441930042553801253
2.51132100515051524199
-2.94821469098623948694
6.22360990686528539817
-1.37487307137899619279
-2.94821469098623927461
2.98901867666174450042
-0.864917973409326246391
6.22360990686529030058
16.662141879332482942
-10.6740792233197885124
-12.7098820593046886956
5.69931302049177463055
-11.6680789722812656897
-12.7098820593046882781
3.0963756433423009392
6.0914890008082375462
5.69931302049177377057
6.09148900080823997416
-11.6680789722812633135
115.674079223319702769
3.82658825326338005147
9.63866134550488587252
3.82658825326338344812
-17.5924658766312679579
9.63866134550488368536
548.577580103186889519
-52.7464348372844657947
-52.7464348372844337993
420.155015474792483269
-42.0000000000001060826
-19.3392849846068118663
8.84728091344907955939
19.5392795704701821728
16.6621418793324767797
12.9626025210210133742
-42.0000000000000938404
-13.3371558338627786559
12.8004482220015726793
19.6316219648665693784
16.6621418793324692664
-42.0000000000000683534
-11.8680368277842960188
12.8004482220015650625
19.5392795704701642514
-42.0000000000000370002
-13.3371558338627536543
8.84728091344906965321
-42.0000000000000094807
-19.3392849846067550518
-41.999999999999995533
16.662141879332515059
-0.864917973409329931881
-1.37487307137899998544
1.28441930042553845522
-2.001488072171846154
6.22360990686530571441
-2.94821469098624387558
2.51132100515051874059
1.28441930042554271292
2.98901867666174572453
-2.94821469098623998841
-1.37487307137899493748
6.22360990686529420651
-0.864917973409327987909
16.6621418793324802287
-11.6680789722813097473
5.69931302049179127964
-12.709882059304706338
-10.6740792233198030035
6.09148900080823430764
3.096375643342301689
-12.7098820593047054411
6.0914890008082402249
5.69931302049176864224
-11.6680789722812617408
9.63866134550495881711
3.82658825326330901133
115.674079223319885459
-17.5924658766312530352
3.82658825326342685491
9.63866134550487792853
-52.7464348372844657947
548.57758010318763177
-52.7464348372843319595
420.155015474792619431
-42.0000000000000347126
-42.0000000000000301101
-42.0000000000000207104
-42.0000000000000095352
-42.0000000000000001355
-41.999999999999995533
-19.3392849846067728043
-13.3371558338627484885
-11.8680368277842760191
-13.3371558338627433574
-19.3392849846067573349
8.84728091344908198501
12.8004482220015734244
12.8004482220015707563
8.84728091344907794242
19.539279570470171565
19.6316219648665635136
19.5392795704701646427
16.6621418793324656146
16.6621418793324629013
12.9626025210210025027
16.6621418793324859138
6.22360990686529565384
2.98901867666174392515
6.22360990686529523497
16.6621418793324712509
-0.864917973409329343156
-2.94821469098623788242
-2.94821469098623653046
-0.86491797340932898618
-1.37487307137899504922
2.51132100515052061653
-1.37487307137899448605
1.28441930042554063947
1.28441930042554101892
-2.00148807217185079614
-11.6680789722812870914
6.09148900080822857501
6.09148900080823058341
-11.6680789722812700513
5.69931302049177399719
3.09637564334229191421
5.69931302049176643451
-12.7098820593047074354
-12.7098820593047084867
-10.6740792233198067615
9.63866134550493773838
-17.5924658766312289055
9.6386613455049083483
3.82658825326337959278
3.82658825326342656499
115.674079223319883318
-52.7464348372844337993
-52.7464348372843319595
548.577580103187009029
420.155015474791899936
-41.9999999999999924675
-41.9999999999999924675
-41.9999999999999924675
-41.9999999999999924675
-41.9999999999999924675
-41.9999999999999924675
-41.9999999999999924675
-41.9999999999999924675
-41.9999999999999924675
-41.9999999999999924675
-41.9999999999999924675
-41.9999999999999924675
-41.9999999999999924675
-41.9999999999999924675
-41.9999999999999924675
-41.9999999999999924675
-41.9999999999999924675
-41.9999999999999924675
-41.9999999999999924675
-41.9999999999999924675
-41.9999999999999924675
12.9626025210210048515
-0.488748405493801571991
-4.10144785124949541279
-0.48874840549379501418
12.9626025210210087432
-0.488748405493801571991
-11.6091456026143075253
-11.6091456026143060743
-0.488748405493801571991
-4.10144785124949541279
-11.6091456026143058595
-4.10144785124949038486
-0.48874840549379501418
-0.48874840549379501418
12.9626025210210257917
2.14951671736453302781
23.1170651814996794112
23.1170651814996792146
2.14951671736453302781
23.1170651814996794112
27.5992161424111105006
23.1170651814996781058
23.1170651814996792146
23.1170651814996801779
2.14951671736453302784
-45.2671347131776775939
-77.9725992647887377385
-45.2671347131776775939
-77.9725992647887377385
-77.9725992647887377385
-45.267134713177677594
420.155015474792483269
420.155015474792619431
420.155015474791899936
2351.99999999999958479
