0.0152807641249848860949
-0.0128662070154975446134
0.00709663772805216054055
0.00709663772805216723864
-0.0128662070154975637361
0.0152807641249849000059
-0.0128662070154975469483
0.0444299796869629058449
0.0132263657126421036204
0.0444299796869629018271
-0.0128662070154975474479
0.00709663772805215874066
0.0132263657126421114349
0.0132263657126421006069
0.00709663772805216577113
0.00709663772805216534895
0.0444299796869628961947
0.00709663772805215950398
-0.0128662070154975571173
-0.012866207015497543012
0.0152807641249848958293
-0.0128662070154975467576
0.0444299796869629090571
0.0132263657126421078295
0.0444299796869629050392
-0.0128662070154975472572
0.0444299796869629089477
0.117734042133349181373
0.117734042133349116809
0.0444299796869629125228
0.0132263657126421086326
0.117734042133349120705
0.0132263657126420873239
0.044429979686962906511
0.044429979686962909533
-0.0128662070154975478731
0.00709663772805215895858
0.0132263657126421043417
0.0132263657126420935136
0.00709663772805216598905
0.0132263657126421020978
0.117734042133349108278
0.0132263657126420807892
0.0132263657126420913259
0.0132263657126420795129
0.00709663772805216633212
0.0070966377280521673132
0.0444299796869629075855
0.00709663772805216146822
0.0444299796869629142342
0.0444299796869629172561
0.00709663772805216227741
-0.0128662070154975620678
-0.0128662070154975479624
-0.0128662070154975533882
0.0152807641249849030402
0.00508823877139354838841
-0.00447262680341577319434
-0.00501818920765629332487
-0.00501818920765627755834
-0.00447262680341579042213
0.00508823877139355981522
-0.00447262680341577324849
-0.0294477914509030837252
-0.023604003238112268467
-0.0294477914509030742651
-0.00447262680341577879533
-0.00501818920765628858367
-0.0236040032381122743217
-0.0236040032381122693415
-0.00501818920765628703243
-0.00501818920765628072105
-0.0294477914509030706068
-0.00501818920765627929611
-0.00447262680341578865039
-0.00447262680341578320582
0.0050882387713935632096
-0.0139310226778505196938
-0.00559193492563600912618
-0.0214847559493850211497
-0.00559193492563600383021
-0.0139310226778505194691
-0.00559193492563600982514
-0.0690262856663000097284
-0.0690262856663000109002
-0.00559193492563599494608
-0.0214847559493850248033
-0.0690262856663000122929
-0.0214847559493850096868
-0.00559193492563599557697
-0.00559193492563599085839
-0.0139310226778505288278
0.0131396045467962611948
0.022544379593748657246
0.0225443795937486432638
0.0131396045467962593374
0.0225443795937486625914
0.207078856998900051057
0.0225443795937486306301
0.0225443795937486424539
0.022544379593748625285
0.013139604546796258875
-0.00310322613148369220001
0.0406316613021750816296
-0.00310322613148368974853
0.04063166130217507002
0.0406316613021750609664
-0.00310322613148369359328
0.0228762762846821077318
0.0228762762846820829187
0.0228762762846820889077
-0.0152647163141806845052
-0.000574689119340811449852
0.00578113763614183283143
0.00295280027065246242765
0.00295280027065245359106
0.00578113763614183427061
-0.000574689119340808123886
0.00578113763614183140691
0.0182232963301249633316
0.029071991589519230016
0.0182232963301249620367
0.00578113763614182847503
0.00295280027065246134885
0.0290719915895192329988
0.0290719915895192319509
0.00295280027065245694456
0.0029528002706524539528
0.0182232963301249607691
0.0029528002706524512646
0.00578113763614183430497
0.00578113763614182943089
-0.000574689119340805681735
-0.00203571204650558305387
-0.00221697241517711164579
0.0103776653172714785294
-0.00221697241517710212754
-0.00203571204650559401489
-0.00221697241517710973764
-0.0245421793391232211593
-0.0245421793391232321854
-0.00221697241517709996286
0.01037766531727147713
-0.0245421793391232332611
0.0103776653172714768238
-0.00221697241517709950011
-0.00221697241517709767045
-0.00203571204650559707451
0.00179994150550490950672
-0.0457864899911033423378
-0.0457864899911033528446
0.00179994150550492393185
-0.0457864899911033441116
-0.106215181965694523767
-0.0457864899911033158872
-0.0457864899911033524419
-0.0457864899911033217836
0.00179994150550492388237
0.00421500736377160910555
0.0782646807229144501055
0.00421500736377160723861
0.0782646807229144541779
0.078264680722914456293
0.00421500736377160645844
-0.00855145265605108897939
-0.00855145265605108208863
-0.0085514526560510866357
0.0230866799583536329912
0.000813689475811289654959
-0.00374436769861713828232
-0.00413809036863503589443
-0.00413809036863503059644
-0.00374436769861713849534
0.000813689475811285353222
-0.00374436769861713693948
-0.0108678542503802703327
-0.0209187187991723145612
-0.0108678542503802691891
-0.00374436769861713427109
-0.00413809036863503459229
-0.0209187187991723155908
-0.0209187187991723112538
-0.00413809036863503252231
-0.0041380903686350313855
-0.0108678542503802690997
-0.00413809036863503018998
-0.00374436769861713748728
-0.00374436769861713392955
0.000813689475811283803791
-0.00066592386582390619143
0.00985040033913190748386
0.0119760622461933880391
0.00985040033913189174224
-0.000665923865823892050227
0.00985040033913190348912
0.0578875819370582311166
0.0578875819370582238483
0.00985040033913189218818
0.0119760622461933879627
0.0578875819370582253234
0.0119760622461933753581
0.00985040033913188992353
0.00985040033913188922429
-0.000665923865823891226861
0.00461504679206542029696
-0.00354719386711723766244
-0.00354719386711721681322
0.00461504679206540938058
-0.00354719386711723033085
-0.0784994525253140839493
-0.0035471938671172142599
-0.00354719386711721489307
-0.00354719386711721072807
0.00461504679206541173768
-0.0174693749982612731486
-0.026570390240409543242
-0.0174693749982612673059
-0.0265703902404095614167
-0.0265703902404095711969
-0.0174693749982612741505
0.036237053169537435921
0.0362370531695373979325
0.0362370531695374113823
-0.017136552303116197983
-0.00092265184954056300822
0.0028302145321890139576
0.0034256913969449612655
0.00342569139694496128115
0.00283021453218901984265
-0.000922651849540570297386
0.00283021453218901467436
0.00423374381374579219038
0.00794843362332060386378
0.00423374381374578859855
0.00283021453218901682511
0.00342569139694496110282
0.00794843362332060408407
0.00794843362332059936721
0.0034256913969449621511
0.00342569139694496174284
0.00423374381374578868475
0.00342569139694496170147
0.00283021453218901948587
0.00283021453218901695435
-0.000922651849540569344149
0.000443905691243834181098
-0.012015623896279332907
-0.0143624794882522737252
-0.0120156238962793398849
0.000443905691243844882596
-0.0120156238962793353535
-0.0301599801055906128161
-0.0301599801055905880181
-0.0120156238962793404503
-0.0143624794882522743969
-0.0301599801055905886795
-0.0143624794882522658012
-0.0120156238962793396471
-0.0120156238962793403089
0.000443905691243843982471
0.00236316111012066423163
0.0297919601932052158345
0.0297919601932052266252
0.00236316111012064971417
0.02979196019320522144
0.0740840474521615928612
0.0297919601932052050217
0.0297919601932052273402
0.0297919601932052081311
0.00236316111012065012991
-0.0106610247884022502693
-0.0546514393566949049882
-0.0106610247884022448458
-0.0546514393566949184833
-0.0546514393566949264683
-0.010661024788402247825
0.0269494098483926396168
0.0269494098483926121285
0.0269494098483926223168
-0.0118207363035494786932
-0.000396035212167474041928
-0.000897489889772684995341
-0.00094809140630682669009
-0.000948091406306828496934
-0.00089748988977268711567
-0.000396035212167469576097
-0.000897489889772685641468
-0.000703802559604879269478
-0.0012406773953134825837
-0.000703802559604877837314
-0.000897489889772686994319
-0.000948091406306827251827
-0.00124067739531348260592
-0.00124067739531348119895
-0.000948091406306828135621
-0.000948091406306828240055
-0.000703802559604877858869
-0.000948091406306828115498
-0.000897489889772687596241
-0.000897489889772687125679
-0.000396035212167470305713
0.00192753932003599658455
0.00393583476005141768063
0.00411689930920834449653
0.00393583476005142612966
0.00192753932003598623979
0.0039358347600514205352
0.00544832719600808286
0.00544832719600807333883
0.0039358347600514249123
0.00411689930920834556689
0.00544832719600807344874
0.0041168993092083441256
0.00393583476005142537827
0.00393583476005142521933
0.00192753932003598798969
-0.00508508533430381489084
-0.0108697271140443398165
-0.010869727114044351478
-0.00508508533430380404754
-0.0108697271140443464549
-0.0163449815880242404576
-0.0108697271140443446331
-0.0108697271140443526712
-0.0108697271140443463365
-0.00508508533430380521113
0.0131553055867067001917
0.0254112484448812409619
0.0131553055867066946211
0.0254112484448812570526
0.0254112484448812664637
0.0131553055867066997762
-0.0320042401498079069782
-0.0320042401498078734345
-0.0320042401498078849109
0.0371333858715303594242
0.00719585627909737466235
-0.00632524948482400973629
-0.00709679123602182620378
-0.00709679123602180390654
-0.00632524948482403410006
0.00719585627909739082227
-0.0163573932777635253923
-0.0163425091717570780173
-0.0311333003123314609227
-0.0163425091717570690554
-0.0163573932777635271151
0.012162457406718391244
0.0155666501561657442332
0.0155666501561657311637
0.0121624574067183898223
-0.00506566617069658497699
0.0326850183435141311246
-0.00506566617069658187302
0.0226826427625875699014
0.022682642762587545508
-0.0143917125581947749326
-0.00966929741580384930098
-0.0332111470917867803023
-0.0326318344412017091086
-0.0332111470917867683959
-0.00966929741580385510482
-0.00790819021174222494065
-0.0976179093495210365016
-0.0976179093495210381587
-0.00790819021174220389853
0.0163159172206008624074
0.195235818699042106016
0.0163159172206008338518
0.0411193373035289756597
0.0411193373035289677252
0.0193385948316077188114
-0.000677041688441746841103
-0.0170651842850359685974
-0.0170651842850359682585
-0.000677041688441745852503
-0.0148173830917306038231
1.09450747752793243985e-17
-0.0148173830917305990896
0.0318825673767665801588
0.0318825673767665558782
0.00135408337688349967126
-0.00641974954758006803268
-0.0168686379200296989853
-0.00641974954758006565455
0.00843431896001484699351
0.00843431896001484879736
0.0128394990951601301581
0.00334404793097983786302
0.00334404793097983486507
-0.00668809586195966765878
-3.54558515309466030617e-18
0.0066924458107981676317
0.00343482682611444116205
0.00399877941279285479866
0.00399877941279285244204
0.00343482682611443929865
0.00669244581079816928363
-0.00448180803473453504522
0.0245857557107860681108
0.0320273728756411632206
0.0245857557107860559773
-0.00448180803473452991774
-0.000974764039160935369677
-0.0160136864378205901921
-0.0160136864378205815126
-0.000974764039160934569989
-0.00302401537363191530939
-0.0491715114215721201827
-0.00302401537363191158877
0.00104698120862009061817
0.00104698120862008831972
-0.0133848916215963390481
-0.00890368596922725648948
0.0130229935995232335528
0.0214522649741849870809
0.0130229935995232275361
-0.00890368596922725590395
0.0249008168681170284765
-0.0231006135988461124175
-0.0231006135988461282368
0.0249008168681170383627
-0.0107261324870924864006
0.0462012271976922400416
-0.0107261324870924864946
-0.0379238104676402664781
-0.0379238104676402722543
0.0178073719384545143816
-0.00162691943962987744736
-0.0583600384018097752532
-0.0583600384018097719244
-0.00162691943962986599614
-0.0424973765496255045121
3.29645007321629571879e-17
-0.0424973765496254884669
0.100857414951435291293
0.100857414951435220545
0.00325383887925974096039
-0.00231000321778686931213
-0.0152069753767964602904
-0.00231000321778686512693
0.00760348768839823097927
0.00760348768839822536458
0.0046200064355737278092
-0.00706075622144238531513
-0.00706075622144238095841
0.0141215124428847687392
3.06398617690414552199e-18
0.00141326993869708198807
-0.00361373004895845544737
-0.007039581138219701791
-0.00703958113821969297127
-0.00361373004895846211768
0.00141326993869708395393
-0.00296557852169645981282
-0.0145511039311139855306
-0.0170343511362953802289
-0.0145511039311139852069
-0.00296557852169645653507
-0.00261505149131372644828
0.00851717556814768979533
0.00851717556814769196505
-0.00261505149131373144829
0.00965463262953342293184
0.0291022078622279745576
0.00965463262953342303996
0.00657930857065492223955
0.00657930857065491385431
-0.00282653987739416813618
-0.00564905681618446144353
0.0100473478394244338362
0.0140190987600999973329
0.0100473478394244252413
-0.00564905681618445667081
0.0128966178743755440918
0.0357185914571358564517
0.0357185914571358435435
0.0128966178743755412467
-0.00700954938004999877273
-0.0714371829142717125988
-0.00700954938004998546136
-0.022943965713799970128
-0.0229439657137999724024
0.0112981136323689182058
0.013073860795704730729
0.0117191711575302543824
0.0117191711575302511554
0.0130738607957047311958
-0.0132267973456279542902
-6.3149894552099288876e-18
-0.0132267973456279508026
0.00150762618809770295483
0.00150762618809770219136
-0.0261477215914094631174
-0.0201134419339244250708
-0.0548954436109790567377
-0.0201134419339244230792
0.0274477218054895284201
0.027447721805489528903
0.0402268838678488496389
0.00203532676722600118705
0.00203532676722600097164
-0.00407065353445200240718
-1.03278020360714601073e-18
-0.000864517067464818637899
0.00415810141037114756398
0.00573903657168381449953
0.00573903657168381454611
0.00415810141037114615072
-0.000864517067464817246115
0.00322836401249457409635
0.00428143969468568137725
0.00478090773615958853951
0.00428143969468568592555
0.00322836401249457021669
0.000700835003475188458975
-0.00239045386807979187963
-0.00239045386807979397583
0.000700835003475189925836
-0.00643987157515900325309
-0.00856287938937137439524
-0.0064398715751590030607
-0.00738646542286571977806
-0.00738646542286571271892
0.00172903413492963227585
-0.0000598197345743516418684
-0.0173741236842271116135
-0.0200386552223788959033
-0.0173741236842271039294
-0.0000598197345743528728569
-0.0115817830673636689583
-0.0131627962114792531611
-0.0131627962114792509974
-0.0115817830673636679742
0.0100193276111894475715
0.0263255924229585124277
0.0100193276111894404962
0.0289559067515907723128
0.0289559067515907719341
0.000119639469148707854199
0.00378297520954068933381
0.0312456476714170613065
0.031245647671417054284
0.00378297520954068250336
0.0113834474867934784915
-1.69261608620479974901e-17
0.0113834474867934765176
-0.0426290951582105409566
-0.0426290951582105111421
-0.00756595041908136578571
-0.00559420901211656275079
-0.0248182534049224850549
-0.00559420901211656055865
0.0124091267024612436968
0.0124091267024612396724
0.0111884180242331185462
-0.00725883177852909767853
-0.00725883177852909258855
0.0145176635570581913712
3.54319977782557881481e-18
-0.00120277946348388026947
-0.0013921276176197302701
-0.00153115838337721050584
-0.00153115838337721384049
-0.00139212761761972745088
-0.00120277946348388219047
-0.000576248317242607024397
-0.000518620335059026662234
-0.000564593832958715957733
-0.000518620335059028255296
-0.000576248317242605821372
0.0000872540065427975355259
0.000282296916479357264259
0.000282296916479357502381
0.0000872540065427984292611
0.00144390437683441479072
0.00103724067011805743507
0.00144390437683441392188
0.00196837593486233438013
0.00196837593486233371931
0.00240555892696776656464
0.00410839763248559028756
0.00581117572794077326718
0.00588158637761857703375
0.00581117572794077568794
0.00410839763248558921312
0.00179232988613065103306
0.00176116530579217753895
0.00176116530579217968913
0.0017923298861306485103
-0.00294079318880928840913
-0.00352233061158435902987
-0.00294079318880928835277
-0.00760350561407142330531
-0.00760350561407142107902
-0.00821679526497118397999
-0.00817222770559546249675
-0.013250306588463916163
-0.0132503065884639177053
-0.00817222770559546137848
-0.000518588578296957140192
7.08606840675774369484e-18
-0.000518588578296953019318
0.0137688951667608733625
0.0137688951667608645658
0.0163444554111909242845
0.0138757521478346522146
0.0221489132374363444196
0.0138757521478346541701
-0.0110744566187181690149
-0.0110744566187181783573
-0.0277515042956693146814
-0.0156257173859756364324
-0.0156257173859756265149
0.0312514347719512628352
8.56582432195060105098e-18
0.00308991121878758283807
0.00743258519048212301963
0.00501799319749369582464
0.00501799319749368603884
0.00743258519048212339016
0.00308991121878758693769
-0.00590280554405815351906
0.00731577606297047775538
0.0238216819716495116357
0.0073157760629704823907
-0.0059028055440581628205
0.000979532411625411144567
-0.06718133884960520983
-0.067181338849605217036
0.000979532411625429084176
0.00265273911968256326941
0.0600996133164147197414
0.0026527391196825636563
-0.0104170430579272091737
-0.0104170430579272015301
0.0194829885864699523032
0.00222070293922623372331
0.0285579264553056841184
0.0432493957217311917857
0.0285579264553056775162
0.00222070293922623276601
0.0114210051889358711403
-0.0361901044270983641621
-0.0361901044270983833829
0.0114210051889358859275
-0.060705434266244646497
-0.092774820489469493866
-0.0607054342662446138986
0.0701558177853394563863
0.0701558177853394553324
0.000210511515518283892415
0.00217761838473741502201
0.0106138772354531527933
0.0106138772354531554173
0.0021776183847374133935
-0.00233793193126796346329
-0.00789774639591278906129
-0.00233793193126796051464
0.0108417524433511867534
0.0108417524433511777435
0.00629183791451349538794
0.00134101503070884592537
-0.00229722367863593854041
0.00134101503070884545873
-0.0134831696020464013942
-0.0134831696020464027448
0.00378202785242778458134
0.00447782169616075780286
0.00447782169616075322013
0.00698186778632184582942
-0.0051066274650535995125
0.00196056910618395533725
-0.00295479894964905140669
-0.00966048241791685566902
-0.00966048241791684370601
-0.00295479894964906514787
0.00196056910618396478674
-0.00726309454581052338327
-0.00550138303919897148189
-0.000794163086207984809668
-0.0055013830391989686933
-0.00726309454581052752161
0.0107095477776305594978
0.0331696375211761621709
0.0331696375211761414469
0.0107095477776305635267
0.00166333601130869135038
-0.0104782259957861269278
0.00166333601130868846241
-0.019830204062775939339
-0.0198302040627759175496
0.0111608757851992324354
-0.00536755117686366470584
-0.00269576221227755475879
0.00552712007444114510671
-0.00269576221227755685297
-0.00536755117686366446159
0.0148905471268445393257
0.00337611074200663673635
0.00337611074200661862683
0.0148905471268445473337
-0.0239821019117726724623
-0.0257879970582990724928
-0.02398210191177266403
0.0284584166798675016746
0.0284584166798675084706
-0.0238185921601232848244
0.0106592969202404896093
0.0395865569607516490733
0.0395865569607516364178
0.0106592969202404870073
-0.028933395778236729098
-0.0986982665590633438075
-0.0289333957782367065483
0.00755386990184264447277
0.00755386990184263771703
0.0350274171724091149368
0.00311004434787136258936
0.00264152737044939842411
0.00311004434787136117844
0.00168312419996139571768
0.00168312419996139812538
0.0104357727204756719647
-0.00228210238896752723735
-0.00228210238896752448726
-0.00501476211499624048994
0.00309893222706927836994
-0.00101959140986222356859
0.00530432227819711343211
0.00824594900494100586325
0.00824594900494100989041
0.00530432227819711552291
-0.00101959140986222755404
0.0028032316174733618527
-0.00120249891069148840702
-0.00525492059107362624011
-0.00120249891069149313123
0.00280323161747336670181
-0.00594558538282108068091
-0.0128538455294917483571
-0.0128538455294917360752
-0.00594558538282108323008
-0.000518169309356093885324
-0.0028987566454725475424
-0.000518169309356093482203
0.0134492923750368460534
0.0134492923750368337327
-0.00361967616515061234804
0.000252191206724607211271
-0.0176733496444559218438
-0.0218512547945461263029
-0.0176733496444559206327
0.000252191206724610014929
-0.00153192046874794968328
0.024009544785671009456
0.0240095447856710204981
-0.00153192046874795928319
0.0191519291764902523294
0.0401306119388528977763
0.0191519291764902403514
-0.0286534777257403747684
-0.028653477725740374717
-0.000135817721659481999001
-0.00151347981490382454821
0.0148296195262134435565
0.0148296195262134402122
-0.00151347981490382763068
-0.00649084804047886186375
-0.0565957909802383241544
-0.00649084804047885212033
0.00822019778483690588066
0.00822019778483690136543
-0.00249812356400981053581
0.00923144734366665263623
0.0136183177765016533141
0.00923144734366665210798
-0.0225449908005384206314
-0.0225449908005384205149
0.0285278186115077927955
-0.0013142717326955604577
-0.0013142717326955597521
0.00110205990946244065223
0.00100413956689045273414
-0.00232177358880972438915
-0.00190009773434618687379
-0.00217749156986768842672
-0.0021774915698676949553
-0.00190009773434617941864
-0.00232177358880973007107
0.000936512535738832664723
0.000686256511028282666082
0.00145824070025445407352
0.000686256511028281808507
0.000936512535738834771799
0.00189721675719468032427
0.00222824866303917460945
0.0022282486630391710328
0.00189721675719467971268
0.000845676490902221529887
0.00109034440492546069308
0.000845676490902223891302
-0.0014169973341605757812
-0.00141699733416057712129
-0.00724860032904228630671
0.00632760515900036004056
0.00694168145885033048824
0.00703730717432910655421
0.00694168145885032850005
0.00632760515900036171386
-0.0054181194051163254651
-0.00727980134380349654214
-0.00727980134380348542112
-0.00541811940511633010793
-0.00697408289394795370784
-0.00970640179173798634098
-0.00697408289394794782144
0.00144409603189211487417
0.00144409603189210849358
0.0198478057053042323497
-0.00866333504967196107607
-0.0115082838514225346565
-0.0115082838514225252773
-0.00866333504967196294155
0.016387755665267163849
0.0242660044793449800602
0.0163877556652671562129
0.0092319537977551831534
0.00923195379775517800969
-0.0268255654290248607775
0.00688801918084233007813
0.00864344542307602883197
0.00688801918084233042376
-0.0320327608222246071306
-0.0320327608222246100178
0.0203339383656028477611
0.00397569261540102637934
0.00397569261540102137737
0.0103095722597165954541
-0.00540203350982985175569
0.0018925836394633135874
-0.00579005728920424722247
-0.0094756738671458279065
-0.0094756738671458159698
-0.00579005728920425408221
0.00189258363946331311509
-0.0049694787432607395808
0.0125258576734164508118
0.0178619665030858385331
0.0125258576734164329745
-0.0049694787432607254175
0.0131321628441857997024
0.011484203061555146439
0.011484203061555158815
0.0131321628441857907002
-0.0246870397143928778215
-0.0516664612694593622591
-0.0246870397143928722827
0.0296220382862352198096
0.0296220382862351898859
-0.0130704449682701868497
-0.00625278367194109388616
-0.0176567405844782370146
-0.0260179208222118065227
-0.0176567405844782358743
-0.00625278367194109031178
0.0186563515557076367832
0.0691598442979942000343
0.0691598442979941828416
0.0186563515557076274516
-0.0160355667220815643844
-0.0823813051046416999989
-0.0160355667220815451005
-0.00538548703916462440759
-0.00538548703916463150214
0.0257479601768759358196
-0.00229462348469437796796
-0.00502292744776480064745
-0.00502292744776479969914
-0.0022946234846943786001
0.000410265801312130904593
-0.00155935875656921834108
0.000410265801312130571076
-0.00050403549392653727963
-0.000504035493926535670816
0.0107357525513095474663
0.0017749238157780697125
0.00421807597945779682976
0.00177492381577807031665
0.00038068777164011257944
0.000380687771640111875966
-0.00385898135614129444723
-0.00235269363875951968494
-0.00235269363875951812396
0.00187923663380641711519
0.000887858331810794181851
-0.000935164774251128710986
0.00621046492410686463971
0.0100134841957412117964
0.01001348419574121646
0.00621046492410686169944
-0.000935164774251126878168
0.000941556984375608043744
-0.0140467938429392562343
-0.0189558641445933141933
-0.0140467938429392483203
0.000941556984375603977382
-0.00372604191156548091168
-0.000362444902782748946202
-0.000362444902782756252479
-0.00372604191156547797674
0.0100101278834760623902
0.0317285311941358552342
0.010010127883476059671
-0.0173573401475142047098
-0.0173573401475141880629
0.00722057842655310555123
0.00178261389057099903645
-0.00889719407414647568989
-0.0157462818263000061112
-0.00889719407414647271205
0.0017826138905709991325
0.0012069201497386204416
0.043942428014203869354
0.0439424280142038640069
0.0012069201497386138621
-0.00838901003194492082278
-0.0677476015119591873934
-0.00838901003194491042306
0.0168067017739070861701
0.0168067017739070896604
-0.0100905774692467065209
-0.00692341572130009770697
-0.0108402204928356445256
-0.0108402204928356366384
-0.00692341572130009961852
0.0227789857829705989181
0.0290504240773821125934
0.0227789857829705870454
-0.0371244639909268530599
-0.0371244639909268269361
0.0313735994409372798985
-0.000939826177326722645482
0.00150442862204241610004
-0.000939826177326722945526
-0.00132383290246105721195
-0.00132383290246105620455
0.00712905295598870556255
0.000153222415439892715375
0.000153222415439892686976
-0.00204950828747717991976
0.000621704433464431635187
-0.00334597073187406567612
-0.00237426637236735000954
-0.00279352327694585031686
-0.00279352327694586094985
-0.00237426637236734133027
-0.00334597073187406855903
0.00401235092359348908861
0.00335946045322096900924
0.00447842821697884676642
0.00335946045322097215403
0.00401235092359348385834
0.00122406399473607476696
0.00117566148319993656246
0.00117566148319993424173
0.00122406399473607843067
-0.00441954870736040186528
-0.0038750581095544609641
-0.00441954870736040540313
-0.00412564246269031867218
-0.00412564246269031052109
0.0148466394007123704487
0.00684239677987886824464
0.00650706799877589951581
0.00716374607716048112467
0.00650706799877590130617
0.00684239677987886535892
-0.0144128177380677969203
-0.0171233140445968049894
-0.0171233140445967956028
-0.0144128177380677952082
0.00562563113879050121593
0.00622665965258064326739
0.00562563113879049473715
0.019940913156391548701
0.0199409131563915578146
-0.0307055791072853439047
-0.00445937404094966884212
-0.00579222428988349281775
-0.00579222428988348635162
-0.00445937404094967007452
0.0206122575620431967719
0.0280199684366129568137
0.0206122575620431861282
-0.03373015714595109344
-0.0337301571459510707482
0.0199268279731560385334
-0.00234134022808886865125
-0.00212577830395740563671
-0.00234134022808886942993
-0.00153450052843828453161
-0.00153450052843828301961
0.0097686415039209015864
0.00209850355734878809921
0.00209850355734878677427
-0.00344889281711980620592
-0.000166857884735800678188
-0.00156933647930438274487
0.00657453559936564776464
0.00907421357076252153637
0.00907421357076252303309
0.00657453559936565170079
-0.00156933647930438835657
0.000530037579541873332652
-0.0249083970621792347642
-0.0298921790378872112665
-0.0249083970621792347959
0.000530037579541881353112
0.00313852878719114754689
0.044369020179376570355
0.044369020179376573788
0.00313852878719113163178
-0.00883535401249297488812
-0.0518172246465844224079
-0.00883535401249296969228
0.0153640731342508855383
0.0153640731342508683088
-0.00849034377529140068985
0.0049006205766382554719
0.0042070460162937228265
0.00576756202780644019723
0.00420704601629372214354
0.00490062057663825585458
-0.0164003520752175300267
-0.0208122082024549333837
-0.0208122082024549107423
-0.0164003520752175364063
0.0288857405211047643946
0.0416244164049098651538
0.0288857405211047528167
-0.0395797307536489924518
-0.039579730753649000728
0.0289898828340857203783
0.00109111401784219631859
0.00125504719268464973739
0.00125504719268464786531
0.00109111401784219736031
0.000261836508724931681226
-2.78744435600071526886e-18
0.000261836508724931159016
-0.00386347457598461122106
-0.00386347457598460694096
0.00718145913440925326434
-0.000828510918317126863483
-0.000962980606670313249179
-0.00082851091831712681869
0.0014375177304365230158
0.00143751773043652249076
-0.00120286179285987437502
0.000270802769862718413601
0.000270802769862718415255
-0.000120855776206025384284
-0.000202414974665253863024
-0.00384972408555659307012
-0.00265451050265261470687
-0.00312325397198944708211
-0.00312325397198945820513
-0.0026545105026526016859
-0.00384972408555660247098
0.00785424999405351963808
0.00716119468175683013923
0.00771096113452731363753
0.00716119468175682550343
0.00785424999405352469072
-0.00615829362121155573171
-0.00631594963484164296044
-0.00631594963484162801375
-0.00615829362121156298757
-0.00176301462322938751533
-0.00582332574930245641102
-0.00176301462322938441184
0.0183379808748265145867
0.0183379808748264943347
-0.023371725495902154751
0.00450791528141909125037
0.0038699194785435653785
0.00530538542927077286472
0.00386991947854356475026
0.00450791528141909160237
-0.01508612972262425652
-0.0191444471018976724293
-0.0191444471018976516022
-0.0150861297226242623884
0.0265710166853031094027
0.0382888942037953433742
0.0265710166853030987526
-0.0364080569610679888019
-0.0364080569610679964149
0.0266668136801504897923
0.00100367891736999804168
0.00115447550577080484303
0.00115447550577080312096
0.00100367891736999899992
0.000240854557184313630541
-2.56407275937750596343e-18
0.000240854557184313150177
-0.00355387971953593041389
-0.00355387971953592647677
0.00660598160347639377836
-0.000762119199210968239519
-0.000885813321931813472382
-0.000762119199210968198316
0.00132232398795317621536
0.00132232398795317573239
-0.00110647191976406162859
0.000249102317844035996405
0.000249102317844035997927
-0.000111171144937043181708
-0.000186194695796566869384
-0.0022894936969565039581
-0.00247430050065937767741
-0.00274973417058506468939
-0.00274973417058507173421
-0.00247430050065937357714
-0.0022894936969565044945
0.00692602418453315406589
0.00953738821093793654603
0.00985049386926385099688
0.00953738821093794348107
0.00692602418453314639662
-0.0120275236823704565215
-0.0203270116244165873073
-0.0203270116244165925513
-0.0120275236823704489902
0.0198183383130632068892
0.0341266962544080076592
0.0198183383130632042269
-0.0304748419298018443786
-0.0304748419298018166069
0.0241451196688391922248
7.72195337616885078603e-25
1.50824885012803745143e-24
4.6493265888180318341e-25
1.24421354714830656792e-24
-8.17566044944500043262e-25
-7.78684905806114912155e-25
3.77988619823034426977e-24
1.9639411253451813405e-24
2.06045844864483239777e-24
-3.08963797025686259803e-25
-6.22276591181848739091e-24
-3.10971921638649805027e-24
-2.38273049092117765603e-25
1.21234143614477072428e-24
-1.66326470202871709265e-24
1.83432597803859560297e-25
-5.07876759270640774737e-25
-5.23075329342445720427e-25
3.59136898336548205582e-25
1.51274001358481471708e-26
1.14770751943448468776e-25
-4.69936361991079152313e-25
-4.33428867257926174254e-25
1.17988621474361598085e-24
1.16829137405415536023e-25
-1.04275117040163778694e-24
-2.18573373191386567702e-24
-1.07200641592389620067e-24
1.92849366429210920959e-24
1.16237638193262244461e-24
1.4236585212299560218e-24
3.52893949409840014806e-25
4.49942727320754088295e-25
-1.05096753426769458313e-24
7.22003745369641080273e-26
0.0124635886793601875938
-0.0225397753170693851842
0.0099466617850526707128
-0.00994666178505267939303
0.0225397753170694080608
-0.0124635886793602079919
-0.0167477143976667145603
-0.0283060562086436266475
9.04885595975839949429e-18
0.0283060562086436101348
0.0167477143976667238648
-0.00117267060322333233315
-0.0269622289741290373066
0.0269622289741290488771
0.00117267060322332553428
-0.0111193323882759853873
-6.01150254049556784289e-18
0.011119332388275986046
0.00579206091940265659044
-0.00579206091940265332189
-7.25752306627266099461e-19
-0.0167477143976667150386
-0.0283060562086436316615
9.04883844479195871481e-18
0.028306056208643615149
0.0167477143976667243431
-0.042914725174630840328
-0.169079178722023375413
0.169079178722023408425
0.0429147251746308068693
-0.0282599975981686546979
1.71133202432912111813e-17
0.0282599975981686374581
-0.0146086689659872122339
0.0146086689659872118875
8.12508269601197657607e-20
-0.00117267060322332603117
-0.0269622289741290336416
0.0269622289741290452121
0.0011726706032233192323
-0.0282599975981686458303
1.71132862894658930979e-17
0.0282599975981686285905
-0.0012977686240396083276
0.00129776862403960823596
-4.04326791988583821342e-20
-0.0111193323882759894435
-6.01148980884412500765e-18
0.0111193323882759901021
-0.0146086689659872158738
0.0146086689659872155275
-4.04293830189720813953e-20
0.00579206091940265843879
-0.00579206091940265517023
8.12485743000740704003e-20
-7.25753062630578915392e-19
0.0115916561712039172542
-0.00319204795794350004868
0.0011831358095940232653
-0.00118313580959402250341
0.00319204795794350374681
-0.0115916561712039190638
0.00137862331004362775868
0.0425837780335581423144
-1.83920074515381033905e-18
-0.0425837780335581366413
-0.00137862331004363027592
0.00405461246040584207036
0.027736518526781912938
-0.0277365185267819224268
-0.00405461246040583875814
0.00287147665081181899994
-1.61473389235012152952e-18
-0.0028714766508118134702
0.00457067126798712956208
-0.00457067126798713126495
8.62932248160908959268e-19
-0.0154216364733397556121
0.0362718155040373971505
4.6028222028833834415e-18
-0.0362718155040373936664
0.015421636473339752096
0.0294141510425279662928
-0.0400114364392179987485
0.04001143643921800766
-0.0294141510425279747349
0.0185782064363593251232
-8.76077032204023656507e-18
-0.0185782064363593159592
-0.00685766446150943327146
0.00685766446150943327824
2.87970993283310864233e-20
-0.00281790712926043084725
-0.0827659274627601254181
0.0827659274627601396928
0.00281790712926041304185
-0.0919242395531827130921
5.35066718729292837307e-17
0.0919242395531826606093
-0.00915831209042258241885
0.00915831209042258185809
-1.07116498671709916546e-20
-0.00400104293885445715124
9.92013219604568935413e-18
0.00400104293885444683809
-0.0131696269910301648674
0.0131696269910301632849
-6.65968775738522735846e-20
-0.0122295885153962524123
0.0122295885153962513398
3.83840806536154007803e-19
-5.35647772989225341399e-19
0.00244785533863310032677
-0.00551074313215365540853
-0.0070839054300427783836
0.00708390543004277826348
0.00551074313215365757679
-0.00244785533863310323289
-0.00588495359089403137822
-0.0252032513149046419146
-4.97448660258713106106e-18
0.0252032513149046487897
0.00588495359089402950798
-0.00963840881272142264217
-0.0147521808210161190121
0.0147521808210161247176
0.0096384088127214200157
-0.00255450338267863878169
4.24067737813791638317e-19
0.00255450338267863610476
-0.000374210458740381583322
0.000374210458740382461369
-3.15426425086906802241e-19
-0.00978445342047476723823
0.0206925705825464238214
-4.76694708496311046065e-18
-0.0206925705825464118963
0.00978445342047476238939
0.0190475437608734615869
0.0618664151785549644528
-0.0618664151785549696816
-0.019047543760873456673
0.0121408956644095198339
-1.45407010567062753148e-17
-0.0121408956644095064623
-0.00164502682167296108442
0.00164502682167296174178
-1.11418624830371315609e-19
0.0226445911492434625145
-0.00850692339355046265549
0.00850692339355046497668
-0.0226445911492434679469
0.0058956382369438538476
-1.10215304010346843912e-17
-0.00589563823694384396013
0.0144025616304943146606
-0.0144025616304943130708
-7.13193718588412070848e-20
-0.0348375033446435202365
-1.28480814094583528863e-18
0.0348375033446435218611
-0.0475408487191240182145
0.047540848719124018782
-7.44757034992520716548e-20
0.00352528937084034552197
-0.0035252893708403458139
-9.1354397106650097858e-20
3.44732441666177647315e-19
-0.00149738748485951552649
0.00612847463190723057727
0.00412268886537858162926
-0.00412268886537858271198
-0.00612847463190722892117
0.00149738748485951414512
0.00666525876884693132806
0.00741567108073778143194
4.13022048817051164325e-18
-0.00741567108073779287622
-0.006665258768846922933
0.00703149589701542586036
0.00414038755266375580075
-0.00414038755266375461842
-0.00703149589701542736242
0.00290880703163684453956
-8.49037224080489765163e-19
-0.00290880703163684398614
0.000536784136939700829336
-0.000536784136939700656135
-3.86270351270325228939e-21
-0.000103610819578064978586
-0.023404446129298902824
9.46935359597286013775e-19
0.0234044461292989001803
0.000103610819578064063739
-0.0267486555436830123359
-0.0227986318079572002648
0.0227986318079572073352
0.0267486555436830046507
-0.0173539844802578318547
5.68445648043560892661e-18
0.0173539844802578253305
-0.00334420941438410602454
0.0033442094143841061787
-3.32023770331500971931e-20
0.00655230526669799808595
0.0311841560357092086201
-0.0311841560357092198967
-0.00655230526669798410987
0.0426516026589998676028
-2.81283276254272478793e-17
-0.0426516026589998406512
0.0114674466232906488965
-0.0114674466232906478643
-4.55995947332272855099e-20
-0.0096894542371455888434
1.02114170865225441953e-17
0.00968945423714558212495
-0.0214932379262225082122
0.0214932379262225092294
-1.52549796967760193668e-20
-0.0125726654440079475025
0.0125726654440079447225
-2.25995532954091691771e-19
1.19979905584534760081e-19
-0.00208327514105451361815
-0.00146913949693923970678
-0.000783262456484071497215
0.00078326245648407166477
0.00146913949693923581783
0.00208327514105451932194
-0.00194018763063821519722
-0.000898276770160628811321
-9.96460793480592846305e-19
0.000898276770160632698071
0.00194018763063821171902
-0.00171765328546421262871
-0.000488952602162276345666
0.000488952602162275179444
0.00171765328546421367448
-0.000934390828980144054327
4.5278598077040610306e-19
0.000934390828980143981405
-0.000471048133698975088267
0.00047104813369897491235
1.92163713505358568035e-20
0.007115953437160723866
0.00542468815530311300268
2.60308812431139114452e-18
-0.00542468815530311255948
-0.00711595343716072902352
0.00774496988390379331487
0.00305042779015963004357
-0.00305042779015963312276
-0.00774496988390378991743
0.00509360321757018299337
2.856559948872677747e-19
-0.00509360321757018270434
0.00232028172860068300445
-0.00232028172860068318984
3.29056499508148784098e-20
-0.0141547135971133651051
-0.00824888258625154865117
0.00824888258625153964594
0.0141547135971133736321
-0.0155995434066678441562
1.19461212867125361381e-17
0.015599543406667832901
-0.00735066082041630178819
0.00735066082041630106017
3.46109285472226087682e-20
0.0240335077132825823042
2.1469716015703398283e-17
-0.0240335077132825978123
0.0191815215298373180832
-0.0191815215298373185662
2.41400145469059514558e-20
-0.0270645364172221340762
0.0270645364172221289478
9.9399103295907287745e-20
-1.19434384667053693511e-19
0.0141968214466166625174
-0.00390944436572729643074
0.00144903951496001595753
-0.00144903951496001502439
0.00390944436572730095996
-0.0141968214466166647337
-0.0154582315112308055666
0.0457121439707061285672
4.32225986592964854352e-18
-0.0457121439707061238532
0.0154582315112308014642
-0.00204837011778918472574
-0.0788109278523307915605
0.0788109278523308041927
0.00204837011778916722928
-0.00349740963274918454352
9.79510244667090456796e-18
0.00349740963274917514646
-0.011548787145503509122
0.0115487871455035076798
-3.7054695730514325449e-19
-0.00174087683940069701354
0.0508658397950037406863
-9.3758731141429253871e-19
-0.050865839795003734185
0.00174087683940069372666
0.0360248306356736852888
-0.049003801575942790556
0.0490038015759428014703
-0.0360248306356736956281
-0.0900275236156794359301
5.28218289149274567473e-17
0.0900275236156793842356
-0.0148410091593300288039
0.0148410091593300271902
3.97626526576032498526e-19
0.00356301862953215211299
0.0114139414822809936182
-0.0114139414822810003888
-0.003563018629532152367
0.000197345718932343593071
1.98057415466392442768e-18
-0.000197345718932344953123
-0.0112165957633486433618
0.011216595763348642675
-7.01549894155939032261e-20
0.00211397911457214154688
3.76920583503964336317e-19
-0.00211397911457213800827
-0.00968731333503243703953
0.00968731333503243672345
-2.45193609538633074806e-20
0.002168567526326599446
-0.00216856752632660140292
1.07730595157229797364e-19
7.71395686354325753487e-19
0.00796769930663488547171
-0.0108834360938332458142
-0.00783424919764843639314
0.00783424919764844000509
0.0108834360938332303639
-0.00796769930663486650918
-0.0146145295271216978297
-0.00431007243105009025208
-1.51688295959654772312e-17
0.00431007243105013182779
0.0146145295271216664534
0.00980671442755171629398
0.0294135141350640009075
-0.0294135141350640135948
-0.00980671442755170580958
0.0176409636252001540656
1.01307867602467649064e-18
-0.0176409636252001513797
-0.00373109343328845679079
0.00373109343328845562262
8.95165797796028581014e-20
-0.0159790702177706639862
0.0117501197081513321888
-1.5096206472814082611e-17
-0.011750119708151288846
0.0159790702177706315676
0.026980310354642583153
-0.0252568582337726931375
0.0252568582337726739388
-0.0269803103546425617423
-0.0255557358859754633832
4.2525377106525485636e-17
0.0255557358859754259037
0.0152301906464912580057
-0.0152301906464912604658
4.41687545955728301693e-19
0.0211034111808521051728
0.0315988989935807974316
-0.0315988989935808113032
-0.0211034111808520956703
-0.0277411207444922637863
4.37567967127266616655e-17
0.0277411207444922250877
-0.0593400197380730234911
0.0593400197380730172774
2.89756975071175784899e-19
0.00634426687189976683295
4.1508094775535936082e-19
-0.00634426687189976264177
-0.000830001492710160704947
0.00083000149271015821345
2.88649007558450060727e-19
-0.00236655274263949114072
0.00236655274263948956314
4.48712217323545654284e-19
3.20523449186187127609e-19
-0.00225173945007238377625
0.0092197590662825744011
0.00470028019652867032833
-0.00470028019652867222967
-0.00921975906628257539919
0.00225173945007238764767
0.00705375101692779779151
-0.00146900228968625561556
9.80752299278724196391e-18
0.00146900228968624218043
-0.0070537510169277966212
-0.00758994910195373624276
-0.00658086203812118410155
0.0065808620381211805792
0.00758994910195374062662
-0.0122902292984824134793
1.90089280192246410561e-18
0.0122902292984824125137
-0.00216600804935476870408
0.00216600804935476816482
4.22024070855202403008e-20
-0.000336025588875809519608
-0.0234879575747496197457
-4.2997829850267579235e-18
0.0234879575747496286482
0.000336025588875801881328
-0.0095090698551992024104
0.0139612536907703804406
-0.0139612536907703942104
0.00950906985519921676013
0.035509798954964393562
-9.3042162761754120904e-18
-0.0355097989549643827596
0.0139788877195504032555
-0.0139788877195504034389
-2.69810129375332262315e-20
-0.000852726500403325962802
0.0127401394009604557814
-0.0127401394009604575293
0.000852726500403329999145
-0.00572392713235727672947
1.39307718838103994628e-17
0.00572392713235726452847
-0.0184640665333177152677
0.0184640665333177130424
1.60399918972974153521e-19
0.0167111477188065619837
-3.50821518183463690793e-18
-0.0167111477188065594706
-0.0313183439126123827325
0.031318343912612381956
1.39542317163069619937e-19
0.00209260458607699797043
-0.0020926045860769967903
1.05505330666218127386e-19
-2.53638216988671439271e-19
-0.00426675711708587265228
-0.00203819933539029381054
-0.000910660583711523895803
0.000910660583711524433839
0.002038199335390296838
0.0042667571170858664711
0.000418377219139168437569
0.000349950381476706287259
-1.54724100425996883939e-18
-0.000349950381476709520064
-0.000418377219139161412881
0.00261814034053648095898
0.000666846456887868942539
-0.000666846456887864687845
-0.00261814034053648499376
0.00352880092424800583918
-1.75642481687357125689e-18
-0.00352880092424800544868
0.00245657655452946164209
-0.00245657655452946100688
-3.40331675126777085488e-20
0.0117088371373594068233
0.00594285289469102812647
7.91757721764589081464e-18
-0.00594285289469105123013
-0.0117088371373593892876
-0.00476104863922094598298
-0.00210149763274595911904
0.00210149763274597043595
0.00476104863922093378104
-0.0121342197414609084656
-5.18126309794140265054e-18
0.0121342197414609116538
-0.0107039015339119734055
0.0107039015339119740995
-1.00546674627113894555e-19
-0.0157289528979050978933
-0.00619710620171349700028
0.00619710620171350196603
0.0157289528979050935133
0.0179615726847143527228
-2.21400643758253035991e-17
-0.0179615726847143327449
0.0241586788864278390833
-0.0241586788864278364642
-1.45026206646945865873e-19
0.0116445075912351590701
-3.29587307736179180907e-18
-0.0116445075912351576491
-0.0352266279380055827396
0.0352266279380055838665
-1.29802048037430932004e-19
0.00548530067649042656209
-0.00548530067649042559989
-1.97247784149051291825e-19
6.60448830366907651751e-20
0.00518334515674020926665
-0.00922549022846188979703
-0.00972657212351099658395
0.00972657212351099771625
0.00922549022846188659137
-0.00518334515674020557477
-0.0150244725205615646734
0.022236871572945417053
-9.95896781959936982676e-18
-0.0222368715729453904885
0.0150244725205615487937
0.0280968998901404010331
0.0022093220638772857007
-0.00220932206387728803718
-0.0280968998901404029773
-0.030659112556799867476
-1.04183080736613929986e-18
0.030659112556799870319
0.00247310602609728992815
-0.00247310602609729070454
4.18956751195836557269e-19
-0.0110853828452296719936
-0.0241249097010798471379
-1.01686580596447900405e-17
0.0241249097010798686012
0.0110853828452296591227
0.028202359969209118007
0.052495394040550260994
-0.0524953940405502728209
-0.0282023599692091057256
-0.00345798889611382732537
4.06928325878236497265e-18
0.00345798889611382388383
-0.0450324710051640685488
0.0450324710051640682521
6.39875908706128413663e-20
-0.00451385466721734609387
-0.00409934061786073851283
0.00409934061786073959502
0.00451385466721734698399
0.00285067378562420536413
5.1440687751052975053e-19
-0.0028506737856242052862
-0.00629817722816491648434
0.00629817722816491590579
2.64235646131863504197e-20
0.0019516420005578797611
6.84430181805606804765e-19
-0.00195164200055788126343
0.0013293102688611837256
-0.00132931026886118393158
2.96119745875949878752e-20
-0.00146598364923460105412
0.00146598364923460145959
4.37215275966024670075e-20
-2.47905528541439135963e-19
-0.00282523231945546242297
0.0115696355385785173564
0.00523937440454594779279
-0.00523937440454595029823
-0.0115696355385785201397
0.00282523231945546989114
0.0029334155337888070073
-0.0158570377394387554009
2.5571701839051923029e-19
0.0158570377394387599183
-0.0029334155337888154508
-0.00999656054115306507076
-0.00644094936264893778066
0.00644094936264893911428
0.00999656054115306545057
0.0147572346597817827117
-7.52453039800679025786e-18
-0.0147572346597817773638
0.00705591487800012244342
-0.00705591487800012015624
-3.06105312065864134119e-19
0.00411299413663840571693
-0.0158570377394387612327
5.72117261642314720943e-18
0.0158570377394387583367
-0.00411299413663841316402
0.00154902415517346612897
0.0386905611676364716486
-0.0386905611676364996346
-0.00154902415517343675489
-0.00254863371058331199493
2.2268496974018395625e-17
0.00254863371058329323431
-0.0139532827076806007476
0.0139532827076805992689
2.14424885536567200716e-19
-0.013266475207846153116
-0.00644094936264893094958
0.00644094936264892735238
0.0132664752078461587638
0.0362972421094982455598
3.79104778109858175868e-19
-0.0362972421094982426492
-0.0388381477500240463454
0.0388381477500240418955
2.6424574193077633452e-19
-0.00279514172380692735218
-1.37640721740236343312e-18
0.00279514172380692869379
0.000979738531506444594289
-0.000979738531506445514278
2.83888963028251811531e-19
0.000763048298568854531368
-0.000763048298568854012825
8.96170424933100927935e-20
-1.28600130390474318982e-19
-0.00630210501438641094198
-0.00258520947927976915682
-0.00100436576333788016867
0.00100436576333787700116
0.00258520947927977057453
0.00630210501438641563544
0.00601098755694051953815
0.00250611074380544173486
6.8048838778814006937e-18
-0.002506110743805446646
-0.00601098755694052486127
0.00352264228296772560911
0.00114411195769067440268
-0.00114411195769068127261
-0.00352264228296771889241
-0.00435110360667133948668
4.99247767617042451856e-18
0.00435110360667133703931
-0.00761668221164084493523
0.00761668221164084349562
-3.18302399498550764796e-20
0.0130070003915878997245
0.00548678499447216707082
1.37235507363446775761e-17
-0.00548678499447218759323
-0.0130070003915878958655
-0.0220408869330232938635
-0.00808866815978165402852
0.00808866815978163812565
0.022040886933023310665
0.0005328186442274845385
1.70981898925135332052e-17
-0.000532818644227498932239
0.0246341274591723684656
-0.0246341274591723695789
1.4400153529479295133e-19
-0.00844762817841391278197
-0.00251395411783086999268
0.00251395411783086578331
0.00844762817841391723663
0.0310167026069071172065
-7.92869319375908803756e-20
-0.0310167026069071145939
-0.0304854995968892041356
0.0304854995968892005236
2.21084855407572198484e-19
-0.00419502072771437059738
-1.83559083015513635419e-18
0.0041950207277143730815
-0.000204824629717086961051
0.000204824629717086286169
2.36500863067196042063e-19
0.00192167447406059671275
-0.00192167447406059657313
4.60574851686342030071e-20
8.79749662316545255467e-20
-0.00261930012521652442771
0.0107225572060214913135
0.00630830647225306105211
-0.00630830647225306311063
-0.0107225572060214905183
0.00261930012521652559522
0.000315198725290372883027
-0.0325333768955090462976
-2.26297618242654872694e-19
0.0325333768955090471112
-0.000315198725290377587449
0.00417966049912099860932
0.0327844891848370119981
-0.0327844891848370232995
-0.00417966049912098369741
-0.00212864597313208422966
7.61556280633083391457e-18
0.00212864597313207935244
-0.0104073584807311019447
0.0104073584807310999797
-1.07661183704402015487e-20
0.00926525691108800929309
0.0040147861558921940225
7.82598943290381979844e-18
-0.0040147861558922094469
-0.0092652569110880021775
-0.0282853198820822354744
-0.0108143406073060815663
0.0108143406073060792329
0.0282853198820822376389
0.0400169543717460583494
-1.95524718919731229364e-17
-0.0400169543717460387893
-0.0323001060379744400393
0.0323001060379744405371
-1.51105780303206474619e-19
0.00218879766720429338681
0.000714524839574397309925
-0.000714524839574397695863
-0.00218879766720429270683
-0.000739211871438328787107
3.4134326119021442641e-18
0.000739211871438325610234
-0.00145373671101272793434
0.00145373671101272746413
7.49988168578949373994e-20
-0.000925853276547074191587
-6.88858057927263883655e-19
0.00092585327654707480231
0.000908931953399767896145
-0.000908931953399767984514
5.4385623276031837566e-20
0.000213589243638604283305
-0.000213589243638604130436
-2.0156170695907371311e-20
-1.87032582839539667451e-20
-0.00739965129431944726867
-0.00292735892851138300701
-0.00111538038944768110486
0.00111538038944767886873
0.00292735892851138873667
0.00739965129431944297468
0.013819493519822492615
0.00535931369004562823247
1.37202228789021467753e-17
-0.00535931369004565825645
-0.0138194935198224758681
-0.00778193946205151918042
-0.00138765384591274759972
0.00138765384591275196207
0.00778193946205151559957
-0.00666655907260383736451
-1.29556372072077969608e-17
0.00666655907260384688703
0.0167468524483338746002
-0.0167468524483338715878
1.43870212301682659054e-19
0.00852279676881635854651
0.0036930661292271225422
7.19886259904867757391e-18
-0.00369306612922713673059
-0.00852279676881635200112
-0.0260187100270745737944
-0.00994774651899043432804
0.00994774651899043218157
0.0260187100270745757855
0.036810244194010058115
-1.79856585512056662986e-17
-0.0368102441940100401223
-0.0297117761563017060343
0.0297117761563017064922
-1.38997899108050660645e-19
0.00201340101679392459913
0.000657267256850256887755
-0.000657267256850257242764
-0.00201340101679392397363
-0.000679976023311960358212
3.13989904660185543725e-18
0.000679976023311957435914
-0.00133724328016221893605
0.00133724328016221850352
6.89894996700261827595e-20
-0.000851661145446513810077
-6.33655965132241493531e-19
0.000851661145446514371861
0.000836095792037762589565
-0.000836095792037762670854
5.00275319884507364409e-20
0.000196473528257864738008
-0.000196473528257864597389
-1.85409155339469498323e-20
-1.72044445069371466458e-20
-0.00510577296081388980556
-0.00276083218223220227448
-0.00131263000415518255758
0.00131263000415518236425
0.0027608321822322007508
0.00510577296081389246331
0.0140891463291668206384
0.00851798617085044951015
8.46670142964116416995e-18
-0.00851798617085046383972
-0.0140891463291668159911
-0.0209856975028085584191
-0.010453794552148696913
0.0104537945521486907559
0.0209856975028085644871
0.0255895865736553588356
1.67188835487326903668e-17
-0.0255895865736553711719
-0.0205324504156297415628
0.0205324504156297376026
-5.85057463311374919915e-20
9.90003016605335973035e-25
-1.71612586306230824e-24
-1.09144344565949744031e-24
1.64838599454773846237e-24
2.57717241745628604493e-25
2.27601504814791265881e-25
-4.57405742305582776375e-25
-2.66951698571765556219e-25
-6.95991180027564515077e-25
1.18739118725778381033e-24
-2.17087060815536052274e-25
-9.28009439454816028568e-25
3.94341259000705973357e-26
5.06343225191804011823e-25
3.853455217149955403e-25
8.31669164317789710943e-25
-2.05614604265795534798e-24
6.51764045778703016303e-25
-5.95326238750856561197e-25
-1.38072297703441448136e-24
1.5112803362692301585e-24
1.01946647523373386528e-24
-4.46439099637786597893e-25
1.37983460179116939141e-24
-9.71541365468342341269e-26
2.92972931744809417867e-25
1.010509874331195217e-25
-9.42154081025004673657e-25
7.07243883368329940632e-25
-2.2833109834435618885e-25
-4.24253876144254770563e-25
-3.85750964596716309665e-25
3.75006665265271496166e-25
1.40448320374751554867e-25
-5.39024116076669428836e-26
0.0137605112182246324361
-0.0142716404038584992373
0.000192487036977075181046
0.000192487036977089122456
-0.0142716404038585102759
0.0137605112182246329097
0.000637779690617953227416
0.041951903497583244495
-0.10078660433769677344
0.0419519034975832609859
0.00063777969061795578802
0.00470762345781142342167
0.000957866019380378522227
0.000957866019380392973071
0.00470762345781141973709
0.00283692148799921546106
-0.017062220608410299706
0.00283692148799921444548
0.00568485066441337464963
0.00568485066441337027466
-0.00456750645905091120345
0.000637779690617951806199
0.0419519034975832440997
-0.10078660433769677066
0.0419519034975832605907
0.000637779690617954366813
0.061111563935915570677
-0.0703275949256190434046
-0.0703275949256189881364
0.061111563935915562643
0.0154384288835770435764
-0.00706395912412597859131
0.0154384288835770396178
-0.00455595286971908388754
-0.00455595286971908444543
0.00288524202621699055635
0.00470762345781141965443
0.000957866019380378368957
0.00095786601938039281978
0.00470762345781141596986
0.0154384288835770402007
-0.00706395912412598282636
0.0154384288835770362422
0.000703093791756945048605
0.00070309379175694661078
0.000107786186343153006443
0.0028369214879992197051
-0.0170622206084103005171
0.00283692148799921868952
-0.0045559528697190810921
-0.00455595286971908164997
0.000107786186343152288885
0.00568485066441337250815
0.00568485066441336813317
0.00288524202621698914004
-0.0045675064590509108774
0.00792533966284239046116
-0.0168533109647978939536
0.012620281845312716653
0.0126202818453127281393
-0.0168533109647978967564
0.00792533966284238437314
-0.0120364900547078751708
-0.00825915432764626242981
0.0448568991010229156614
-0.00825915432764629262202
-0.0120364900547078567649
-0.010154104265170955793
0.00688421563484311587443
0.00688421563484310895063
-0.0101541042651709540046
-0.0000401320409938713296422
-0.00269487474551132932498
-0.0000401320409938704841382
0.00201396552560172058942
0.00201396552560171873467
-0.00236091591121935654823
-0.0171782182899314023299
0.0302849504593614435265
-0.0346471693120816458787
0.0302849504593614181014
-0.0171782182899313761403
0.0106228588815532399315
-0.0165441930159070243053
-0.0165441930159069602242
0.0106228588815532170628
-0.00165485614992891692301
0.0160622707564007305786
-0.00165485614992891883855
-0.00454648043365129320086
-0.00454648043365129580229
0.00345067265717015190083
0.0258805970127262748829
-0.0320454684277815355141
-0.032045468427781490463
0.0258805970127262661393
0.0445621676419439157033
-0.0882784133149839150253
0.0445621676419439124626
0.00376816445506766232969
0.0037681644550676634019
-0.00136378967114292103701
0.00769595621770439311554
0.00107682112246294912251
0.00769595621770438832806
0.00214834844199419996774
0.00214834844199420336919
-0.000494457095216680774159
-0.00387429830137127073124
-0.00387429830137126585982
-0.00081909184798318988511
0.00277176924695668875342
-0.00265614015871643126369
0.00853035949823666763068
-0.00802371896728638336492
-0.00802371896728639014737
0.00853035949823667914296
-0.00265614015871643945352
0.0113266638658707512006
-0.00221343200356933218368
-0.0148951714941343870966
-0.00221343200356932226556
0.0113266638658707454711
0.00784289883074455898331
-0.00639931513502372503135
-0.00639931513502373238273
0.00784289883074456302006
0.00177486318952320473135
-0.000316958202404199797513
0.00177486318952320604659
-0.000575993907381663140176
-0.000575993907381662846387
0.000250842971326431330961
-0.0000347176292975400716633
-0.0123452184482075463057
0.0354671875461909290502
-0.012345218448207566148
-0.0000347176292975290826255
-0.0303918848936482528524
0.0322891303071404985847
0.0322891303071405049743
-0.0303918848936482622097
-0.0103757657803926260527
0.0142652292949636610347
-0.0103757657803926248474
-0.000069062052504375808207
-0.0000690620525043770881962
0.000399089540574307561357
-0.002014216606465862068
-0.00547192439263736564949
-0.00547192439263734644978
-0.00201421660646586930502
0.0183650830029643952868
-0.0506208143488729231095
0.018365083002964395668
0.00191763376020413554605
0.00191763376020413526706
-0.000913351428155258971268
0.0212012568786493741325
-0.0363375760467570820305
0.0212012568786493742195
0.00409423208802431232108
0.00409423208802431477407
-0.000372742058333917317284
0.000445404168329214127453
0.000445404168329214609961
-0.00225613673569527857212
0.000898129732185698197701
-0.00538167328053398473571
0.000527430538150390057122
0.00281379256146234057202
0.00281379256146233610853
0.000527430538150394204939
-0.00538167328053398624192
-0.00264399615664167721668
0.000884876883356072725932
0.00233736422213199825681
0.000884876883356071634218
-0.00264399615664167675849
-0.00174186984243561393843
0.00147646914813061659598
0.00147646914813061920392
-0.00174186984243561526801
-0.000566212084181533487495
0.000433092883536664592966
-0.000566212084181533940522
-0.0000126921292357913100489
-0.0000126921292357912333138
0.000126686471727856900804
0.0147292083554108477441
-0.00577027024603856165726
-0.0125038935030210164449
-0.00577027024603854665354
0.0147292083554108379404
0.00804840721405647019267
-0.00813906533371945541694
-0.00813906533371946230219
0.0080484072140564747177
0.003161316822945450131
-0.00542604355581297118196
0.00316131682294544992881
0.000376217117356826287982
0.00037621711735682686571
-0.000386835390071775893755
-0.0199323169585426740012
0.0223328845761625567556
0.022332884576162547536
-0.019932316958542676087
-0.00885583575500671080582
0.021704174223251887019
-0.00885583575500671066344
-0.00085540605036834435614
-0.000855406050368344358583
0.000373673917079765019088
0.0151806284426022677248
-0.0468419247284532435026
0.015180628442602271043
-0.00136454361280640054148
-0.0013645436128064015246
0.000147633784055732385503
0.00780486321206979056566
0.00780486321206978374587
0.000723370489073884906336
-0.0048317256578845318404
0.00915139397552254483129
-0.019460527244525071746
0.0145726462412804887914
0.0145726462412805020546
-0.0194605272445250749823
0.00915139397552253780145
-0.0190935533626035455819
0.0294066862816006101462
-0.0285316812329836750587
0.0294066862816005800998
-0.0190935533626035164643
0.0246831781834310471936
-0.0313839037529187912567
-0.0313839037529187467381
0.0246831781834310386175
0.00776991662826787486911
0.000699008523677034839004
0.00776991662826787015407
-0.00362375665804462890592
-0.00362375665804462425172
0.00245972415228930605926
-0.0146406860915442401916
-0.00397348763007745424467
0.0403208617169808379843
-0.00397348763007748841958
-0.0146406860915442178148
0.0122662208696563404996
-0.019103588582518093064
-0.0191035885825180190695
0.0122662208696563140932
0.044785106185653819097
-0.0868748508730671011556
0.0447851061856538155462
0.00151438378921382592122
0.00151438378921382898244
-0.000329518376241596738994
-0.00652378854101152550742
0.00233019160661635108095
0.00233019160661635058797
-0.00652378854101152496245
0.00475998949458214517343
0.00348683218099831924756
0.00475998949458214277025
0.00435110152496818879474
0.00435110152496819003282
-0.000696427223233723237014
0.00107026767031665349325
-0.00256737591333749175319
0.00107026767031665365651
-0.00428350809108477912961
-0.00428350809108478126702
-0.00144929131832321246741
0.0014756294002989611793
0.00147562940029896000844
0.00336820615339828869249
-0.00198531158431849829046
-0.0052036264762232053849
0.0119053184742335435833
-0.0100988236345173833963
-0.0100988236345173940416
0.0119053184742335707325
-0.00520362647622322954807
0.00954899121014804958272
-0.00953310949128152448999
0.00912568131248873948591
-0.00953310949128154333358
0.00954899121014806501375
-0.0162433265054315489057
0.0174409111842569406668
0.0174409111842569496292
-0.0162433265054315563689
-0.0101003246229931102922
0.0109382382037280562527
-0.0101003246229931125281
0.00136547563011176699357
0.00136547563011176607254
-0.00155626723541723267356
0.0066336593592140745417
-0.0121329271051409355283
0.0220486686675804739213
-0.0121329271051409620084
0.00663365935921409426267
-0.0076142298537350103801
0.00164034323563268265508
0.00164034323563276559112
-0.00761422985373504478449
0.0253389406398044332025
-0.048308956450259065321
0.0253389406398044306849
-0.000637795424576491078876
-0.000637795424576490668811
0.00132380676113098571582
-0.0187726635059233973771
0.0176788797597061555593
0.0176788797597061713346
-0.0187726635059234077332
0.0327138458761642163088
-0.064958723012223010161
0.0327138458761642135798
0.00592420871992840696505
0.00592420871992840809062
-0.00164571765830282267066
-0.00511550967819282528861
0.00169534335536638137087
-0.00511550967819282783969
0.000430506349978989940973
0.000430506349978991308923
-0.0015069972293282517534
0.00162756649853907299454
0.00162756649853907212194
0.000642475380969379312577
-0.0013901733751394639195
-0.00879014717065074497538
0.0011631352341394678678
0.00410743000419153495266
0.00410743000419152600319
0.00116313523413948174666
-0.00879014717065075453171
0.00401931731814833614788
-0.00104123182478436630753
-0.00410590118107419885367
-0.00104123182478436349555
0.00401931731814833454113
0.00590414965319527244173
-0.00558294336718511722001
-0.00558294336718512750325
0.00590414965319527781055
0.00338024932508147475554
-0.00427660688295435262513
0.00338024932508147660807
0.000379896035713480830362
0.000379896035713480245199
-0.000654164581727807853421
0.0182838662716540406029
-0.00785452813248609943942
-0.0132671595545557556846
-0.00785452813248609536233
0.0182838662716540401249
-0.0172101854503082580599
0.0174040428199069609151
0.017404042819906975638
-0.0172101854503082677359
-0.0139550254664363860566
0.02784646851185114223
-0.013955025466436385418
-0.00184672993815911083178
-0.00184672993815911300167
0.00149190097140961634798
-0.0118402186739716642213
0.0143233675272746770948
0.0143233675272746920162
-0.011840218673971674201
0.0261318107935881991294
-0.0626545541516650747585
0.0261318107935881986187
0.00182914412387628980215
0.00182914412387628980738
-0.000934377590655139959227
-0.00559610103516021375728
0.00369567495302647365085
-0.00559610103516021623977
0.00396010241295559696229
0.00396010241295559999905
-0.000180352563349320897369
0.000269345551322042446268
0.00026934555132204261781
-0.00221152552696748688711
0.000373105572851073922764
-0.00397506655772926187921
0.0115378819449479126726
-0.0105716626849368020848
-0.01057166268493681156
0.0115378819449479310758
-0.00397506655772927621047
0.00198660417739204022583
-0.0151046352168692528533
0.0395118440370888544534
-0.0151046352168692785277
0.00198660417739205573
-0.00652055590428380343237
-0.000958301145975619491647
-0.000958301145975597100807
-0.00652055590428381296286
0.0192499528540393769232
-0.0347223223657808633026
0.0192499528540393763931
0.000830205454409225511399
0.000830205454409225763516
0.000520626850177588212493
0.013394644519794687739
-0.00493123961791010590589
-0.0110573428100329777961
-0.00493123961791010169761
0.013394644519794686456
-0.0322134033906746023221
0.0325762586117975268775
0.0325762586117975544354
-0.0322134033906746204332
0.0258254741949939981573
-0.0651525172235950717818
0.0258254741949939978632
0.00406806309015277125679
0.00406806309015277394225
-0.00200654899405662447414
0.00337704067015026684013
-0.00188950049059876908018
-0.00188950049059877334945
0.0033770406701502686297
-0.00303340731821533267778
-1.99788262800050917772e-18
-0.00303340731821533214439
0.0034237258914054068771
0.00342372589140540688689
-0.000771841045337104043626
-0.000256221021663643855987
0.00144622471640294173208
-0.000256221021663643152759
-0.000112328839529219820708
-0.00011232883952922088357
-0.00131467058618348155975
-0.000195387292240243423749
-0.000195387292240243361118
0.000659581748122305582899
-0.000129318183718687069696
-0.0108375439557089938386
0.00151765719758872841408
0.00492874902522183534501
0.00492874902522182385123
0.00151765719758874749451
-0.0108375439557090075875
0.0158873187092705256736
-0.00668560530425408058374
-0.0114610452814522751092
-0.00668560530425408034965
0.0158873187092705279362
-0.0022587076767548672409
0.00415858661454330605835
0.00415858661454331998251
-0.00225870767675487430373
-0.00972615331922813252178
0.0188010631760713912867
-0.00972615331922813541698
-0.00236727797135476917621
-0.00236727797135476680594
0.00182444320851865355519
0.0123212809022199300346
-0.00453608070289851975375
-0.0101712760344793736098
-0.0045360807028985158827
0.0123212809022199288544
-0.0296320213206456586654
0.0299657995780444006551
0.0299657995780444260047
-0.0296320213206456753252
0.0237559810952288389004
-0.0599315991560888178926
0.0237559810952288386298
0.00374207378087951136111
0.00374207378087951383138
-0.00184575662036437944188
0.00310642560567036714637
-0.00173808765698446864249
-0.00173808765698447256964
0.00310642560567036879253
-0.00279032889625006945367
-1.83778485609660448552e-18
-0.00279032889625006896303
0.00314936976325639361385
0.00314936976325639362285
-0.000709990497874541353406
-0.000235689060378283474038
0.00133033325014340388627
-0.000235689060378282827163
-0.000103327504004646607589
-0.000103327504004647585278
-0.0012093210508360023575
-0.000179730168192106410152
-0.000179730168192106352539
0.000606726963495166235297
-0.000118955427671719226244
-0.00871708226055145357546
0.0009838656708736965446
0.00434792381268225400669
0.00434792381268224606439
0.000983865670873706313965
-0.00871708226055145906265
0.0206763339240302006789
-0.00830669428495052952664
-0.0167970972668302733794
-0.00830669428495051379242
0.0206763339240301912015
-0.02245313037379188136
0.0256182450433223730794
0.0256182450433223689996
-0.0224531303737918864764
0.0124691072666862847469
-0.0428676661337331701263
0.0124691072666862871075
0.00743453109730121617609
0.00743453109730120980619
-0.00444143639064086742635
2.2899412838674990498e-25
1.36953133087037128935e-24
-3.79894904228568507171e-24
3.02879549649093057636e-24
-3.44244104325220330155e-25
-8.87692471307147030936e-25
1.2961171508641660109e-24
-9.74118439828992080724e-25
6.85390250438559583269e-25
8.89745315654971753434e-25
1.49858434056507893228e-25
-1.9671229730005311946e-25
-8.24374797990039503088e-25
-5.80546970530475451438e-25
3.43651449133937155826e-25
-1.8720916277616952432e-24
9.6358687297668632325e-26
-1.35203898779165221078e-24
-7.27462005955680505371e-25
1.55414528602005505952e-24
4.68333171396856740618e-25
8.06017233728813588578e-25
-6.59777916297483482194e-25
1.29908996835155845536e-24
4.97302000194379700662e-25
9.62681997844859361008e-25
7.05231829890311949358e-25
6.45867567901081014282e-25
-1.34574719394864313446e-24
-4.46876021201053325666e-25
-1.15989613654487075598e-24
-4.06564854152050645989e-25
-5.49703524976078766352e-26
9.06024737529518602906e-25
-1.35138135775599417806e-25
0.00791769051128158445993
-0.0201092279671431583404
0.0349561660734271768858
-0.0349561660734271727769
0.0201092279671431530754
-0.00791769051128157850696
-0.0169332019986099709372
0.0339673824006780283406
-1.41582929908054674671e-17
-0.0339673824006779928626
0.0169332019986099510174
-0.00689502689618440181841
0.00337479519741790944334
-0.00337479519741791406669
0.0068950268961844002393
0.00298118239900384757936
3.50867800240047370365e-18
-0.00298118239900384733244
-0.00223932701339505215792
0.00223932701339504984514
6.13021964826820908428e-19
-0.0169332019986099689326
0.0339673824006780257809
-1.4158287448526481933e-17
-0.033967382400677990303
0.0169332019986099490127
-0.027738974235304570548
0.0801880389424517464767
-0.0801880389424517591124
0.0277389742353045835812
-0.00528216528958612676006
7.85788397175997600058e-19
0.00528216528958612607504
0.00203055497637948974907
-0.00203055497637948984722
5.06092607421554914521e-20
-0.00689502689618439675224
0.00337479519741791242093
-0.00337479519741791704428
0.00689502689618439517313
-0.00528216528958612438892
7.85771006210451884096e-19
0.00528216528958612370392
0.0000160167948982475227022
-0.0000160167948982472726323
-2.86164239264300408716e-20
0.00298118239900384354907
3.50867586611569134564e-18
-0.00298118239900384330214
0.00203055497637948864144
-0.00203055497637948873959
-2.86156686580431315641e-20
-0.00223932701339504989776
0.00223932701339504758498
5.06095302756205968442e-20
6.13023040316513858563e-19
-0.00431561365324677208831
0.00625856164812567502002
-0.0138135440416457054781
0.0138135440416457123733
-0.00625856164812569471991
0.00431561365324678537085
0.0158952148008522350749
-0.0242220252462498416004
-2.39312753502924578489e-18
0.0242220252462498373414
-0.0158952148008522297019
0.00654682218631348653544
-0.00983871266723877332582
0.0098387126672387781467
-0.00654682218631348787052
0.000725227649564258181752
-3.34622957382577198553e-19
-0.000725227649564260238394
-0.00063626054953649563457
0.000636260549536496869142
-4.73761481955141932779e-19
0.00628270232135167906274
-0.00141145851859718575408
-1.75569979626989723354e-17
0.00141145851859721233588
-0.00628270232135168976675
-0.0204443932461868583427
0.0591008084103377050059
-0.0591008084103377143188
0.0204443932461868679486
-0.00389310229915470183283
5.79139460137985767684e-19
0.00389310229915470132796
0.00149657532729771985128
-0.00149657532729771992362
3.72995833478018736075e-20
-0.0202648756150700011368
0.0494993427935540323459
-0.0494993427935540417278
0.0202648756150700086807
-0.00389310229915470008524
5.79138437787059981025e-19
0.00389310229915469958038
0.0000118048220047923621806
-0.0000118048220047921778711
-2.10889641135761075134e-20
-0.00426964950915819813204
-1.36342867063135766133e-18
0.0042696495091582019209
0.00149657532729771903493
-0.00149657532729771910727
-2.1090878797615531064e-20
0.00116557552903301327369
-0.00116557552903301410957
3.73000318430006104642e-20
3.59878776342889384534e-19
-0.00962662442199549643531
0.00784416163835822718521
0.00492368193533471135377
-0.00492368193533470886669
-0.00784416163835823520608
0.00962662442199550128831
-0.00261119918669132930985
0.00382814739447683916242
7.02058819624006501426e-19
-0.00382814739447683903488
0.00261119918669132868967
-0.00107695101132347342435
0.00174765988320721911283
-0.00174765988320721991426
0.00107695101132347369917
-0.000188544564081574449471
-3.31043845987956489439e-21
0.000188544564081574823268
0.000158460087307931749143
-0.000158460087307931933509
7.58244563954763080525e-20
0.0198685212862572663387
-0.029560923523866920233
-4.3696821072972827123e-18
0.0295609235238669151653
-0.0198685212862572596106
0.00427411512539167246868
-0.0123556447045261944558
0.0123556447045261964028
-0.0042741151253916744769
0.000813893922952088569776
-1.2108365948835405209e-19
-0.000813893922952088464224
-0.000312874789956616249422
0.000312874789956616264547
-7.79897186020370336639e-21
-0.0129039651901412236523
0.0427247735655412766082
-0.0427247735655412813914
0.0129039651901412319056
0.000813893922952088204416
-1.21074157305282491339e-19
-0.000813893922952088098866
-0.00000246792202026587498132
0.00000246792202026583645106
4.41117915196296746452e-21
-0.00640800000888661143776
-4.1735678995262475104e-18
0.00640800000888661471755
-0.000312874789956616078751
0.000312874789956616093876
4.40866276339230376326e-21
0.00293540624614904559175
-0.0029354062461490444363
-7.79838612984169276719e-21
-1.790256655610490565e-19
-0.0048250027466429910838
0.00699728464329106326627
-0.0154440117436534922422
0.0154440117436534999513
-0.00699728464329108529144
0.00482500274664300593415
0.00809898630340545355539
-0.00412835748791853937083
-1.79339624580613004956e-17
0.00412835748791856564211
-0.00809898630340546372539
-0.019659180771633433188
0.0487077513808263072591
-0.0487077513808263161604
0.0196591807716334406296
-0.00421516902797994973837
-1.40934763774322873013e-18
0.0042151690279799533209
0.001101701660114394481
-0.00110170166011439518405
3.09150628817036494255e-19
0.0166966788388967752705
-0.024530748611249050831
-4.37097000435515954701e-18
0.0245307486112490495175
-0.0166966788388967710607
-0.0228575265286057042525
0.0660767125653531966692
-0.0660767125653532070813
0.0228575265286057149921
-0.0043526206921353176875
6.47495674579287467884e-19
0.00435262069213531712304
0.00167322208264334912065
-0.00167322208264334920153
4.17043742003232832883e-20
0.0043219307787966147225
-0.00436581888436781686903
0.00436581888436782067103
-0.00432193077879661522246
-0.00435262069213531573366
6.47498619957703226544e-19
0.0043526206921353151692
0.0000131981922325005350381
-0.0000131981922325003289729
-2.3579478440486737013e-20
0.000252384918485818678811
-4.89147947758260654859e-19
-0.000252384918485820324663
0.00167322208264334820794
-0.00167322208264334828883
-2.35810726936515377451e-20
-0.000509909522282835027116
0.000509909522282836175932
4.17049578553985406378e-20
-4.36480157637250721852e-19
-0.0136023485560813530057
0.011822600811834549609
0.00488333614168975893533
-0.00488333614168975503821
-0.0118226008118345631971
0.0136023485560813616067
0.0107890576915221981819
-0.0157777129346710602652
-2.98972748196900786521e-18
0.015777712934671060113
-0.0107890576915221958032
0.00637978060561057357944
-0.0123457521583311481578
0.0123457521583311524646
-0.00637978060561057566119
0.00149644446392081239216
3.97780867718939694582e-19
-0.00149644446392081449685
-0.00103354312031235038491
0.00103354312031235116931
-3.49696676076903984488e-19
0.0153587106999500875641
-0.0225650067782145123565
-4.02070600966090820572e-18
0.0225650067782145111482
-0.0153587106999500836916
-0.0210258663208787974052
0.0607817352233429228899
-0.0607817352233429324676
0.0210258663208788072842
-0.00400382870402866193912
5.95609533140899250729e-19
0.00400382870402866141989
0.00153914045733571728974
-0.00153914045733571736414
3.83621110292474423863e-20
0.00397559808972963150654
-0.00401596927510972353613
0.00401596927510972703345
-0.00397559808972963196644
-0.00400382870402866014185
5.95610269390425581264e-19
0.00400382870402865962262
0.0000121405710810628420493
-0.0000121405710810626524964
-2.16896627254832619749e-20
0.000232160358683062448086
-4.49950482722656174688e-19
-0.00023216035868306396205
0.00153914045733571645017
-0.00153914045733571652458
-2.16914889175097730184e-20
-0.00046904854021910874102
0.000469048540219109797777
3.83627057029880931914e-20
-4.01503223445382284794e-19
-0.0123661713690548158203
0.0102263399904820798051
0.00590417503620216574597
-0.00590417503620216247345
-0.0102263399904820905659
0.0123661713690548224081
0.0225261182941856985758
-0.033457985482722195776
-5.0822173036630524222e-18
0.03345798548272219057
-0.0225261182941856912125
-0.0118514249667676130645
0.0410616898583471573626
-0.0410616898583471613525
0.0118514249667676210594
-0.00623229231180556404217
-4.17887568692360228722e-18
0.00623229231180556695417
0.00278267773595827822144
-0.00278267773595827687886
-2.55375959646141013771e-19
1.14762056128372628093e-24
-3.43184389413214670505e-24
-8.06126560656068771253e-25
3.05899018683008209245e-24
2.05140101870183641276e-26
2.00536801500767372492e-24
-1.0488323309141170939e-25
1.28164186938873363838e-24
-3.64846051665119662354e-24
-3.47615043713359176835e-25
1.4521394177852089789e-24
5.27517544241309221574e-25
4.71261092341703346604e-25
-1.95950762335799845957e-24
4.44504260380354735113e-25
5.17279959299404413121e-25
-5.80648314680837513034e-25
3.79004373886085405962e-25
-2.55785936283131409648e-26
-5.14335174199959697453e-25
-6.9413424562439431226e-26
1.16328132743080691888e-24
-1.23798407060006827869e-24
5.56616529134886806993e-25
-2.63040404600140346417e-25
2.82199597236733191308e-26
5.49967901910624490054e-25
-9.76318556421580978297e-25
1.90524562476159418936e-24
-1.59217609789096056816e-24
2.23734828634590498572e-25
-5.39204743855214943893e-25
5.3917348733781251518e-25
-2.03544929168787543813e-25
5.56697894566207491516e-26
-0.00489711503967209644384
0.00245375094661504904603
0.000107559921566531154645
0.000107559921566506140429
0.00245375094661507827942
-0.0048971150396721100337
0.0166247674231552420463
-0.0443768886964909670021
0.054462036917156539471
-0.0443768886964909690239
0.0166247674231552357037
0.00401300878718299230181
-0.00201136360677859357383
-0.00201136360677859926055
0.00401300878718299144061
-0.00122566441264034187726
0.00163890416074519800123
-0.00122566441264033997189
0.000180321327222605942646
0.00018032132722260479268
-0.000173498549713074949578
0.0166247674231552420587
-0.0443768886964909670021
0.0544620369171565394709
-0.0443768886964909690239
0.0166247674231552357161
-1.88050577183741222153e-23
5.82482188036403326297e-23
4.38384510109924275019e-23
2.51765271952148528938e-24
-3.54676460585466241252e-24
-4.97702114998718863213e-23
-1.37757934141230866871e-23
1.59293919542965014813e-23
2.1939096423202980571e-23
-1.31026796368076923998e-23
0.00401300878718298787704
-0.0020113636067785935738
-0.00201136360677859926053
0.00401300878718298701585
-4.82637284976911995279e-24
-3.78296546644842892261e-24
-4.08313885533730850668e-24
4.71168190098524723512e-24
8.90126269648045930632e-24
-2.8703974012965931394e-24
-0.00122566441264033981802
0.00163890416074519800119
-0.00122566441264033791264
1.90613704003711218561e-24
1.61492132210319608823e-25
-1.4105569578172763165e-24
0.000180321327222604802335
0.000180321327222603652374
3.04618535601122185144e-25
-0.000173498549713074187436
-0.0133234716246609846584
0.021580501004834138523
-0.00923367816784824062351
-0.00923367816784825108246
0.021580501004834150746
-0.0133234716246609903406
-0.00139023289258397424946
0.00371098186014145523479
-0.00455434432206833656378
0.00371098186014145540387
-0.00139023289258397371906
-0.00033558465343700230284
0.000168198674538764282457
0.000168198674538764758004
-0.000335584653437002230834
0.000102495207202051979869
-0.000137052050959054856075
0.000102495207202051820541
-0.0000150792269123778327515
-0.0000150792269123777365956
0.0000145086775945376957008
0.0152925618184237167554
-0.0408208004615560075827
0.0500977875427517022019
-0.0408208004615560094425
0.0152925618184237109211
-1.80849689834517224498e-23
5.12342779609958362695e-23
4.2753746872528329545e-23
2.74088153371741951534e-24
-4.03681478472943109102e-24
-4.30753471172108369671e-23
-1.32272138429175362008e-23
1.38691418088088666363e-23
2.15666401407161200381e-23
-1.17033068667876197985e-23
0.00369143118780702126116
-0.00185018541992640710727
-0.0018501854199264123383
0.00369143118780702046898
-4.33623473414537102215e-24
-2.99954410205752342196e-24
-3.59536751811516657376e-24
4.34542884832574493363e-24
6.35832251762541619655e-24
-2.23598669057046535067e-24
-0.00112744727922256988431
0.00150757256054960341718
-0.00112744727922256813162
1.60748532371328856516e-24
2.43988249126023508004e-25
-1.4980434042044888029e-24
0.000165871496036155111142
0.00016587149603615405333
2.2168287057676503642e-25
-0.000159595453539913951431
-0.0145951319062136538412
0.0236402544052211237077
-0.0101149876425469099861
-0.0101149876425469214433
0.0236402544052211370974
-0.0145951319062136600657
0.0152292383090779856206
-0.0406517695058391316337
0.0498903423968480263993
-0.0406517695058391334858
0.0152292383090779798105
0.00367614569279999479707
-0.00184252416374702083271
-0.00184252416374702604207
0.00367614569279999400816
-0.0011227787404145966612
0.0015013299972524376412
-0.00112277874041459491577
0.000165184654592966323488
0.000165184654592965270059
-0.000158934599961961768019
-1.00454872526993020293e-24
4.42798339245574364596e-24
-6.75034789252319665664e-24
5.4232490885229177746e-24
-6.01820314201542506041e-25
1.40561305320936611746e-24
-2.18619951110638524196e-24
-1.39284249655148893595e-24
2.57833698149431833036e-24
7.63476408206635373205e-25
6.18830566132476402775e-25
-2.04719099805780835317e-24
-2.25259874313389004565e-24
1.39428261769558185339e-24
-2.62827780456388775264e-25
-1.0023738863145054315e-24
1.02176599885054844367e-24
1.20768070938101244941e-24
-1.06215554543746100504e-24
-1.24295112448326308524e-24
1.18135950909719754602e-24
-1.9018337579131849827e-25
8.45247260998370336208e-25
3.0105064914759479864e-25
-3.02499797618924106317e-25
-1.55517739354742027305e-25
-1.35704209445295945884e-24
1.92913843268195307174e-25
3.54967489359018276934e-25
-4.19337167801514195455e-25
2.62564240384352174991e-25
4.32313276188820937583e-25
2.21477514447014327075e-25
4.86601229399715178695e-26
-2.17170972571554138239e-25
-0.0113798123666486465959
0.0271143566731151745157
-0.0328300696801713658877
0.0328300696801713658877
-0.0271143566731151745157
0.0113798123666486465959
-1.6989566147600377849e-24
5.83140224208065774354e-25
2.11949043029470060294e-24
-1.26160144660398845413e-24
3.04186126570072771718e-25
-3.38529721505403568525e-25
4.1773025676443173259e-25
-1.43612298005087352362e-24
6.47622075923380739787e-25
3.57804188050742281019e-25
-1.65655278836029261741e-24
1.65357400716692208912e-24
1.21951521084618352679e-24
-1.13261584037046609291e-24
8.27925949333867423023e-27
3.01458604379653915601e-25
-1.80785421114895638607e-24
8.43284014417658446568e-25
1.0089340118585362994e-24
-7.25479415682065423059e-25
2.52343178636879471778e-24
2.8486254810254476623e-24
-3.10374932911647664537e-24
-2.1421477936173668828e-24
-1.34909528552478790692e-24
1.03918455573252757015e-25
1.18123220415720165417e-24
1.0821114069031497911e-24
-1.00816754433830491386e-24
-3.61972369903197636372e-26
1.68394210584894936911e-24
-3.09182309059326616794e-24
1.55946841329020370409e-24
-6.28622891563145389264e-26
-1.35925818606687555289e-24
1.42654688855313788654e-24
2.28367647823449945019e-26
-1.60338240013330246841e-24
1.45352410720588437131e-24
2.7299391707197375164e-26
7.88107839025180949979e-25
1.24464084128416843656e-24
-1.59338700143367613995e-24
1.3348697522817960709e-24
-1.4249340777754696927e-24
1.64353330737323431173e-26
-5.05008151297035949014e-25
1.39514928111458836129e-25
1.74694232291065207785e-26
1.01358014212214317333e-25
