0.00293773399153200291237
-0.00300549392913296829162
0.00110097052234716185875
-0.00010796445223551334848
-0.000126111259451717816173
0.000102625231538218135074
-0.00300549392913296817562
0.00418066698236185195173
-0.00198803808312885370258
0.000545519329850505436638
0.00000983869208507772977374
0.0011009705223471615019
-0.00198803808312885351059
0.000913269779109127165079
0.000212105918219876862901
-0.000107964452235513211953
0.000545519329850504997915
0.000212105918219876601757
-0.000126111259451717771859
0.00000983869208507779422921
0.000102625231538218095198
-0.00300549392913296780862
0.00418066698236185164616
-0.0019880380831288535701
0.000545519329850505389663
0.00000983869208507782100662
0.00418066698236185164607
-0.00469574632405045019762
0.00258908705624487447369
0.00134898968922056595448
-0.00198803808312885308093
0.00258908705624487438811
0.00191268163077347137996
0.000545519329850505092255
0.00134898968922056555396
0.0000098386920850777643822
0.00110097052234716190429
-0.00198803808312885346574
0.000913269779109127125067
0.00021210591821987657119
-0.00198803808312885341027
0.00258908705624487378578
0.00191268163077347106225
0.000913269779109126959755
0.00191268163077347070518
0.000212105918219876778516
-0.000107964452235513302588
0.00054551932985050487437
0.000212105918219876786467
0.000545519329850504851958
0.00134898968922056536741
0.000212105918219876578585
-0.000126111259451717893303
0.00000983869208507765012609
0.00000983869208507758078198
0.000102625231538218197842
-0.00300549392913296829162
0.00550689995731921342626
-0.00227446604487554613867
0.000607821735636305153773
0.00010369051564777117746
-0.000126111259451716750311
0.00320120300923439472172
-0.00428449608851759877067
0.00312259113989241510738
-0.0010771975028208843581
-0.0000948374838051866497609
-0.00102921534967639384723
0.00157045577862468568353
-0.00110587981148798450717
-0.000364405406244104182043
0.000189965936746524716134
-0.000222791747257011071908
-0.000278748829069743922982
-0.0000948374838051847963744
-0.0000198348868665969057552
0.00000983869208507725061096
0.00320120300923439469952
-0.00428449608851759879289
0.00312259113989241485625
-0.00107719750282088434921
-0.0000948374838051866590659
-0.00303568881781927915602
0.00456464471995287246408
-0.00301909774729093413111
-0.00248196903816327874147
0.000889633616313096814725
-0.0022730603213840254205
-0.00253428016774959933749
-0.00014216858144355742289
-0.000754646060202014294964
0.000044346243926967517569
-0.00102921534967639451864
0.00157045577862468600934
-0.00110587981148798426448
-0.000364405406244103874054
0.00088963361631309713856
-0.00227306032138402515244
-0.00253428016774959906866
-0.000383768215057595832899
-0.000796288392629344925781
-0.0000100295224079844880101
0.000189965936746524930154
-0.00022279174725701132638
-0.0002787488290697442006
-0.000142168581443557670682
-0.000754646060202014686197
-0.0000100295224079843804206
-0.0000948374838051847545313
-0.0000198348868665966481441
0.0000443462439269676897701
0.00000983869208507714721376
0.00110097052234716185875
-0.00227446604487554613867
0.00489172209970639206744
-0.00157303790600916705913
0.000607821735636307180416
-0.000107964452235515213458
-0.0010292153496763940515
0.00223873710464082304191
-0.000558899385822802675562
0.000484477659056412685056
0.00018996593674652717471
-0.000275218035900962704158
-0.00122784918908703661368
0.0000351486754911097701513
0.000454144105838999280741
0.000454144105839000470346
0.000649868855186677508107
0.000077036688276786417399
-0.000364405406244105630127
-0.000278748829069744604066
0.000212105918219877588813
-0.00102921534967639409493
0.00223873710464082270519
-0.000558899385822802650879
0.000484477659056412757925
0.000189965936746527100862
-0.000927053320182644773586
-0.00141334943354225970297
0.00103479547381992356182
0.00237732552930630363509
0.000650579304967373220938
0.000499810617089412780221
0.00069258076315224339342
-0.000180124503624643849601
-0.000134612164947103773056
-0.0000100295224079850413213
-0.000275218035900962367503
-0.0012278491890870361979
0.0000351486754911098106354
0.000454144105838999220538
0.000650579304967373454553
0.000499810617089412553785
0.000692580763152243034721
-0.000225941173356077175954
-0.000522061397990325310157
0.000033367538595428244252
0.000454144105839000154514
0.000649868855186677493487
0.0000770366882767864339805
-0.000180124503624643880788
-0.000134612164947103721607
0.0000333675385954282825898
-0.000364405406244105448421
-0.000278748829069744631833
-0.0000100295224079850743143
0.000212105918219877680279
-0.00010796445223551334848
0.000607821735636305153773
-0.00157303790600916705913
0.00489172209970639298873
-0.00227446604487554930468
0.00110097052234716424308
0.000189965936746524754946
0.000484477659056414761539
-0.000558899385822808173865
0.00223873710464082407551
-0.00102921534967639616491
0.000454144105839000322133
0.0000351486754911105933912
-0.00122784918908703630175
-0.000275218035900961422941
0.0000770366882767863117691
0.000649868855186676706185
0.00045414410583899991247
-0.000278748829069744360334
-0.000364405406244104598064
0.000212105918219877190069
0.000189965936746524681098
0.000484477659056414834408
-0.000558899385822808149182
0.00223873710464082373879
-0.00102921534967639620834
0.00237732552930630750206
0.001034795473819923016
-0.00141334943354226391948
-0.000927053320182642148503
0.000692580763152243552804
0.00049981061708941623099
0.000650579304967373252955
-0.000134612164947102952734
-0.000180124503624643428491
-0.0000100295224079848138897
0.000454144105839000261931
0.0000351486754911106338775
-0.00122784918908703588596
-0.000275218035900961086286
0.000692580763152243194108
0.000499810617089416004555
0.000650579304967373486567
-0.000522061397990324215904
-0.00022594117335607547339
0.0000333675385954288001207
0.0000770366882767863283503
0.000649868855186676691566
0.000454144105838999596637
-0.000134612164947102901284
-0.000180124503624643459676
0.0000333675385954288384584
-0.000278748829069744388101
-0.000364405406244104416358
-0.0000100295224079848468824
0.000212105918219877281535
-0.000126111259451717816173
0.00010369051564777117746
0.000607821735636307180416
-0.00227446604487554930468
0.00550689995731921952518
-0.00300549392913297276413
-0.0000948374838051845388395
-0.00107719750282088601251
0.00312259113989241948957
-0.00428449608851760082976
0.00320120300923439698503
-0.000364405406244105661142
-0.00110587981148798621992
0.00157045577862468765963
-0.00102921534967639571331
-0.000278748829069744358058
-0.000222791747257012123904
0.000189965936746525441499
-0.000019834886866596615133
-0.0000948374838051850065324
0.00000983869208507703136875
-0.0000948374838051845481445
-0.00107719750282088600362
0.00312259113989241923844
-0.00428449608851760085197
0.00320120300923439696283
-0.00248196903816328411814
-0.00301909774729093782471
0.00456464471995288273209
-0.00303568881781928382558
-0.00253428016774959942264
-0.00227306032138403019145
0.000889633616313098236809
-0.000754646060202017517648
-0.000142168581443559055002
0.0000443462439269678818019
-0.000364405406244105353156
-0.00110587981148798597724
0.00157045577862468798544
-0.00102921534967639638473
-0.00253428016774959915382
-0.00227306032138402992341
0.00088963361631309856065
-0.000796288392629345609215
-0.000383768215057597848665
-0.0000100295224079852895976
-0.000278748829069744635674
-0.000222791747257012378374
0.000189965936746525655518
-0.000754646060202017908878
-0.000142168581443559302794
-0.0000100295224079851820076
-0.0000198348868665963575252
-0.0000948374838051849646892
0.0000443462439269680540015
0.00000983869208507692797283
0.000102625231538218135074
-0.000126111259451716750311
-0.000107964452235515213458
0.00110097052234716424308
-0.00300549392913297276413
0.00293773399153200615619
0.00000983869208507695993619
0.000545519329850505919583
-0.00198803808312885521335
0.00418066698236185228744
-0.00300549392913296908285
0.000212105918219877703076
0.000913269779109128641111
-0.00198803808312885554281
0.00110097052234716293966
0.0002121059182198772908
0.000545519329850506411522
-0.000107964452235513734307
0.00000983869208507700553668
-0.000126111259451717766112
0.0001026252315382185851
0.00000983869208507705116857
0.000545519329850505872608
-0.00198803808312885508087
0.00418066698236185198187
-0.00300549392913296871584
0.00134898968922056902614
0.00258908705624487873911
-0.00469574632405045934504
0.00418066698236185469416
0.00191268163077347101117
0.00258908705624487746481
-0.00198803808312885442109
0.00134898968922056876911
0.000545519329850506684992
0.00000983869208507708260861
0.000212105918219877411367
0.000913269779109128601104
-0.00198803808312885549796
0.00110097052234716334205
0.00191268163077347069346
0.00258908705624487686249
-0.00198803808312885475043
0.00191268163077347038153
0.000913269779109128217148
0.000212105918219877412367
0.000212105918219877475509
0.000545519329850506287976
-0.000107964452235513824942
0.00134898968922056858255
0.000545519329850506444693
0.000212105918219877212434
0.00000983869208507686143684
-0.000126111259451717887554
0.00000983869208507689901137
0.000102625231538218687742
-0.00300549392913296817562
0.00320120300923439472172
-0.0010292153496763940515
0.000189965936746524754946
-0.0000948374838051845388395
0.00000983869208507695993619
0.0055068999573192122699
-0.00428449608851759903661
0.00157045577862468568665
-0.000222791747257011741388
-0.0000198348868665964776866
-0.00227446604487554545069
0.00312259113989241466885
-0.00110587981148798434798
-0.000278748829069744379477
0.000607821735636304920159
-0.00107719750282088356009
-0.000364405406244103859607
0.000103690515647771344461
-0.0000948374838051864715941
-0.000126111259451716896182
0.0032012030092343942168
-0.00303568881781927922045
0.000889633616313097294695
-0.000142168581443557939008
0.000044346243926967791942
-0.00428449608851759928985
0.00456464471995287148516
-0.00227306032138402527493
-0.000754646060202015131805
0.00312259113989241439515
-0.00301909774729093354672
-0.00253428016774959899119
-0.00107719750282088410267
-0.00248196903816327837926
-0.0000948374838051863177657
-0.00102921534967639429744
0.000889633616313097121082
-0.000383768215057596004954
-0.0000100295224079844642
0.00157045577862468601562
-0.00227306032138402516971
-0.000796288392629345029204
-0.00110587981148798424915
-0.0025342801677495987624
-0.000364405406244104360861
0.000189965936746524686366
-0.00014216858144355807219
-0.0000100295224079845730155
-0.000222791747257011599577
-0.000754646060202014797103
-0.000278748829069743853282
-0.0000948374838051845500783
0.0000443462439269677595123
-0.0000198348868665966567778
0.00000983869208507704570321
0.00418066698236185195173
-0.00428449608851759877067
0.00223873710464082304191
0.000484477659056414761539
-0.00107719750282088601251
0.000545519329850505919583
-0.00428449608851759903661
0.0228621621359245289596
-0.00510394418229887828591
0.00192509120114662406048
-0.000222791747257010789335
0.00223873710464082233286
-0.00510394418229887782099
0.00169938844805534360112
0.000649868855186676361795
0.000484477659056414863914
0.00192509120114662226087
0.000649868855186675576332
-0.00107719750282088558534
-0.000222791747257010377465
0.000545519329850505474599
-0.00303568881781927951604
0.0112439919829452982854
-0.0029239642241279962244
0.00102996679835703082416
-0.000142168581443558045506
0.0112439919829452987045
0.00262519928996565763063
0.00253751782912750862378
0.00194742983931037142454
-0.00292396422412799505669
0.00253751782912750911675
0.00517690217780407467395
0.00102996679835702973289
0.00194742983931036969535
-0.000142168581443557533055
-0.000927053320182644411505
-0.00449670161090762981525
0.00109928618749049947137
-0.000180124503624644209627
-0.0044967016109076300004
-0.0000369227705177787140196
0.00191222650079839099741
0.00109928618749049975621
0.00191222650079839119205
-0.000180124503624644034548
0.00237732552930630649262
0.00194742983931037356874
-0.000134612164947104064361
0.00194742983931037401326
0.0010325282366135423411
-0.000134612164947104227114
-0.00248196903816328314844
-0.000754646060202016009026
-0.000754646060202016167487
0.00134898968922056884091
-0.00198803808312885370258
0.00312259113989241510738
-0.000558899385822802675562
-0.000558899385822808173865
0.00312259113989241948957
-0.00198803808312885521335
0.00157045577862468568665
-0.00510394418229887828591
0.0274964537776290892522
-0.00510394418229888334356
0.00157045577862468462775
-0.00122784918908703629531
-0.00131800515300284876853
-0.00131800515300284653144
-0.00122784918908703477339
0.0000351486754911105704416
0.0016993884480553455758
0.0000351486754911108082468
-0.00110587981148798630471
-0.00110587981148798541802
0.000913269779109128832599
0.000889633616313097303468
-0.00292396422412799627934
0.0124334989183392103217
-0.0029239642241279974246
0.000889633616313096131456
-0.00449670161090763055176
0.00971939290041752159495
0.00971939290041752580231
-0.00449670161090762855902
-0.00407661293538717382715
-0.00451794523728976118777
-0.00407661293538717322332
0.00109928618749050182343
0.00109928618749050212007
-0.000383768215057597533997
0.000650579304967373738291
-0.00407661293538717253741
-0.00407661293538717244091
0.000650579304967375296255
-0.00218015345142894100852
-0.00727558267808597102905
-0.0021801534514289409481
0.00157998824861331280753
0.00157998824861331066905
-0.000225941173356075744161
0.00069258076315224247726
0.00517690217780407240299
0.000692580763152242302858
0.00191222650079838972429
0.00191222650079839072221
-0.000522061397990325158326
-0.00253428016774959868719
-0.00253428016774959674312
-0.00079628839262934414097
0.00191268163077347119391
0.000545519329850505436638
-0.0010771975028208843581
0.000484477659056412685056
0.00223873710464082407551
-0.00428449608851760082976
0.00418066698236185228744
-0.000222791747257011741388
0.00192509120114662406048
-0.00510394418229888334356
0.0228621621359245236616
-0.00428449608851759330799
0.000649868855186677471013
0.00169938844805534495104
-0.00510394418229887835002
0.00223873710464082292427
0.000649868855186676748152
0.00192509120114662262133
0.000484477659056414422644
-0.000222791747257012008927
-0.00107719750282088470082
0.000545519329850505914042
-0.000142168581443558046204
0.00102996679835703082416
-0.00292396422412799736967
0.0112439919829452944604
-0.00303568881781927617804
0.00194742983931037492762
0.00253751782912751398612
0.00262519928996564490224
0.0112439919829452962688
0.00517690217780407243774
0.00253751782912751016232
-0.0029239642241279936937
0.00194742983931037164284
0.00102996679835703135212
-0.000142168581443558530216
-0.000180124503624643891418
0.00109928618749050135299
-0.00449670161090762864666
-0.000927053320182643650364
0.00191222650079838956768
-0.0000369227705177774979119
-0.00449670161090762700102
0.0019122265007983878564
0.00109928618749049944166
-0.000180124503624643679642
-0.000134612164947102927787
0.00194742983931037119929
0.00237732552930630611162
0.001032528236613543424
0.0019474298393103739565
-0.000134612164947103898197
-0.000754646060202017277768
-0.00248196903816328028319
-0.000754646060202016383927
0.00134898968922056851895
0.00000983869208507772977374
-0.0000948374838051866497609
0.00018996593674652717471
-0.00102921534967639616491
0.00320120300923439698503
-0.00300549392913296908285
-0.0000198348868665964776866
-0.000222791747257010789335
0.00157045577862468462775
-0.00428449608851759330799
0.00550689995731920728337
-0.000278748829069744754285
-0.0011058798114879848795
0.00312259113989241631745
-0.00227446604487554532778
-0.000364405406244104625631
-0.00107719750282088545334
0.000607821735636304892393
-0.0000948374838051849223863
0.000103690515647771946254
-0.000126111259451717838797
0.0000443462439269677919421
-0.000142168581443557938312
0.000889633616313096122683
-0.00303568881781927588245
0.00320120300923439142697
-0.000754646060202016511238
-0.00227306032138402826921
0.00456464471995287784706
-0.00428449608851759821972
-0.00253428016774959671936
-0.00301909774729093339047
0.00312259113989241471372
-0.00248196903816328092209
-0.00107719750282088587236
-0.0000948374838051850045117
-0.0000100295224079850380068
-0.000383768215057597139207
0.000889633616313096761795
-0.00102921534967639428729
-0.000796288392629344030135
-0.00227306032138402647612
0.00157045577862468541613
-0.00253428016774959617445
-0.00110587981148798444142
-0.000364405406244104780738
-0.0000100295224079849721217
-0.000142168581443558600512
0.000189965936746525142485
-0.000754646060202016208056
-0.000222791747257011847379
-0.000278748829069744025144
0.0000443462439269679701225
-0.0000948374838051848175068
-0.0000198348868665963204568
0.0000098386920850769537835
0.0011009705223471615019
-0.00102921534967639384723
-0.000275218035900962704158
0.000454144105839000322133
-0.000364405406244105661142
0.000212105918219877703076
-0.00227446604487554545069
0.00223873710464082233286
-0.00122784918908703629531
0.000649868855186677471013
-0.000278748829069744754285
0.0048917220997063908997
-0.000558899385822801993957
0.0000351486754911098428219
0.0000770366882767865446807
-0.00157303790600916694521
0.000484477659056411743638
0.000454144105838999156052
0.000607821735636306896374
0.00018996593674652675418
-0.000107964452235514899869
-0.00102921534967639368393
-0.000927053320182645304834
0.000650579304967373306953
-0.000180124503624643857437
-0.0000100295224079851165524
0.0022387371046408221321
-0.00141334943354225864469
0.000499810617089412721358
-0.000134612164947103669048
-0.000558899385822802807111
0.00103479547381992216135
0.000692580763152242668545
0.000484477659056412834089
0.00237732552930630359974
0.000189965936746526472813
-0.000275218035900962195308
0.000650579304967373848718
-0.00022594117335607683142
0.0000333675385954283339644
-0.00122784918908703576283
0.000499810617089412807243
-0.000522061397990325343345
0.0000351486754911096405379
0.000692580763152242823722
0.000454144105838999787913
0.00045414410583900004694
-0.000180124503624643529396
0.0000333675385954283300462
0.000649868855186677540208
-0.00013461216494710375918
0.0000770366882767861112507
-0.000364405406244105218831
-0.0000100295224079849820516
-0.000278748829069744435237
0.000212105918219877456304
-0.00198803808312885351059
0.00157045577862468568353
-0.00122784918908703661368
0.0000351486754911105933912
-0.00110587981148798621992
0.000913269779109128641111
0.00312259113989241466885
-0.00510394418229887782099
-0.00131800515300284876853
0.00169938844805534495104
-0.0011058798114879848795
-0.000558899385822801993957
0.0274964537776290866699
-0.00131800515300284350143
0.0000351486754911103282521
-0.000558899385822808073184
-0.00510394418229888031148
-0.0012278491890870344972
0.00312259113989241858952
0.00157045577862468451951
-0.00198803808312885467172
0.000889633616313096782667
-0.00449670161090762994483
-0.00407661293538717316779
0.0010992861874905010767
-0.000383768215057597201632
-0.00292396422412799551961
0.00971939290041752178126
-0.00451794523728975902047
0.00109928618749050126829
0.0124334989183392093612
0.00971939290041752701379
-0.00407661293538717185521
-0.0029239642241279967545
-0.00449670161090762660763
0.000889633616313095925187
0.000650579304967373880489
-0.00218015345142894027956
0.00157998824861331276994
-0.00022594117335607557804
-0.00407661293538717276461
-0.00727558267808597151919
0.00157998824861331027338
-0.0040766129353871730008
-0.00218015345142894221448
0.000650579304967375101988
0.000692580763152242088304
0.00191222650079838949565
-0.000522061397990325190998
0.00517690217780407391452
0.00191222650079839163752
0.00069258076315224310627
-0.00253428016774959839251
-0.000796288392629344201297
-0.00253428016774959823074
0.00191268163077347107904
0.000913269779109127165079
-0.00110587981148798450717
0.0000351486754911097701513
-0.00122784918908703630175
0.00157045577862468765963
-0.00198803808312885554281
-0.00110587981148798434798
0.00169938844805534360112
-0.00131800515300284653144
-0.00510394418229887835002
0.00312259113989241631745
0.0000351486754911098428219
-0.00131800515300284350143
0.0274964537776290887287
-0.000558899385822806975202
-0.00122784918908703639288
-0.00510394418229888230228
-0.000558899385822809023395
0.00157045577862468839052
0.00312259113989241763917
-0.00198803808312885597402
-0.000383768215057596067382
0.00109928618749049919509
-0.0040766129353871730713
-0.00449670161090762877624
0.000889633616313096423377
0.00109928618749049959051
-0.00451794523728975929855
0.00971939290041752570945
-0.00292396422412799793725
-0.0040766129353871704394
0.00971939290041752621617
0.0124334989183392090698
-0.00449670161090763045011
-0.00292396422412800018286
0.000889633616313097270624
-0.000225941173356076743618
0.00157998824861331276994
-0.00218015345142894243171
0.000650579304967373925338
0.00157998824861331204517
-0.00727558267808597461433
-0.00407661293538717079944
-0.0021801534514289423078
-0.00407661293538717099563
0.000650579304967374264655
-0.000522061397990324744279
0.00191222650079838830852
0.000692580763152242632965
0.00191222650079838980232
0.00517690217780407471497
0.000692580763152242690411
-0.000796288392629345434028
-0.0025342801677495965956
-0.0025342801677495974894
0.00191268163077347077745
0.000212105918219876862901
-0.000364405406244104182043
0.000454144105838999280741
-0.000275218035900961422941
-0.00102921534967639571331
0.00110097052234716293966
-0.000278748829069744379477
0.000649868855186676361795
-0.00122784918908703477339
0.00223873710464082292427
-0.00227446604487554532778
0.0000770366882767865446807
0.0000351486754911103282521
-0.000558899385822806975202
0.00489172209970639129329
0.000454144105838999823294
0.000484477659056415022344
-0.00157303790600916709142
0.000189965936746525417873
0.000607821735636305282888
-0.000107964452235513680112
-0.0000100295224079845427481
-0.000180124503624644175644
0.000650579304967374864917
-0.000927053320182644543692
-0.00102921534967639367378
-0.000134612164947103871765
0.000499810617089415061414
-0.00141334943354226086722
0.00223873710464082395699
0.000692580763152242606195
0.00103479547381992242569
-0.000558899385822807570223
0.00237732552930630697243
0.000484477659056415129428
0.000189965936746525179811
0.0000333675385954283339657
-0.000225941173356075665844
0.000650579304967373893568
-0.000275218035900962154228
-0.000522061397990325204074
0.000499810617089413227233
-0.0012278491890870344301
0.00069258076315224254418
0.000035148675491110551879
0.000454144105839000201812
0.0000333675385954287270784
-0.000180124503624643713958
0.000454144105839000088625
-0.000134612164947103724848
0.000649868855186676843978
0.0000770366882767860371248
-0.0000100295224079851938042
-0.000364405406244104723366
-0.000278748829069744252467
0.000212105918219877342369
-0.000107964452235513211953
0.000189965936746524716134
0.000454144105839000470346
0.0000770366882767863117691
-0.000278748829069744358058
0.0002121059182198772908
0.000607821735636304920159
0.000484477659056414863914
0.0000351486754911105704416
0.000649868855186676748152
-0.000364405406244104625631
-0.00157303790600916694521
-0.000558899385822808073184
-0.00122784918908703639288
0.000454144105838999823294
0.00489172209970639197217
0.00223873710464082468089
-0.000275218035900961309546
-0.00227446604487554836072
-0.00102921534967639582248
0.00110097052234716367305
0.000189965936746524520156
0.00237732552930630742112
0.000692580763152243512681
-0.000134612164947102789182
-0.0000100295224079848720581
0.000484477659056414743671
0.00103479547381992203968
0.000499810617089415638018
-0.000180124503624643220743
-0.000558899385822808270468
-0.00141334943354226260147
0.000650579304967373372589
0.00223873710464082357254
-0.000927053320182642627702
-0.00102921534967639547807
0.000454144105839000125909
0.000692580763152242585252
-0.000522061397990324568067
0.000033367538595428770224
0.0000351486754911104779199
0.000499810617089415314716
-0.000225941173356075535411
-0.00122784918908703519911
0.000650579304967373776438
-0.000275218035900961962541
0.0000770366882767861696394
-0.000134612164947103297223
0.0000333675385954287323662
0.000649868855186676610897
-0.000180124503624643537858
0.00045414410583900002903
-0.000278748829069744318841
-0.0000100295224079849087805
-0.000364405406244104665735
0.000212105918219877228701
0.000545519329850504997915
-0.000222791747257011071908
0.000649868855186677508107
0.000649868855186676706185
-0.000222791747257012123904
0.000545519329850506411522
-0.00107719750282088356009
0.00192509120114662226087
0.0016993884480553455758
0.00192509120114662262133
-0.00107719750282088545334
0.000484477659056411743638
-0.00510394418229888031148
-0.00510394418229888230228
0.000484477659056415022344
0.00223873710464082468089
0.0228621621359245238863
0.00223873710464082249693
-0.00428449608851760004001
-0.00428449608851759420893
0.00418066698236185200568
-0.000142168581443557920304
0.00194742983931037393535
0.00517690217780407329756
0.00194742983931037156589
-0.000142168581443558448625
0.00102996679835703049172
0.00253751782912751416107
0.00253751782912750833465
0.00102996679835703118297
-0.00292396422412799773697
0.00262519928996564390026
-0.00292396422412799583102
0.0112439919829452961188
0.0112439919829452960037
-0.00303568881781927702346
-0.000180124503624643538098
0.00191222650079838944424
0.00191222650079838825711
-0.000180124503624643722663
0.00109928618749050065649
-0.0000369227705177772842647
0.00109928618749049990543
-0.00449670161090762892211
-0.00449670161090762602376
-0.000927053320182644277532
-0.000134612164947103267299
0.0010325282366135429029
-0.000134612164947104062746
0.00194742983931037243867
0.00194742983931037329123
0.00237732552930630658285
-0.000754646060202016827087
-0.000754646060202015756331
-0.00248196903816328099076
0.00134898968922056786916
0.000212105918219876601757
-0.000278748829069743922982
0.000077036688276786417399
0.00045414410583899991247
0.000189965936746525441499
-0.000107964452235513734307
-0.000364405406244103859607
0.000649868855186675576332
0.0000351486754911108082468
0.000484477659056414422644
0.000607821735636304892393
0.000454144105838999156052
-0.0012278491890870344972
-0.000558899385822809023395
-0.00157303790600916709142
-0.000275218035900961309546
0.00223873710464082249693
0.00489172209970639193888
-0.00102921534967639602512
-0.00227446604487554662379
0.00110097052234716311486
-0.0000100295224079844729517
-0.000134612164947103925754
0.000692580763152243338283
0.00237732552930630704013
0.000189965936746524976277
-0.000180124503624644138272
0.000499810617089415680603
0.00103479547381992130613
0.000484477659056414124046
0.000650579304967374609246
-0.00141334943354226316332
-0.000558899385822808751435
-0.000927053320182643998945
0.00223873710464082342405
-0.00102921534967639466215
0.0000333675385954283731917
-0.000522061397990325014786
0.000692580763152243129915
0.000454144105839000167594
-0.000225941173356075752352
0.000499810617089414352606
0.000035148675491111029483
0.000650579304967374122234
-0.00122784918908703397919
-0.000275218035900962193633
0.000033367538595428732366
-0.000134612164947104092669
0.000077036688276785925413
-0.000180124503624643856473
0.000649868855186676189458
0.00045414410583899998916
-0.0000100295224079849925936
-0.000278748829069743765931
-0.000364405406244104461474
0.000212105918219877000223
-0.000126111259451717771859
-0.0000948374838051847963744
-0.000364405406244105630127
-0.000278748829069744360334
-0.000019834886866596615133
0.00000983869208507700553668
0.000103690515647771344461
-0.00107719750282088558534
-0.00110587981148798630471
-0.000222791747257012008927
-0.0000948374838051849223863
0.000607821735636306896374
0.00312259113989241858952
0.00157045577862468839052
0.000189965936746525417873
-0.00227446604487554836072
-0.00428449608851760004001
-0.00102921534967639602512
0.00550689995731921746894
0.00320120300923439679992
-0.00300549392913297177807
-0.0000948374838051846550964
-0.00248196903816328344126
-0.00253428016774959948427
-0.000754646060202017440529
0.0000443462439269678881538
-0.00107719750282088554024
-0.00301909774729093679639
-0.00227306032138402872807
-0.000142168581443559068718
0.00312259113989241923928
0.00456464471995288198843
0.000889633616313098620323
-0.00428449608851760131174
-0.00303568881781928245115
0.00320120300923439664968
-0.000364405406244105102844
-0.0025342801677495982724
-0.00079628839262934520926
-0.0000100295224079852494083
-0.00110587981148798573608
-0.00227306032138402904186
-0.000383768215057597617365
0.00157045577862468725386
0.000889633616313097577146
-0.00102921534967639498184
-0.000278748829069744530547
-0.000754646060202017271819
-0.0000100295224079850837133
-0.000222791747257012139336
-0.000142168581443558875879
0.000189965936746525186046
-0.000019834886866596311993
0.0000443462439269679669944
-0.0000948374838051848661918
0.0000098386920850768997195
0.00000983869208507779422921
-0.0000198348868665969057552
-0.000278748829069744604066
-0.000364405406244104598064
-0.0000948374838051850065324
-0.000126111259451717766112
-0.0000948374838051864715941
-0.000222791747257010377465
-0.00110587981148798541802
-0.00107719750282088470082
0.000103690515647771946254
0.00018996593674652675418
0.00157045577862468451951
0.00312259113989241763917
0.000607821735636305282888
-0.00102921534967639582248
-0.00428449608851759420893
-0.00227446604487554662379
0.00320120300923439679992
0.00550689995731920825877
-0.00300549392913296868189
0.0000443462439269676775408
-0.000754646060202016171787
-0.00253428016774959754021
-0.00248196903816328057602
-0.0000948374838051849225244
-0.000142168581443558034076
-0.0022730603213840283995
-0.00301909774729093177001
-0.00107719750282088484543
0.000889633616313097011582
0.00456464471995287872292
0.00312259113989241576987
-0.0030356888178192778979
-0.00428449608851759844588
0.0032012030092343930128
-0.0000100295224079850376558
-0.000796288392629343976535
-0.00253428016774959647549
-0.000364405406244104607379
-0.000383768215057597001919
-0.00227306032138402685578
-0.00110587981148798445053
0.000889633616313096872638
0.00157045577862468492403
-0.00102921534967639371251
-0.0000100295224079849999008
-0.000754646060202016201065
-0.000278748829069743977637
-0.000142168581443558627004
-0.00022279174725701177211
0.000189965936746524884943
0.0000443462439269679669943
-0.0000198348868665964788374
-0.0000948374838051847775388
0.00000983869208507696558566
0.000102625231538218095198
0.00000983869208507725061096
0.000212105918219877588813
0.000212105918219877190069
0.00000983869208507703136875
0.0001026252315382185851
-0.000126111259451716896182
0.000545519329850505474599
0.000913269779109128832599
0.000545519329850505914042
-0.000126111259451717838797
-0.000107964452235514899869
-0.00198803808312885467172
-0.00198803808312885597402
-0.000107964452235513680112
0.00110097052234716367305
0.00418066698236185200568
0.00110097052234716311486
-0.00300549392913297177807
-0.00300549392913296868189
0.00293773399153200581251
0.00000983869208507712519599
0.00134898968922056857456
0.00191268163077347111053
0.00134898968922056825261
0.00000983869208507703327494
0.000545519329850505742105
0.00258908705624487835396
0.00258908705624487604619
0.000545519329850506127212
-0.00198803808312885563703
-0.00469574632405045959234
-0.00198803808312885485721
0.00418066698236185337226
0.00418066698236185428108
-0.00300549392913296976235
0.000212105918219877390523
0.00191268163077347062853
0.00191268163077347032694
0.000212105918219877276588
0.000913269779109128543071
0.00258908705624487688903
0.000913269779109128064672
-0.00198803808312885564711
-0.00198803808312885440584
0.00110097052234716267301
0.000212105918219877429574
0.00134898968922056873194
0.000212105918219877201095
0.000545519329850506561701
0.000545519329850506595813
-0.000107964452235513533035
0.00000983869208507694608404
0.00000983869208507701195041
-0.00012611125945171806251
0.000102625231538218675058
-0.00300549392913296780862
0.00320120300923439469952
-0.00102921534967639409493
0.000189965936746524681098
-0.0000948374838051845481445
0.00000983869208507705116857
0.0032012030092343942168
-0.00303568881781927951604
0.000889633616313097303468
-0.000142168581443558046204
0.0000443462439269677919421
-0.00102921534967639368393
0.000889633616313096782667
-0.000383768215057596067382
-0.0000100295224079845427481
0.000189965936746524520156
-0.000142168581443557920304
-0.0000100295224079844729517
-0.0000948374838051846550964
0.0000443462439269676775408
0.00000983869208507712519599
0.00550689995731921233376
-0.00428449608851759918736
0.0015704557786246858794
-0.000222791747257011674501
-0.0000198348868665967639842
-0.00428449608851759977305
0.0045646447199528722572
-0.00227306032138402563278
-0.00075464606020201504062
0.001570455778624685419
-0.00227306032138402602768
-0.000796288392629345027691
-0.000222791747257011456536
-0.000754646060202014892346
-0.0000198348868665967458126
-0.00227446604487554667917
0.00312259113989241536176
-0.00110587981148798459485
-0.000278748829069743949398
0.00312259113989241537532
-0.00301909774729093313044
-0.00253428016774959922011
-0.00110587981148798440506
-0.00253428016774959859729
-0.000278748829069744056741
0.000607821735636305255903
-0.00107719750282088346385
-0.000364405406244104227732
-0.00107719750282088359774
-0.00248196903816327859897
-0.00036440540624410411798
0.000103690515647771598975
-0.0000948374838051863057886
-0.0000948374838051860347615
-0.00012611125945171703427
0.00418066698236185164616
-0.00428449608851759879289
0.00223873710464082270519
0.000484477659056414834408
-0.00107719750282088600362
0.000545519329850505872608
-0.00303568881781927922045
0.0112439919829452982854
-0.00292396422412799627934
0.00102996679835703082416
-0.000142168581443557938312
-0.000927053320182645304834
-0.00449670161090762994483
0.00109928618749049919509
-0.000180124503624644175644
0.00237732552930630742112
0.00194742983931037393535
-0.000134612164947103925754
-0.00248196903816328344126
-0.000754646060202016171787
0.00134898968922056857456
-0.00428449608851759918736
0.0228621621359245304039
-0.00510394418229887702352
0.00192509120114662417126
-0.000222791747257010722445
0.0112439919829453000052
0.00262519928996565951002
0.00253751782912750861314
0.00194742983931037086429
-0.00449670161090762913706
-0.0000369227705177793453918
0.0019122265007983904696
0.00194742983931037379668
0.00103252823661354217976
-0.000754646060202016227683
0.00223873710464082327026
-0.00510394418229887864275
0.00169938844805534407457
0.000649868855186676066079
-0.00292396422412799672057
0.00253751782912750849516
0.00517690217780407476282
0.00109928618749049984673
0.00191222650079839095802
-0.000134612164947104151056
0.000484477659056414646839
0.00192509120114662320036
0.000649868855186676106466
0.00102996679835703031103
0.00194742983931037050662
-0.000180124503624644237332
-0.00107719750282088590364
-0.000222791747257010688129
-0.000142168581443558013498
0.00054551932985050605103
-0.0019880380831288535701
0.00312259113989241485625
-0.000558899385822802650879
-0.000558899385822808149182
0.00312259113989241923844
-0.00198803808312885508087
0.000889633616313097294695
-0.0029239642241279962244
0.0124334989183392103217
-0.00292396422412799736967
0.000889633616313096122683
0.000650579304967373306953
-0.00407661293538717316779
-0.0040766129353871730713
0.000650579304967374864917
0.000692580763152243512681
0.00517690217780407329756
0.000692580763152243338283
-0.00253428016774959948427
-0.00253428016774959754021
0.00191268163077347111053
0.0015704557786246858794
-0.00510394418229887702352
0.0274964537776290892196
-0.00510394418229888208117
0.00157045577862468482049
-0.00449670161090762985511
0.00971939290041752293375
0.00971939290041752714112
-0.00449670161090762786237
-0.00218015345142894198346
-0.00727558267808597313945
-0.00218015345142894192304
0.00191222650079839039849
0.00191222650079839139642
-0.000796288392629344671806
-0.00122784918908703628435
-0.0013180051530028483576
-0.0013180051530028461205
-0.00122784918908703476243
-0.0040766129353871733986
-0.00451794523728976094804
-0.00407661293538717279476
0.00157998824861331278819
0.00157998824861331064971
-0.000522061397990325186352
0.0000351486754911104279332
0.0016993884480553459779
0.0000351486754911106657324
0.00109928618749050159737
0.001099286187490501894
-0.000225941173356075762963
-0.00110587981148798621392
-0.00110587981148798532722
-0.000383768215057597413527
0.000913269779109129096199
0.000545519329850505389663
-0.00107719750282088434921
0.000484477659056412757925
0.00223873710464082373879
-0.00428449608851760085197
0.00418066698236185198187
-0.000142168581443557939008
0.00102996679835703082416
-0.0029239642241279974246
0.0112439919829452944604
-0.00303568881781927588245
-0.000180124503624643857437
0.0010992861874905010767
-0.00449670161090762877624
-0.000927053320182644543692
-0.000134612164947102789182
0.00194742983931037156589
0.00237732552930630704013
-0.000754646060202017440529
-0.00248196903816328057602
0.00134898968922056825261
-0.000222791747257011674501
0.00192509120114662417126
-0.00510394418229888208117
0.0228621621359245251059
-0.00428449608851759345872
0.00194742983931037436736
0.00253751782912751397549
0.00262519928996564678163
0.0112439919829452975695
0.00191222650079838903987
-0.0000369227705177781293034
-0.00449670161090762613768
0.00103252823661354326266
0.00194742983931037373992
-0.000754646060202016444125
0.0006498688551866771753
0.00169938844805534542449
-0.00510394418229887917178
0.00223873710464082386167
0.00517690217780407252662
0.00253751782912750954075
-0.00292396422412799535758
0.00191222650079838762237
0.00109928618749049953218
-0.000134612164947103822138
0.000649868855186677278281
0.00192509120114662356081
0.000484477659056414205569
0.0019474298393103724541
0.00102996679835703193026
-0.000180124503624643882428
-0.000222791747257012319586
-0.00107719750282088501911
-0.000142168581443559010656
0.000545519329850506490468
0.00000983869208507782100662
-0.0000948374838051866590659
0.000189965936746527100862
-0.00102921534967639620834
0.00320120300923439696283
-0.00300549392913296871584
0.000044346243926967791942
-0.000142168581443558045506
0.000889633616313096131456
-0.00303568881781927617804
0.00320120300923439142697
-0.0000100295224079851165524
-0.000383768215057597201632
0.000889633616313096423377
-0.00102921534967639367378
-0.0000100295224079848720581
-0.000142168581443558448625
0.000189965936746524976277
0.0000443462439269678881538
-0.0000948374838051849225244
0.00000983869208507703327494
-0.0000198348868665967639842
-0.000222791747257010722445
0.00157045577862468482049
-0.00428449608851759345872
0.00550689995731920734721
-0.000754646060202016420051
-0.00227306032138402862705
0.00456464471995287861909
-0.00428449608851759870291
-0.000796288392629344028615
-0.00227306032138402733407
0.00157045577862468481951
-0.0007546460602020163033
-0.000222791747257011704339
-0.0000198348868665964094892
-0.000278748829069744324207
-0.00110587981148798512637
0.00312259113989241701035
-0.00227446604487554655625
-0.00253428016774959694828
-0.0030190977472909329742
0.00312259113989241569389
-0.00253428016774959600934
-0.00110587981148798459734
-0.000278748829069744228604
-0.000364405406244104993753
-0.0010771975028208853571
0.000607821735636305228136
-0.00248196903816328114179
-0.00107719750282088536743
-0.000364405406244104537852
-0.000094837483805184756585
0.000103690515647772200765
-0.000094837483805184721512
-0.000126111259451717976882
0.00418066698236185164607
-0.00303568881781927915602
-0.000927053320182644773586
0.00237732552930630750206
-0.00248196903816328411814
0.00134898968922056902614
-0.00428449608851759928985
0.0112439919829452987045
-0.00449670161090763055176
0.00194742983931037492762
-0.000754646060202016511238
0.0022387371046408221321
-0.00292396422412799551961
0.00109928618749049959051
-0.000134612164947103871765
0.000484477659056414743671
0.00102996679835703049172
-0.000180124503624644138272
-0.00107719750282088554024
-0.000142168581443558034076
0.000545519329850505742105
-0.00428449608851759977305
0.0112439919829453000052
-0.00449670161090762985511
0.00194742983931037436736
-0.000754646060202016420051
0.0228621621359245274993
0.00262519928996566104626
-0.0000369227705177799744853
0.0010325282366135434888
-0.00510394418229887520287
0.00253751782912750941246
0.00191222650079839023553
0.00192509120114662357761
0.00194742983931037077959
-0.000222791747257010896437
0.00223873710464082270131
-0.00292396422412799683437
0.00109928618749050006034
-0.00013461216494710401034
-0.00510394418229887876059
0.00253751782912750767248
0.00191222650079839109094
0.001699388448055343932
0.00517690217780407374515
0.000649868855186676321823
0.000484477659056414837645
0.0010299667983570307339
-0.000180124503624644051883
0.00192509120114662396066
0.00194742983931037096121
0.00064986885518667606324
-0.0010771975028208862503
-0.000142168581443558214519
-0.00022279174725701130982
0.000545519329850506337554
-0.00469574632405045019762
0.00456464471995287246408
-0.00141334943354225970297
0.001034795473819923016
-0.00301909774729093782471
0.00258908705624487873911
0.00456464471995287148516
0.00262519928996565763063
0.00971939290041752159495
0.00253751782912751398612
-0.00227306032138402826921
-0.00141334943354225864469
0.00971939290041752178126
-0.00451794523728975929855
0.000499810617089415061414
0.00103479547381992203968
0.00253751782912751416107
0.000499810617089415680603
-0.00301909774729093679639
-0.0022730603213840283995
0.00258908705624487835396
0.0045646447199528722572
0.00262519928996565951002
0.00971939290041752293375
0.00253751782912751397549
-0.00227306032138402862705
0.00262519928996566104626
0.114203415899735319489
-0.00670485330333783806086
-0.0000369227705177703353011
0.00971939290041752325144
-0.00670485330333783923922
-0.00727558267808597233757
0.00253751782912751480373
-0.0000369227705177699390643
-0.00227306032138402924376
-0.00141334943354226011605
0.00971939290041751935632
-0.00451794523728976096958
0.000499810617089415760068
0.00971939290041751912407
-0.00670485330333784485645
-0.00727558267808597326192
-0.00451794523728976151904
-0.00727558267808597286693
0.000499810617089414885859
0.00103479547381992292024
0.00253751782912751623238
0.000499810617089415170936
0.00253751782912751733846
-0.0000369227705177677705811
0.000499810617089416106675
-0.00301909774729093889999
-0.00227306032138402976802
-0.00227306032138403080352
0.00258908705624488056203
0.00258908705624487447369
-0.00301909774729093413111
0.00103479547381992356182
-0.00141334943354226391948
0.00456464471995288273209
-0.00469574632405045934504
-0.00227306032138402527493
0.00253751782912750862378
0.00971939290041752580231
0.00262519928996564490224
0.00456464471995287784706
0.000499810617089412721358
-0.00451794523728975902047
0.00971939290041752570945
-0.00141334943354226086722
0.000499810617089415638018
0.00253751782912750833465
0.00103479547381992130613
-0.00227306032138402872807
-0.00301909774729093177001
0.00258908705624487604619
-0.00227306032138402563278
0.00253751782912750861314
0.00971939290041752714112
0.00262519928996564678163
0.00456464471995287861909
-0.0000369227705177799744853
-0.00670485330333783806086
0.114203415899735313431
0.00262519928996564156304
-0.00727558267808597088679
-0.00670485330333784250663
0.00971939290041752881689
-0.0000369227705177779519402
0.00253751782912750993182
-0.00227306032138402722781
0.00049981061708941342001
-0.00451794523728976069151
0.0097193929004175232845
-0.00141334943354226233858
-0.00727558267808597181116
-0.0067048533033378481239
0.00971939290041752468951
-0.00727558267808597451845
-0.00451794523728976087727
0.000499810617089413482279
0.000499810617089415128356
0.00253751782912751040597
0.00103479547381992218669
-0.0000369227705177757834361
0.00253751782912751246655
0.0004998106170894147031
-0.0022730603213840300966
-0.0030190977472909338736
-0.00227306032138402878757
0.00258908705624487825427
0.00134898968922056595448
-0.00248196903816327874147
0.00237732552930630363509
-0.000927053320182642148503
-0.00303568881781928382558
0.00418066698236185469416
-0.000754646060202015131805
0.00194742983931037142454
-0.00449670161090762855902
0.0112439919829452962688
-0.00428449608851759821972
-0.000134612164947103669048
0.00109928618749050126829
-0.00292396422412799793725
0.00223873710464082395699
-0.000180124503624643220743
0.00102996679835703118297
0.000484477659056414124046
-0.000142168581443559068718
-0.00107719750282088484543
0.000545519329850506127212
-0.00075464606020201504062
0.00194742983931037086429
-0.00449670161090762786237
0.0112439919829452975695
-0.00428449608851759870291
0.0010325282366135434888
-0.0000369227705177703353011
0.00262519928996564156304
0.0228621621359245287044
0.00191222650079839019962
0.00253751782912751215278
-0.00510394418229887864279
0.00194742983931037426145
0.00192509120114662552224
-0.000222791747257011574864
-0.000134612164947103807621
0.00109928618749050173813
-0.002923964224127999252
0.00223873710464082452621
0.00191222650079839105505
0.00253751782912751041283
-0.0051039441822988822005
0.00517690217780407422878
0.00169938844805534599218
0.000649868855186676874407
-0.000180124503624643134353
0.00102996679835703142515
0.000484477659056414218019
0.00194742983931037444305
0.00192509120114662590528
0.000649868855186676615817
-0.000142168581443559249157
-0.00107719750282088555548
-0.000222791747257011988241
0.000545519329850506722656
-0.00198803808312885308093
0.000889633616313096814725
0.000650579304967373220938
0.000692580763152243552804
-0.00253428016774959942264
0.00191268163077347101117
0.00312259113989241439515
-0.00292396422412799505669
-0.00407661293538717382715
0.00517690217780407243774
-0.00253428016774959671936
-0.000558899385822802807111
0.0124334989183392093612
-0.0040766129353871704394
0.000692580763152242606195
-0.000558899385822808270468
-0.00292396422412799773697
0.000650579304967374609246
0.00312259113989241923928
0.000889633616313097011582
-0.00198803808312885563703
0.001570455778624685419
-0.00449670161090762913706
-0.00218015345142894198346
0.00191222650079838903987
-0.000796288392629344028615
-0.00510394418229887520287
0.00971939290041752325144
-0.00727558267808597088679
0.00191222650079839019962
0.0274964537776290843226
0.00971939290041752988936
-0.00218015345142893916983
-0.00510394418229888322609
-0.00449670161090762912784
0.00157045577862468637586
-0.00122784918908703583486
-0.00407661293538717352848
0.00157998824861331206575
-0.00052206139799032512219
-0.00131800515300284909384
-0.00451794523728976132993
0.00157998824861331031807
-0.00131800515300284604172
-0.00407661293538717246861
-0.00122784918908703492394
0.0000351486754911103311907
0.00109928618749050104398
-0.000225941173356075883368
0.0016993884480553464598
0.00109928618749050228438
0.000035148675491111012875
-0.00110587981148798619729
-0.000383768215057597522317
-0.00110587981148798596805
0.000913269779109129060408
0.00258908705624487438811
-0.0022730603213840254205
0.000499810617089412780221
0.00049981061708941623099
-0.00227306032138403019145
0.00258908705624487746481
-0.00301909774729093354672
0.00253751782912750911675
-0.00451794523728976118777
0.00253751782912751016232
-0.00301909774729093339047
0.00103479547381992216135
0.00971939290041752701379
0.00971939290041752621617
0.00103479547381992242569
-0.00141334943354226260147
0.00262519928996564390026
-0.00141334943354226316332
0.00456464471995288198843
0.00456464471995287872292
-0.00469574632405045959234
-0.00227306032138402602768
-0.0000369227705177793453918
-0.00727558267808597313945
-0.0000369227705177781293034
-0.00227306032138402733407
0.00253751782912750941246
-0.00670485330333783923922
-0.00670485330333784250663
0.00253751782912751215278
0.00971939290041752988936
0.114203415899735316849
0.00971939290041752922248
0.00262519928996564379215
0.00262519928996563970659
0.00456464471995288076825
0.000499810617089413643609
-0.00727558267808597138736
-0.0072755826780859744825
0.000499810617089414063595
-0.00451794523728976139044
-0.00670485330333784766047
-0.00451794523728976028235
0.00971939290041752359568
0.00971939290041752467348
-0.00141334943354226092997
0.000499810617089415037823
-0.0000369227705177770277138
0.000499810617089414075713
0.00253751782912751172813
0.00253751782912751212916
0.00103479547381992175996
-0.00227306032138402987385
-0.00227306032138402768777
-0.003019097747290934359
0.00258908705624487774108
0.00191268163077347137996
-0.00253428016774959933749
0.00069258076315224339342
0.000650579304967373252955
0.000889633616313098236809
-0.00198803808312885442109
-0.00253428016774959899119
0.00517690217780407467395
-0.00407661293538717322332
-0.0029239642241279936937
0.00312259113989241471372
0.000692580763152242668545
-0.00407661293538717185521
0.0124334989183392090698
-0.000558899385822807570223
0.000650579304967373372589
-0.00292396422412799583102
-0.000558899385822808751435
0.000889633616313098620323
0.00312259113989241576987
-0.00198803808312885485721
-0.000796288392629345027691
0.0019122265007983904696
-0.00218015345142894192304
-0.00449670161090762613768
0.00157045577862468481951
0.00191222650079839023553
-0.00727558267808597233757
0.00971939290041752881689
-0.00510394418229887864279
-0.00218015345142893916983
0.00971939290041752922248
0.0274964537776290568494
-0.00449670161090762909602
-0.00510394418229888227622
0.00157045577862468604602
-0.000522061397990325261462
0.00157998824861331029396
-0.0040766129353871715633
-0.00122784918908703450212
0.00157998824861331031806
-0.00451794523728976022185
-0.0013180051530028470858
-0.0040766129353871710916
-0.00131800515300284750055
-0.00122784918908703463503
-0.000225941173356075666427
0.00109928618749050029292
0.0000351486754911108827529
0.0010992861874905009731
0.0016993884480553460841
0.000035148675491110962733
-0.000383768215057598137766
-0.00110587981148798491174
-0.0011058798114879852264
0.00091326977910912858201
0.000545519329850505092255
-0.00014216858144355742289
-0.000180124503624643849601
-0.000134612164947102952734
-0.000754646060202017517648
0.00134898968922056876911
-0.00107719750282088410267
0.00102996679835702973289
0.00109928618749050182343
0.00194742983931037164284
-0.00248196903816328092209
0.000484477659056412834089
-0.0029239642241279967545
-0.00449670161090763045011
0.00237732552930630697243
0.00223873710464082357254
0.0112439919829452961188
-0.000927053320182643998945
-0.00428449608851760131174
-0.0030356888178192778979
0.00418066698236185337226
-0.000222791747257011456536
0.00194742983931037379668
0.00191222650079839039849
0.00103252823661354326266
-0.0007546460602020163033
0.00192509120114662357761
0.00253751782912751480373
-0.0000369227705177779519402
0.00194742983931037426145
-0.00510394418229888322609
0.00262519928996564379215
-0.00449670161090762909602
0.0228621621359245274206
0.0112439919829453009765
-0.00428449608851759742272
0.000649868855186677135381
0.00517690217780407351742
0.00191222650079838911839
-0.000134612164947103515416
0.00169938844805534601561
0.00253751782912751051537
0.0010992861874904997263
-0.00510394418229888073458
-0.00292396422412799629042
0.00223873710464082404527
0.000649868855186677127791
0.00194742983931037361153
-0.000180124503624643649963
0.00192509120114662480513
0.00102996679835703226685
0.000484477659056414334302
-0.000222791747257012051994
-0.000142168581443558814335
-0.0010771975028208855908
0.000545519329850506310002
0.00134898968922056555396
-0.000754646060202014294964
-0.000134612164947103773056
-0.000180124503624643428491
-0.000142168581443559055002
0.000545519329850506684992
-0.00248196903816327837926
0.00194742983931036969535
0.00109928618749050212007
0.00102996679835703135212
-0.00107719750282088587236
0.00237732552930630359974
-0.00449670161090762660763
-0.00292396422412800018286
0.000484477659056415129428
-0.000927053320182642627702
0.0112439919829452960037
0.00223873710464082342405
-0.00303568881781928245115
-0.00428449608851759844588
0.00418066698236185428108
-0.000754646060202014892346
0.00103252823661354217976
0.00191222650079839139642
0.00194742983931037373992
-0.000222791747257011704339
0.00194742983931037077959
-0.0000369227705177699390643
0.00253751782912750993182
0.00192509120114662552224
-0.00449670161090762912784
0.00262519928996563970659
-0.00510394418229888227622
0.0112439919829453009765
0.0228621621359245296224
-0.00428449608851759910089
-0.000134612164947103549745
0.00191222650079839095359
0.00517690217780407431787
0.00064986885518667643915
0.00109928618749050103758
0.00253751782912751091641
0.00169938844805534563992
-0.00292396422412799929554
-0.00510394418229887973931
0.00223873710464082469275
-0.000180124503624643331347
0.0019474298393103744641
0.000649868855186676706353
0.00102996679835703226685
0.00192509120114662581959
0.000484477659056414155851
-0.00014216858144355906321
-0.000222791747257011684766
-0.0010771975028208856765
0.000545519329850506344114
0.0000098386920850777643822
0.000044346243926967517569
-0.0000100295224079850413213
-0.0000100295224079848138897
0.0000443462439269678818019
0.00000983869208507708260861
-0.0000948374838051863177657
-0.000142168581443557533055
-0.000383768215057597533997
-0.000142168581443558530216
-0.0000948374838051850045117
0.000189965936746526472813
0.000889633616313095925187
0.000889633616313097270624
0.000189965936746525179811
-0.00102921534967639547807
-0.00303568881781927702346
-0.00102921534967639466215
0.00320120300923439664968
0.0032012030092343930128
-0.00300549392913296976235
-0.0000198348868665967458126
-0.000754646060202016227683
-0.000796288392629344671806
-0.000754646060202016444125
-0.0000198348868665964094892
-0.000222791747257010896437
-0.00227306032138402924376
-0.00227306032138402722781
-0.000222791747257011574864
0.00157045577862468637586
0.00456464471995288076825
0.00157045577862468604602
-0.00428449608851759742272
-0.00428449608851759910089
0.00550689995731921165878
-0.000278748829069744365301
-0.00253428016774959762254
-0.0025342801677495968812
-0.000278748829069744182531
-0.00110587981148798545622
-0.0030190977472909341678
-0.00110587981148798471456
0.00312259113989241807636
0.00312259113989241621648
-0.00227446604487554591945
-0.000364405406244104937451
-0.00248196903816328214318
-0.00036440540624410473319
-0.0010771975028208860771
-0.0010771975028208861628
0.000607821735636304802912
-0.0000948374838051848948802
-0.0000948374838051848062277
0.000103690515647772548018
-0.000126111259451718069451
0.00110097052234716190429
-0.00102921534967639451864
-0.000275218035900962367503
0.000454144105839000261931
-0.000364405406244105353156
0.000212105918219877411367
-0.00102921534967639429744
-0.000927053320182644411505
0.000650579304967373738291
-0.000180124503624643891418
-0.0000100295224079850380068
-0.000275218035900962195308
0.000650579304967373880489
-0.000225941173356076743618
0.0000333675385954283339657
0.000454144105839000125909
-0.000180124503624643538098
0.0000333675385954283731917
-0.000364405406244105102844
-0.0000100295224079850376558
0.000212105918219877390523
-0.00227446604487554667917
0.00223873710464082327026
-0.00122784918908703628435
0.0006498688551866771753
-0.000278748829069744324207
0.00223873710464082270131
-0.00141334943354226011605
0.00049981061708941342001
-0.000134612164947103807621
-0.00122784918908703583486
0.000499810617089413643609
-0.000522061397990325261462
0.000649868855186677135381
-0.000134612164947103549745
-0.000278748829069744365301
0.00489172209970639146445
-0.000558899385822803914048
0.0000351486754911103346494
0.0000770366882767862936043
-0.000558899385822804551336
0.00103479547381992227671
0.000692580763152243330318
0.000035148675491110340867
0.000692580763152242916834
0.0000770366882767861471213
-0.00157303790600916666992
0.000484477659056412170629
0.00045414410583899963047
0.000484477659056412401177
0.00237732552930630434788
0.00045414410583899969121
0.000607821735636306104716
0.000189965936746526525076
0.000189965936746526147175
-0.000107964452235514684667
-0.00198803808312885346574
0.00157045577862468600934
-0.0012278491890870361979
0.0000351486754911106338775
-0.00110587981148798597724
0.000913269779109128601104
0.000889633616313097121082
-0.00449670161090762981525
-0.00407661293538717253741
0.00109928618749050135299
-0.000383768215057597139207
0.000650579304967373848718
-0.00218015345142894027956
0.00157998824861331276994
-0.000225941173356075665844
0.000692580763152242585252
0.00191222650079838944424
-0.000522061397990325014786
-0.0025342801677495982724
-0.000796288392629343976535
0.00191268163077347062853
0.00312259113989241536176
-0.00510394418229887864275
-0.0013180051530028483576
0.00169938844805534542449
-0.00110587981148798512637
-0.00292396422412799683437
0.00971939290041751935632
-0.00451794523728976069151
0.00109928618749050173813
-0.00407661293538717352848
-0.00727558267808597138736
0.00157998824861331029396
0.00517690217780407351742
0.00191222650079839095359
-0.00253428016774959762254
-0.000558899385822803914048
0.0274964537776290854077
-0.00131800515300284597453
0.0000351486754911108200808
0.012433498918339208993
0.00971939290041752452871
-0.00407661293538717302722
-0.00407661293538717177474
-0.00218015345142894117371
0.000692580763152242451818
-0.000558899385822806427415
-0.00510394418229887895409
-0.00122784918908703440102
-0.00292396422412799631924
-0.00449670161090762719857
0.000650579304967375134233
0.00312259113989241805204
0.00157045577862468424202
0.000889633616313096209101
-0.00198803808312885507733
0.000913269779109127125067
-0.00110587981148798426448
0.0000351486754911098106354
-0.00122784918908703588596
0.00157045577862468798544
-0.00198803808312885549796
-0.000383768215057596004954
0.00109928618749049947137
-0.00407661293538717244091
-0.00449670161090762864666
0.000889633616313096761795
-0.00022594117335607683142
0.00157998824861331276994
-0.00218015345142894243171
0.000650579304967373893568
-0.000522061397990324568067
0.00191222650079838825711
0.000692580763152243129915
-0.00079628839262934520926
-0.00253428016774959647549
0.00191268163077347032694
-0.00110587981148798459485
0.00169938844805534407457
-0.0013180051530028461205
-0.00510394418229887917178
0.00312259113989241701035
0.00109928618749050006034
-0.00451794523728976096958
0.0097193929004175232845
-0.002923964224127999252
0.00157998824861331206575
-0.0072755826780859744825
-0.0040766129353871715633
0.00191222650079838911839
0.00517690217780407431787
-0.0025342801677495968812
0.0000351486754911103346494
-0.00131800515300284597453
0.0274964537776290874664
-0.000558899385822808895296
-0.00407661293538717161141
0.00971939290041752373107
0.0124334989183392087016
-0.00218015345142894126704
-0.00407661293538716976957
0.000692580763152242035959
-0.0012278491890870362967
-0.00510394418229888094489
-0.000558899385822807377617
-0.00449670161090763104105
-0.00292396422412799974759
0.000650579304967374296901
0.00157045577862468811303
0.00312259113989241710168
0.000889633616313097554535
-0.00198803808312885637963
0.00021210591821987657119
-0.000364405406244103874054
0.000454144105838999220538
-0.000275218035900961086286
-0.00102921534967639638473
0.00110097052234716334205
-0.0000100295224079844642
-0.000180124503624644209627
0.000650579304967375296255
-0.000927053320182643650364
-0.00102921534967639428729
0.0000333675385954283339644
-0.00022594117335607557804
0.000650579304967373925338
-0.000275218035900962154228
0.000033367538595428770224
-0.000180124503624643722663
0.000454144105839000167594
-0.0000100295224079852494083
-0.000364405406244104607379
0.000212105918219877276588
-0.000278748829069743949398
0.000649868855186676066079
-0.00122784918908703476243
0.00223873710464082386167
-0.00227446604487554655625
-0.00013461216494710401034
0.000499810617089415760068
-0.00141334943354226233858
0.00223873710464082452621
-0.00052206139799032512219
0.000499810617089414063595
-0.00122784918908703450212
-0.000134612164947103515416
0.00064986885518667643915
-0.000278748829069744182531
0.0000770366882767862936043
0.0000351486754911108200808
-0.000558899385822808895296
0.00489172209970639185804
0.000692580763152243267972
0.00103479547381992254105
-0.000558899385822809314446
0.000692580763152242637292
0.0000351486754911112522068
0.0000770366882767860729958
0.000454144105839000297711
0.000484477659056415449332
-0.00157303790600916681613
0.00237732552930630772057
0.000484477659056414696516
0.000454144105839000105107
0.000189965936746525188771
0.000607821735636304491232
0.000189965936746524854177
-0.000107964452235513464911
-0.00198803808312885341027
0.00088963361631309713856
0.000650579304967373454553
0.000692580763152243194108
-0.00253428016774959915382
0.00191268163077347069346
0.00157045577862468601562
-0.0044967016109076300004
-0.00218015345142894100852
0.00191222650079838956768
-0.000796288392629344030135
-0.00122784918908703576283
-0.00407661293538717276461
0.00157998824861331204517
-0.000522061397990325204074
0.0000351486754911104779199
0.00109928618749050065649
-0.000225941173356075752352
-0.00110587981148798573608
-0.000383768215057597001919
0.000913269779109128543071
0.00312259113989241537532
-0.00292396422412799672057
-0.0040766129353871733986
0.00517690217780407252662
-0.00253428016774959694828
-0.00510394418229887876059
0.00971939290041751912407
-0.00727558267808597181116
0.00191222650079839105505
-0.00131800515300284909384
-0.00451794523728976139044
0.00157998824861331031806
0.00169938844805534601561
0.00109928618749050103758
-0.00110587981148798545622
-0.000558899385822804551336
0.012433498918339208993
-0.00407661293538717161141
0.000692580763152243267972
0.0274964537776290848323
0.00971939290041752766648
-0.00218015345142894052449
-0.0013180051530028462043
-0.00407661293538717184106
0.0000351486754911106474769
-0.000558899385822806623204
-0.00292396422412799647127
0.000650579304967374502189
-0.0051039441822988806018
-0.00449670161090762811523
-0.0012278491890870347607
0.00312259113989241855598
0.000889633616313096786351
0.00157045577862468592056
-0.00198803808312885558814
0.00258908705624487378578
-0.00227306032138402515244
0.000499810617089412553785
0.000499810617089416004555
-0.00227306032138402992341
0.00258908705624487686249
-0.00227306032138402516971
-0.0000369227705177787140196
-0.00727558267808597102905
-0.0000369227705177774979119
-0.00227306032138402647612
0.000499810617089412807243
-0.00727558267808597151919
-0.00727558267808597461433
0.000499810617089413227233
0.000499810617089415314716
-0.0000369227705177772842647
0.000499810617089414352606
-0.00227306032138402904186
-0.00227306032138402685578
0.00258908705624487688903
-0.00301909774729093313044
0.00253751782912750849516
-0.00451794523728976094804
0.00253751782912750954075
-0.0030190977472909329742
0.00253751782912750767248
-0.00670485330333784485645
-0.0067048533033378481239
0.00253751782912751041283
-0.00451794523728976132993
-0.00670485330333784766047
-0.00451794523728976022185
0.00253751782912751051537
0.00253751782912751091641
-0.0030190977472909341678
0.00103479547381992227671
0.00971939290041752452871
0.00971939290041752373107
0.00103479547381992254105
0.00971939290041752766648
0.114203415899735320323
0.00971939290041752699957
0.00971939290041752449384
0.00971939290041752557164
0.00103479547381992216985
-0.00141334943354226132806
0.00262519928996564660089
-0.00141334943354226188991
0.00262519928996564460444
0.0026251992899656405189
-0.0014133494335422628172
0.00456464471995288167206
0.00456464471995287840653
0.00456464471995287981214
-0.00469574632405045997392
0.00191268163077347106225
-0.00253428016774959906866
0.000692580763152243034721
0.000650579304967373486567
0.00088963361631309856065
-0.00198803808312885475043
-0.000796288392629345029204
0.00191222650079839099741
-0.0021801534514289409481
-0.00449670161090762700102
0.00157045577862468541613
-0.000522061397990325343345
0.00157998824861331027338
-0.00407661293538717079944
-0.0012278491890870344301
-0.000225941173356075535411
0.00109928618749049990543
0.000035148675491111029483
-0.000383768215057597617365
-0.00110587981148798445053
0.000913269779109128064672
-0.00253428016774959922011
0.00517690217780407476282
-0.00407661293538717279476
-0.00292396422412799535758
0.00312259113989241569389
0.00191222650079839109094
-0.00727558267808597326192
0.00971939290041752468951
-0.0051039441822988822005
0.00157998824861331031807
-0.00451794523728976028235
-0.0013180051530028470858
0.0010992861874904997263
0.00169938844805534563992
-0.00110587981148798471456
0.000692580763152243330318
-0.00407661293538717302722
0.0124334989183392087016
-0.000558899385822809314446
-0.00218015345142894052449
0.00971939290041752699957
0.0274964537776290573592
-0.00407661293538717046406
-0.00131800515300284766313
0.0000351486754911105973301
0.000650579304967373265532
-0.00292396422412799456532
-0.000558899385822807104169
-0.00449670161090762808341
-0.00510394418229887965193
-0.00122784918908703447178
0.000889633616313098395093
0.00312259113989241508657
0.00157045577862468559072
-0.00198803808312885480831
0.000913269779109126959755
-0.000383768215057595832899
-0.000225941173356077175954
-0.000522061397990324215904
-0.000796288392629345609215
0.00191268163077347038153
-0.00110587981148798424915
0.00109928618749049975621
0.00157998824861331280753
0.0019122265007983878564
-0.00253428016774959617445
0.0000351486754911096405379
-0.0040766129353871730008
-0.0021801534514289423078
0.00069258076315224254418
-0.00122784918908703519911
-0.00449670161090762892211
0.000650579304967374122234
0.00157045577862468725386
0.000889633616313096872638
-0.00198803808312885564711
-0.00110587981148798440506
0.00109928618749049984673
0.00157998824861331278819
0.00191222650079838762237
-0.00253428016774959600934
0.001699388448055343932
-0.00451794523728976151904
-0.00727558267808597451845
0.00517690217780407422878
-0.00131800515300284604172
0.00971939290041752359568
-0.0040766129353871710916
-0.00510394418229888073458
-0.00292396422412799929554
0.00312259113989241807636
0.000035148675491110340867
-0.00407661293538717177474
-0.00218015345142894126704
0.000692580763152242637292
-0.0013180051530028462043
0.00971939290041752449384
-0.00407661293538717046406
0.0274964537776290859354
0.0124334989183392096411
-0.000558899385822807801035
-0.00122784918908703569385
-0.00449670161090763085675
0.000650579304967373979
-0.00510394418229888292491
-0.0029239642241280002387
-0.000558899385822808379966
0.00157045577862468770212
0.00088963361631309754328
0.0031225911398924187418
-0.00198803808312885606912
0.00191268163077347070518
-0.000796288392629344925781
-0.000522061397990325310157
-0.00022594117335607547339
-0.000383768215057597848665
0.000913269779109128217148
-0.0025342801677495987624
0.00191222650079839119205
0.00157998824861331066905
0.00109928618749049944166
-0.00110587981148798444142
0.000692580763152242823722
-0.00218015345142894221448
-0.00407661293538717099563
0.000035148675491110551879
0.000650579304967373776438
-0.00449670161090762602376
-0.00122784918908703397919
0.000889633616313097577146
0.00157045577862468492403
-0.00198803808312885440584
-0.00253428016774959859729
0.00191222650079839095802
0.00157998824861331064971
0.00109928618749049953218
-0.00110587981148798459734
0.00517690217780407374515
-0.00727558267808597286693
-0.00451794523728976087727
0.00169938844805534599218
-0.00407661293538717246861
0.00971939290041752467348
-0.00131800515300284750055
-0.00292396422412799629042
-0.00510394418229887973931
0.00312259113989241621648
0.000692580763152242916834
-0.00218015345142894117371
-0.00407661293538716976957
0.0000351486754911112522068
-0.00407661293538717184106
0.00971939290041752557164
-0.00131800515300284766313
0.0124334989183392096411
0.0274964537776290565294
-0.000558899385822807444382
0.000650579304967373633204
-0.00449670161090762795841
-0.00122784918908703447393
-0.00292396422412799723358
-0.00510394418229888192964
-0.000558899385822808023319
0.000889633616313098247792
0.0015704557786246853723
0.00312259113989241688193
-0.00198803808312885482785
0.000212105918219876778516
-0.0000100295224079844880101
0.000033367538595428244252
0.0000333675385954288001207
-0.0000100295224079852895976
0.000212105918219877412367
-0.000364405406244104360861
-0.000180124503624644034548
-0.000225941173356075744161
-0.000180124503624643679642
-0.000364405406244104780738
0.000454144105838999787913
0.000650579304967375101988
0.000650579304967374264655
0.000454144105839000201812
-0.000275218035900961962541
-0.000927053320182644277532
-0.000275218035900962193633
-0.00102921534967639498184
-0.00102921534967639371251
0.00110097052234716267301
-0.000278748829069744056741
-0.000134612164947104151056
-0.000522061397990325186352
-0.000134612164947103822138
-0.000278748829069744228604
0.000649868855186676321823
0.000499810617089414885859
0.000499810617089413482279
0.000649868855186676874407
-0.00122784918908703492394
-0.00141334943354226092997
-0.00122784918908703463503
0.00223873710464082404527
0.00223873710464082469275
-0.00227446604487554591945
0.0000770366882767861471213
0.000692580763152242451818
0.000692580763152242035959
0.0000770366882767860729958
0.0000351486754911106474769
0.00103479547381992216985
0.0000351486754911105973301
-0.000558899385822807801035
-0.000558899385822807444382
0.00489172209970639154562
0.000454144105839000092521
0.00237732552930630721258
0.000454144105839000052651
0.000484477659056415092176
0.000484477659056414913727
-0.00157303790600916663134
0.000189965936746525188418
0.000189965936746524887316
0.000607821735636304848494
-0.000107964452235513422398
-0.000107964452235513302588
0.000189965936746524930154
0.000454144105839000154514
0.0000770366882767863283503
-0.000278748829069744635674
0.000212105918219877475509
0.000189965936746524686366
0.00237732552930630649262
0.00069258076315224247726
-0.000134612164947102927787
-0.0000100295224079849721217
0.00045414410583900004694
0.000692580763152242088304
-0.000522061397990324744279
0.0000333675385954287270784
0.0000770366882767861696394
-0.000134612164947103267299
0.000033367538595428732366
-0.000278748829069744530547
-0.0000100295224079849999008
0.000212105918219877429574
0.000607821735636305255903
0.000484477659056414646839
0.0000351486754911104279332
0.000649868855186677278281
-0.000364405406244104993753
0.000484477659056414837645
0.00103479547381992292024
0.000499810617089415128356
-0.000180124503624643134353
0.0000351486754911103311907
0.000499810617089415037823
-0.000225941173356075666427
0.000649868855186677127791
-0.000180124503624643331347
-0.000364405406244104937451
-0.00157303790600916666992
-0.000558899385822806427415
-0.0012278491890870362967
0.000454144105839000297711
-0.000558899385822806623204
-0.00141334943354226132806
0.000650579304967373265532
-0.00122784918908703569385
0.000650579304967373633204
0.000454144105839000092521
0.00489172209970639115759
0.00223873710464082388619
-0.000275218035900962062778
0.00223873710464082399137
-0.000927053320182643440397
-0.000275218035900962019439
-0.00227446604487554658812
-0.00102921534967639494325
-0.00102921534967639482921
0.00110097052234716330897
0.00054551932985050487437
-0.00022279174725701132638
0.000649868855186677493487
0.000649868855186676691566
-0.000222791747257012378374
0.000545519329850506287976
-0.00014216858144355807219
0.00194742983931037356874
0.00517690217780407240299
0.00194742983931037119929
-0.000142168581443558600512
-0.000180124503624643529396
0.00191222650079838949565
0.00191222650079838830852
-0.000180124503624643713958
-0.000134612164947103297223
0.0010325282366135429029
-0.000134612164947104092669
-0.000754646060202017271819
-0.000754646060202016201065
0.00134898968922056873194
-0.00107719750282088346385
0.00192509120114662320036
0.0016993884480553459779
0.00192509120114662356081
-0.0010771975028208853571
0.0010299667983570307339
0.00253751782912751623238
0.00253751782912751040597
0.00102996679835703142515
0.00109928618749050104398
-0.0000369227705177770277138
0.00109928618749050029292
0.00194742983931037361153
0.0019474298393103744641
-0.00248196903816328214318
0.000484477659056412170629
-0.00510394418229887895409
-0.00510394418229888094489
0.000484477659056415449332
-0.00292396422412799647127
0.00262519928996564660089
-0.00292396422412799456532
-0.00449670161090763085675
-0.00449670161090762795841
0.00237732552930630721258
0.00223873710464082388619
0.0228621621359245254758
0.00223873710464082170223
0.0112439919829452965301
0.011243991982945296415
-0.000927053320182644870828
-0.0042844960885175996197
-0.00428449608851759378861
-0.00303568881781927806427
0.00418066698236185292591
0.000212105918219876786467
-0.0002787488290697442006
0.0000770366882767864339805
0.000454144105838999596637
0.000189965936746525655518
-0.000107964452235513824942
-0.0000100295224079845730155
-0.000134612164947104064361
0.000692580763152242302858
0.00237732552930630611162
0.000189965936746525142485
0.0000333675385954283300462
-0.000522061397990325190998
0.000692580763152242632965
0.000454144105839000088625
0.0000333675385954287323662
-0.000134612164947104062746
0.000077036688276785925413
-0.0000100295224079850837133
-0.000278748829069743977637
0.000212105918219877201095
-0.000364405406244104227732
0.000649868855186676106466
0.0000351486754911106657324
0.000484477659056414205569
0.000607821735636305228136
-0.000180124503624644051883
0.000499810617089415170936
0.00103479547381992218669
0.000484477659056414218019
-0.000225941173356075883368
0.000499810617089414075713
0.0000351486754911108827529
-0.000180124503624643649963
0.000649868855186676706353
-0.00036440540624410473319
0.00045414410583899963047
-0.00122784918908703440102
-0.000558899385822807377617
-0.00157303790600916681613
0.000650579304967374502189
-0.00141334943354226188991
-0.000558899385822807104169
0.000650579304967373979
-0.00122784918908703447393
0.000454144105839000052651
-0.000275218035900962062778
0.00223873710464082170223
0.00489172209970639112428
-0.000927053320182644811639
0.00223873710464082384287
-0.000275218035900962250531
-0.00102921534967639514589
-0.00227446604487554485118
-0.00102921534967639401329
0.00110097052234716275077
0.000545519329850504851958
-0.000142168581443557670682
-0.000180124503624643880788
-0.000134612164947102901284
-0.000754646060202017908878
0.00134898968922056858255
-0.000222791747257011599577
0.00194742983931037401326
0.00191222650079838972429
0.001032528236613543424
-0.000754646060202016208056
0.000649868855186677540208
0.00517690217780407391452
0.00191222650079838980232
-0.000134612164947103724848
0.000649868855186676610897
0.00194742983931037243867
-0.000180124503624643856473
-0.000222791747257012139336
-0.000142168581443558627004
0.000545519329850506561701
-0.00107719750282088359774
0.00102996679835703031103
0.00109928618749050159737
0.0019474298393103724541
-0.00248196903816328114179
0.00192509120114662396066
0.00253751782912751733846
-0.0000369227705177757834361
0.00194742983931037444305
0.0016993884480553464598
0.00253751782912751172813
0.0010992861874905009731
0.00192509120114662480513
0.00102996679835703226685
-0.0010771975028208860771
0.000484477659056412401177
-0.00292396422412799631924
-0.00449670161090763104105
0.00237732552930630772057
-0.0051039441822988806018
0.00262519928996564460444
-0.00449670161090762808341
-0.00510394418229888292491
-0.00292396422412799723358
0.000484477659056415092176
0.00223873710464082399137
0.0112439919829452965301
-0.000927053320182644811639
0.0228621621359245294286
0.0112439919829452993064
0.00223873710464082314941
-0.00428449608851760089846
-0.00303568881781927830882
-0.00428449608851759839612
0.00418066698236185409256
0.00134898968922056536741
-0.000754646060202014686197
-0.000134612164947103721607
-0.000180124503624643459676
-0.000142168581443559302794
0.000545519329850506444693
-0.000754646060202014797103
0.0010325282366135423411
0.00191222650079839072221
0.0019474298393103739565
-0.000222791747257011847379
-0.00013461216494710375918
0.00191222650079839163752
0.00517690217780407471497
0.000649868855186676843978
-0.000180124503624643537858
0.00194742983931037329123
0.000649868855186676189458
-0.000142168581443558875879
-0.00022279174725701177211
0.000545519329850506595813
-0.00248196903816327859897
0.00194742983931037050662
0.001099286187490501894
0.00102996679835703193026
-0.00107719750282088536743
0.00194742983931037096121
-0.0000369227705177677705811
0.00253751782912751246655
0.00192509120114662590528
0.00109928618749050228438
0.00253751782912751212916
0.0016993884480553460841
0.00102996679835703226685
0.00192509120114662581959
-0.0010771975028208861628
0.00237732552930630434788
-0.00449670161090762719857
-0.00292396422412799974759
0.000484477659056414696516
-0.00449670161090762811523
0.0026251992899656405189
-0.00510394418229887965193
-0.0029239642241280002387
-0.00510394418229888192964
0.000484477659056414913727
-0.000927053320182643440397
0.011243991982945296415
0.00223873710464082384287
0.0112439919829452993064
0.0228621621359245316303
0.00223873710464082379688
-0.00303568881781928286207
-0.00428449608851759803259
-0.00428449608851760007427
0.00418066698236185500137
0.000212105918219876578585
-0.0000100295224079843804206
0.0000333675385954282825898
0.0000333675385954288384584
-0.0000100295224079851820076
0.000212105918219877212434
-0.000278748829069743853282
-0.000134612164947104227114
-0.000522061397990325158326
-0.000134612164947103898197
-0.000278748829069744025144
0.0000770366882767861112507
0.00069258076315224310627
0.000692580763152242690411
0.0000770366882767860371248
0.00045414410583900002903
0.00237732552930630658285
0.00045414410583899998916
0.000189965936746525186046
0.000189965936746524884943
-0.000107964452235513533035
-0.00036440540624410411798
-0.000180124503624644237332
-0.000225941173356075762963
-0.000180124503624643882428
-0.000364405406244104537852
0.00064986885518667606324
0.000499810617089416106675
0.0004998106170894147031
0.000649868855186676615817
0.000035148675491111012875
0.00103479547381992175996
0.000035148675491110962733
0.000484477659056414334302
0.000484477659056414155851
0.000607821735636304802912
0.00045414410583899969121
0.000650579304967375134233
0.000650579304967374296901
0.000454144105839000105107
-0.0012278491890870347607
-0.0014133494335422628172
-0.00122784918908703447178
-0.000558899385822808379966
-0.000558899385822808023319
-0.00157303790600916663134
-0.000275218035900962019439
-0.000927053320182644870828
-0.000275218035900962250531
0.00223873710464082314941
0.00223873710464082379688
0.00489172209970639209086
-0.00102921534967639531515
-0.00102921534967639404581
-0.00227446604487554656981
0.00110097052234716282378
-0.000126111259451717893303
-0.0000948374838051847545313
-0.000364405406244105448421
-0.000278748829069744388101
-0.0000198348868665963575252
0.00000983869208507686143684
-0.0000948374838051845500783
-0.00248196903816328314844
-0.00253428016774959868719
-0.000754646060202017277768
0.0000443462439269679701225
-0.000364405406244105218831
-0.00253428016774959839251
-0.000796288392629345434028
-0.0000100295224079851938042
-0.000278748829069744318841
-0.000754646060202016827087
-0.0000100295224079849925936
-0.000019834886866596311993
0.0000443462439269679669943
0.00000983869208507694608404
0.000103690515647771598975
-0.00107719750282088590364
-0.00110587981148798621392
-0.000222791747257012319586
-0.000094837483805184756585
-0.0010771975028208862503
-0.00301909774729093889999
-0.0022730603213840300966
-0.000142168581443559249157
-0.00110587981148798619729
-0.00227306032138402987385
-0.000383768215057598137766
-0.000222791747257012051994
-0.00014216858144355906321
-0.0000948374838051848948802
0.000607821735636306104716
0.00312259113989241805204
0.00157045577862468811303
0.000189965936746525188771
0.00312259113989241855598
0.00456464471995288167206
0.000889633616313098395093
0.00157045577862468770212
0.000889633616313098247792
0.000189965936746525188418
-0.00227446604487554658812
-0.0042844960885175996197
-0.00102921534967639514589
-0.00428449608851760089846
-0.00303568881781928286207
-0.00102921534967639531515
0.00550689995731921714888
0.00320120300923439588623
0.00320120300923439646589
-0.00300549392913297247213
0.00000983869208507765012609
-0.0000198348868665966481441
-0.000278748829069744631833
-0.000364405406244104416358
-0.0000948374838051849646892
-0.000126111259451717887554
0.0000443462439269677595123
-0.000754646060202016009026
-0.00253428016774959674312
-0.00248196903816328028319
-0.0000948374838051848175068
-0.0000100295224079849820516
-0.000796288392629344201297
-0.0025342801677495965956
-0.000364405406244104723366
-0.0000100295224079849087805
-0.000754646060202015756331
-0.000278748829069743765931
0.0000443462439269679669944
-0.0000198348868665964788374
0.00000983869208507701195041
-0.0000948374838051863057886
-0.000222791747257010688129
-0.00110587981148798532722
-0.00107719750282088501911
0.000103690515647772200765
-0.000142168581443558214519
-0.00227306032138402976802
-0.0030190977472909338736
-0.00107719750282088555548
-0.000383768215057597522317
-0.00227306032138402768777
-0.00110587981148798491174
-0.000142168581443558814335
-0.000222791747257011684766
-0.0000948374838051848062277
0.000189965936746526525076
0.00157045577862468424202
0.00312259113989241710168
0.000607821735636304491232
0.000889633616313096786351
0.00456464471995287840653
0.00312259113989241508657
0.00088963361631309754328
0.0015704557786246853723
0.000189965936746524887316
-0.00102921534967639494325
-0.00428449608851759378861
-0.00227446604487554485118
-0.00303568881781927830882
-0.00428449608851759803259
-0.00102921534967639404581
0.00320120300923439588623
0.0055068999573192079387
0.00320120300923439282901
-0.00300549392913296937594
0.00000983869208507758078198
0.0000443462439269676897701
-0.0000100295224079850743143
-0.0000100295224079848468824
0.0000443462439269680540015
0.00000983869208507689901137
-0.0000198348868665966567778
-0.000754646060202016167487
-0.00079628839262934414097
-0.000754646060202016383927
-0.0000198348868665963204568
-0.000278748829069744435237
-0.00253428016774959823074
-0.0025342801677495974894
-0.000278748829069744252467
-0.000364405406244104665735
-0.00248196903816328099076
-0.000364405406244104461474
-0.0000948374838051848661918
-0.0000948374838051847775388
-0.00012611125945171806251
-0.0000948374838051860347615
-0.000142168581443558013498
-0.000383768215057597413527
-0.000142168581443559010656
-0.000094837483805184721512
-0.00022279174725701130982
-0.00227306032138403080352
-0.00227306032138402878757
-0.000222791747257011988241
-0.00110587981148798596805
-0.003019097747290934359
-0.0011058798114879852264
-0.0010771975028208855908
-0.0010771975028208856765
0.000103690515647772548018
0.000189965936746526147175
0.000889633616313096209101
0.000889633616313097554535
0.000189965936746524854177
0.00157045577862468592056
0.00456464471995287981214
0.00157045577862468559072
0.0031225911398924187418
0.00312259113989241688193
0.000607821735636304848494
-0.00102921534967639482921
-0.00303568881781927806427
-0.00102921534967639401329
-0.00428449608851759839612
-0.00428449608851760007427
-0.00227446604487554656981
0.00320120300923439646589
0.00320120300923439282901
0.00550689995731921203318
-0.00300549392913296990498
0.000102625231538218197842
0.00000983869208507714721376
0.000212105918219877680279
0.000212105918219877281535
0.00000983869208507692797283
0.000102625231538218687742
0.00000983869208507704570321
0.00134898968922056884091
0.00191268163077347119391
0.00134898968922056851895
0.0000098386920850769537835
0.000212105918219877456304
0.00191268163077347107904
0.00191268163077347077745
0.000212105918219877342369
0.000212105918219877228701
0.00134898968922056786916
0.000212105918219877000223
0.0000098386920850768997195
0.00000983869208507696558566
0.000102625231538218675058
-0.00012611125945171703427
0.00054551932985050605103
0.000913269779109129096199
0.000545519329850506490468
-0.000126111259451717976882
0.000545519329850506337554
0.00258908705624488056203
0.00258908705624487825427
0.000545519329850506722656
0.000913269779109129060408
0.00258908705624487774108
0.00091326977910912858201
0.000545519329850506310002
0.000545519329850506344114
-0.000126111259451718069451
-0.000107964452235514684667
-0.00198803808312885507733
-0.00198803808312885637963
-0.000107964452235513464911
-0.00198803808312885558814
-0.00469574632405045997392
-0.00198803808312885480831
-0.00198803808312885606912
-0.00198803808312885482785
-0.000107964452235513422398
0.00110097052234716330897
0.00418066698236185292591
0.00110097052234716275077
0.00418066698236185409256
0.00418066698236185500137
0.00110097052234716282378
-0.00300549392913297247213
-0.00300549392913296937594
-0.00300549392913296990498
0.00293773399153200684667
