-1.0
-1.0
-1.0
-0.765055323929464692316
-1.0
-1.0
-0.285231516480645096514
-1.0
-1.0
0.285231516480645096513
-1.0
-1.0
0.765055323929464692316
-1.0
-1.0
1.0
-1.0
-1.0
-1.0
-0.765055323929464692316
-1.0
-0.688543464649939465697
-0.688543464649939429866
-1.0
-0.165752193680208736645
-0.668495612639582356037
-1.0
0.377086929299878895563
-0.688543464649939465697
-1.0
0.765055323929464828936
-0.765055323929464717914
-1.0
-1.0
-0.285231516480645096514
-1.0
-0.668495612639582356037
-0.165752193680208750438
-1.0
-0.165752193680208765541
-0.165752193680208751747
-1.0
0.285231516480645096513
-0.285231516480645096514
-1.0
-1.0
0.285231516480645096514
-1.0
-0.688543464649939429866
0.377086929299878895563
-1.0
-0.285231516480645096514
0.285231516480645096514
-1.0
-1.0
0.765055323929464692316
-1.0
-0.76505532392946461296
0.765055323929464723983
-1.0
-1.0
1.0
-1.0
-1.0
-1.0
-0.765055323929464587362
-0.688543464649939465697
-1.0
-0.688543464649939429866
-0.165752193680208736645
-1.0
-0.668495612639582356037
0.377086929299878895563
-1.0
-0.688543464649939465697
0.765055323929464723983
-1.0
-0.76505532392946461296
-1.0
-0.688543464649939465697
-0.688543464649939429866
-0.622331815219381620447
-0.622331815219381618969
-0.622331815219381617491
-0.133004554341855002487
-0.622331815219381628951
-0.622331815219381627473
0.377086929299878895563
-0.688543464649939465697
-0.688543464649939429866
-1.0
-0.165752193680208736645
-0.668495612639582356037
-0.622331815219381625996
-0.133004554341855002487
-0.622331815219381628951
-0.165752193680208759128
-0.165752193680208745335
-0.668495612639582384515
-1.0
0.377086929299878895563
-0.688543464649939465697
-0.688543464649939429867
0.377086929299878895563
-0.688543464649939465697
-1.0
0.765055323929464766557
-0.765055323929464725097
-1.0
-1.0
-0.285231516480645096514
-0.668495612639582356037
-1.0
-0.165752193680208750438
-0.165752193680208765541
-1.0
-0.165752193680208751747
0.285231516480645096514
-1.0
-0.285231516480645096514
-1.0
-0.668495612639582356037
-0.165752193680208750438
-0.622331815219381627474
-0.622331815219381625996
-0.133004554341855002487
-0.165752193680208745335
-0.668495612639582384515
-0.165752193680208759128
-1.0
-0.16575219368020876554
-0.165752193680208751747
-0.668495612639582384515
-0.165752193680208759128
-0.165752193680208745335
-1.0
0.285231516480645096513
-0.285231516480645096513
-1.0
-1.0
0.285231516480645096514
-0.688543464649939429867
-1.0
0.377086929299878895563
-0.285231516480645096514
-1.0
0.285231516480645096514
-1.0
-0.688543464649939429866
0.377086929299878895563
-0.688543464649939465697
-0.688543464649939429866
0.377086929299878895563
-1.0
-0.285231516480645096514
0.285231516480645096514
-1.0
-1.0
0.765055323929464797269
-0.765055323929464717914
-1.0
0.765055323929464828936
-1.0
-0.765055323929464620143
0.765055323929464661603
-1.0
-1.0
1.0
