0.866025403784438646764
-1.11803398874989486889
1.32287565553229538398
-1.50000000000000013651
1.65831239517769994826
-1.8027756377319945311
-1.581138830084189666
1.87082869338697067202
-2.12132034355964253329
2.3452078799117145243
-2.54950975679639209308
2.2912878474779199503
-2.59807621135331585959
2.87228132326901409123
-3.12249899919919909024
-2.99999999999999991847
3.31662479035539965669
-3.60555127546398893982
3.70809924354783173251
-4.03112887414927512717
-4.41588043316392416736
-2.7386127875258306433
3.24037034920393016944
-3.67423461417476718015
4.0620192023179798548
-4.41588043316392299234
3.96862696659688610605
-4.50000000000000021411
4.97493718553309975148
-5.40832691319598434302
-5.19615242270663194404
5.74456264653802855284
-6.24499799839839783991
6.42261628933256472425
-6.98212002188447085302
-7.64852927038917739177
5.12347538297979951157
-5.8094750193111256445
6.42261628933256452597
-6.9821200218844711541
-6.70820393249936950815
7.41619848709566318313
-8.06225774829854958497
8.29156197588849984001
-9.01387818865997351442
-9.87420882906574918846
-7.93725393319377331974
8.77496438739212350142
-9.5393920141694576768
9.81070843517429337563
-10.6653645038507727136
-11.6833214455479239968
11.1242977306434988829
-12.093386622447829388
-13.2476412994917752991
-14.6458185158768175876
0.866025403784438646764
-1.11803398874989486889
1.32287565553229538398
-1.50000000000000013651
1.65831239517769994826
-1.8027756377319945311
-1.581138830084189666
1.87082869338697067202
-2.12132034355964253329
2.3452078799117145243
-2.54950975679639209308
2.2912878474779199503
-2.59807621135331585959
2.87228132326901409123
-3.12249899919919909024
-2.99999999999999991847
3.31662479035539965669
-3.60555127546398893982
3.70809924354783173251
-4.03112887414927512717
-4.41588043316392416736
-2.09519029327794862558
2.47906258716164541827
-2.81099275294032822862
3.10766941663708785459
-3.37839283522800996497
3.03621918948498955309
-3.44274895768259127923
3.806102180006765018
-4.13766929849159567417
-3.97534407494069504899
4.39490823638025441903
-4.77776896660354488519
4.91365678570998183276
-5.341708095057224955
-5.85154803854158435013
1.93649167310370864569
-2.19577516413419986642
2.42752078113806131561
-2.6389933145587383265
-2.53546276418554999845
2.80305955290694070304
-3.04724700110022035395
3.13391585264004380807
-3.40692571934623471226
-3.73210013646089470114
0.223015632999328757608
-0.246553059014125170117
0.268031433336379561704
-0.275654700008050581891
0.299668252523423992283
0.328270123350467458175
-3.57191604193839378554
3.88308212563327467853
4.25370334570890779779
6.14680512895673500187
0.866025403784438646764
-1.11803398874989486889
1.32287565553229538398
-1.50000000000000013651
1.65831239517769994826
-1.8027756377319945311
-1.581138830084189666
1.87082869338697067202
-2.12132034355964253329
2.3452078799117145243
-2.54950975679639209308
2.2912878474779199503
-2.59807621135331585959
2.87228132326901409123
-3.12249899919919909024
-2.99999999999999991847
3.31662479035539965669
-3.60555127546398893982
3.70809924354783173251
-4.03112887414927512717
-4.41588043316392416736
-0.78113867843927937112
0.924255748662354514621
-1.04800751090674678249
1.15861589705065771958
-1.2595482725485537086
1.1319774880284122763
-1.28354182416290299538
1.41900887782555847398
-1.54262528707397683044
-1.48210643539319063536
1.63853031519010990345
-1.78127024950176825352
1.83193258397962109072
-1.99152068209198255005
-2.1816016026397070668
-1.93649167310370836669
2.19577516413419955008
-2.42752078113806096587
2.63899331455873794629
2.53546276418554963316
-2.8030595529069402992
3.04724700110021991493
-3.13391585264004335657
3.40692571934623422142
3.73210013646089416346
2.9354608997744420505
-3.2452741304369606579
3.52798493041880280867
-3.62832678063928166957
3.94440706400565452795
4.3208814498772408618
1.09984987957317263001
-1.19566287620042459319
-1.30978305693295870599
-5.07664675373289280667
0.866025403784438646764
-1.11803398874989486889
1.32287565553229538398
-1.50000000000000013651
1.65831239517769994826
-1.8027756377319945311
-1.581138830084189666
1.87082869338697067202
-2.12132034355964253329
2.3452078799117145243
-2.54950975679639209308
2.2912878474779199503
-2.59807621135331585959
2.87228132326901409123
-3.12249899919919909024
-2.99999999999999991847
3.31662479035539965669
-3.60555127546398893982
3.70809924354783173251
-4.03112887414927512717
-4.41588043316392416736
0.781138678439279371121
-0.924255748662354514622
1.04800751090674678249
-1.15861589705065771958
1.2595482725485537086
-1.1319774880284122763
1.28354182416290299538
-1.41900887782555847398
1.54262528707397683044
1.48210643539319063536
-1.63853031519010990345
1.78127024950176825352
-1.83193258397962109072
1.99152068209198255006
2.1816016026397070668
-1.93649167310370836669
2.19577516413419955008
-2.42752078113806096587
2.63899331455873794629
2.53546276418554963316
-2.8030595529069402992
3.04724700110021991493
-3.13391585264004335657
3.40692571934623422142
3.73210013646089416346
-2.9354608997744420505
3.24527413043696065791
-3.52798493041880280868
3.62832678063928166958
-3.94440706400565452796
-4.32088144987724086181
1.09984987957317263001
-1.19566287620042459319
-1.30978305693295870599
5.07664675373289280667
0.866025403784438646764
-1.11803398874989486889
1.32287565553229538398
-1.50000000000000013651
1.65831239517769994826
-1.8027756377319945311
-1.581138830084189666
1.87082869338697067202
-2.12132034355964253329
2.3452078799117145243
-2.54950975679639209308
2.2912878474779199503
-2.59807621135331585959
2.87228132326901409123
-3.12249899919919909024
-2.99999999999999991847
3.31662479035539965669
-3.60555127546398893982
3.70809924354783173251
-4.03112887414927512717
-4.41588043316392416736
2.09519029327794862558
-2.47906258716164541827
2.81099275294032822862
-3.10766941663708785458
3.37839283522800996497
-3.03621918948498955309
3.44274895768259127923
-3.806102180006765018
4.13766929849159567417
3.97534407494069504899
-4.39490823638025441903
4.77776896660354488519
-4.91365678570998183276
5.341708095057224955
5.85154803854158435013
1.93649167310370864568
-2.19577516413419986642
2.4275207811380613156
-2.63899331455873832649
-2.53546276418554999844
2.80305955290694070304
-3.04724700110022035394
3.13391585264004380807
-3.40692571934623471225
-3.73210013646089470114
-0.223015632999328757612
0.246553059014125170121
-0.268031433336379561709
0.275654700008050581896
-0.299668252523423992289
-0.328270123350467458181
-3.57191604193839378554
3.88308212563327467854
4.25370334570890779779
-6.14680512895673500187
0.866025403784438646764
-1.11803398874989486889
1.32287565553229538398
-1.50000000000000013651
1.65831239517769994826
-1.8027756377319945311
-1.581138830084189666
1.87082869338697067202
-2.12132034355964253329
2.3452078799117145243
-2.54950975679639209308
2.2912878474779199503
-2.59807621135331585959
2.87228132326901409123
-3.12249899919919909024
-2.99999999999999991847
3.31662479035539965669
-3.60555127546398893982
3.70809924354783173251
-4.03112887414927512717
-4.41588043316392416736
2.7386127875258306433
-3.24037034920393016945
3.67423461417476718015
-4.0620192023179798548
4.41588043316392299234
-3.96862696659688610606
4.50000000000000021411
-4.97493718553309975148
5.40832691319598434303
5.19615242270663194404
-5.74456264653802855284
6.24499799839839783991
-6.42261628933256472425
6.98212002188447085303
7.64852927038917739177
5.12347538297979951158
-5.8094750193111256445
6.42261628933256452597
-6.98212002188447115411
-6.70820393249936950816
7.41619848709566318314
-8.06225774829854958498
8.29156197588849984001
-9.01387818865997351443
-9.87420882906574918846
7.93725393319377331976
-8.77496438739212350144
9.53939201416945767682
-9.81070843517429337565
10.6653645038507727136
11.6833214455479239969
11.124297730643498883
-12.093386622447829388
-13.2476412994917752992
14.6458185158768175877
0.866025403784438646764
-1.11803398874989486889
1.32287565553229538398
-1.50000000000000013651
1.65831239517769994826
-1.8027756377319945311
-1.02391860469917700449
1.21151683136007370501
-1.37373096212045720611
1.51871672141582756894
-1.65101914087259570296
0.454176322432171811101
-0.514987543084034050768
0.5693401507055755974
-0.618937997604901720033
0.593503270792275181174
-0.656142553688891239521
0.713302158332379017062
-1.55627788397157024524
1.69185242956855827122
1.85333147928923933408
-2.41690154040188963444
2.85971646818278779385
-3.24261368355754770439
3.58484430947753385469
-3.89713663419596647866
1.44523393921019947319
-1.63874125262589773313
1.81169662114570437626
-1.96952187118692040822
0.549708785416429127462
-0.607725928396095226862
0.660667737463988765631
-2.5161512815836025566
2.73534482675140602161
3.33214666085982769561
3.99044479922900894084
-4.52473909683901169858
5.00228728615552254998
-5.43805960724989267837
-0.928399246013677423866
1.02638398489207469335
-1.11579702853480679197
-2.47187675666322103347
2.68721334372641848338
4.43182242966996848421
-5.45575997218496799755
6.03156959132578367964
-6.55700744211229623982
-0.386072392910315191205
0.419704940012240060972
4.74178824507760956946
6.74816838755691674889
-7.33603246515997623312
2.34814934703997363967
-7.84070803496660518992
0.866025403784438646764
-1.11803398874989486889
1.32287565553229538398
-1.50000000000000013651
1.65831239517769994826
-1.8027756377319945311
-0.842454797195984918037
0.996805958773290683995
-1.13027171670061287605
1.24956239848226924554
-1.35841754325692236182
-0.0075915129277447105431
0.00860796654923329557268
-0.00951646508391239070559
0.0103454882569131547589
1.13039169250142099913
-1.24969503672067030576
1.35856173622413192549
-1.68226357753164851327
1.82881331806782068687
1.13604381987823689182
-1.45917451182358055802
1.72651856588274729928
-1.9576880396835580105
2.1643055613989179029
-2.35284820281388290415
0.468072797781975504823
-0.530744665030856859703
0.586760304463404152698
-0.637875701315904586155
0.995202673809605652789
-1.10023795312830554216
1.19608475663313196657
-1.88357572634763945511
2.0476626968219707847
1.48224106103284795481
0.355777574541058662748
-0.403413850409736881338
0.44599079234721938332
-0.484843107628221943827
0.0419695888762462407098
-0.0463991263026608351145
0.0504411682344829598551
-0.35617562933191842731
0.387203731444483179241
0.379779558183995344841
1.52019719485165405994
-1.68064123422457797529
1.8270496449513865218
0.754526365552599388294
-0.820256637892965844775
-1.74704766877382572193
-2.39959370935187648545
2.60863338672141915889
-2.03751055629088377212
1.4303471487071365789
0.866025403784438646764
-1.11803398874989486889
1.32287565553229538398
-1.50000000000000013651
1.65831239517769994826
-1.8027756377319945311
-0.794907141285949487695
0.940546813600663167505
-1.06647984222924756891
1.17903782771727927003
-1.28174925180209907643
-0.117496444237911558497
0.133228444880520884591
-0.14728958769041116672
0.160120663122348627678
1.2280404006625758826
-1.35764974546515894833
1.47592087764341953407
-1.63641964626638907171
1.77897571047156697902
0.879395455524927848135
2.33702575240521311593e-16
-2.76520616127753000846e-16
3.13544906852738944163e-16
-3.46636936985822860527e-16
3.76834079606043498526e-16
-5.79930444645112813662e-17
6.57579314676890654653e-17
-7.2698128556076328702e-17
7.90311978917333046106e-17
-1.82722845513021691748e-16
2.02007706397589221231e-16
-2.1960552956529492902e-16
3.0447022623567321641e-16
-3.30994032167022944253e-16
-2.00043584132729643432e-16
-1.78289105012211555716
2.02160842857681938304
-2.23497221020310085556
2.42967094938130080816
-0.374115808382081266691
0.413600588181287061495
-0.449631243361084810744
1.91291669684308375328
-2.07955969460744059645
-1.77896309413231754821
-7.07106039776855263027e-16
7.81735140311316513705e-16
-8.49835694535243553375e-16
-4.29809930879302424424e-16
4.67252656675371595963e-16
8.36813699394421033513e-16
2.02061775547339171553
-2.19664308928101093606
1.98104613862727080027
1.13508420403037107481e-15
0.866025403784438646764
-1.11803398874989486889
1.32287565553229538398
-1.50000000000000013651
1.65831239517769994826
-1.8027756377319945311
-0.842454797195985003017
0.996805958773290784544
-1.13027171670061299006
1.24956239848226937159
-1.35841754325692249885
-0.00759151292774451000184
0.00860796654923306818026
-0.0095164650839121393138
0.0103454882569128814673
1.13039169250142080936
-1.24969503672067009596
1.35856173622413169742
-1.68226357753164856974
1.82881331806782074826
1.13604381987823733466
1.45917451182358050896
-1.72651856588274724123
1.95768803968355794467
-2.16430556139891783012
2.35284820281388282504
-0.468072797781975678497
0.530744665030857056631
-0.58676030446340437041
0.637875701315904822832
-0.995202673809605348542
1.1002379531283052058
-1.19608475663313160091
1.8835757263476393336
-2.0476626968219706526
-1.48224106103284829469
0.355777574541058438536
-0.403413850409736627106
0.445990792347219102255
-0.484843107628221638277
0.0419695888762461558436
-0.0463991263026607412914
0.0504411682344828578586
-0.356175629331918153463
0.387203731444482881538
0.379779558183995142873
-1.52019719485165440256
1.68064123422457835408
-1.82704964495138693358
-0.754526365552599255386
0.820256637892965700288
1.74704766877382600064
-2.39959370935187662368
2.60863338672141930916
-2.03751055629088332635
-1.43034714870713622316
0.866025403784438646764
-1.11803398874989486889
1.32287565553229538398
-1.50000000000000013651
1.65831239517769994826
-1.8027756377319945311
-1.0239186046991770652
1.21151683136007377685
-1.37373096212045728756
1.51871672141582765899
-1.65101914087259580085
0.45417632243217197681
-0.514987543084034238665
0.569340150705575805128
-0.618937997604901945857
0.593503270792274955535
-0.656142553688890990068
0.713302158332378745878
-1.55627788397157010982
1.691852429568558124
1.85333147928923946847
2.41690154040188997354
-2.85971646818278819508
3.24261368355754815934
-3.58484430947753435766
3.89713663419596702544
-1.44523393921019990009
1.6387412526258982172
-1.81169662114570491142
1.96952187118692098999
-0.549708785416428789855
0.607725928396094853623
-0.660667737463988359877
2.51615128158360256559
-2.73534482675140603139
-3.33214666085982825091
3.99044479922901056259
-4.52473909683901353746
5.00228728615552458294
-5.43805960724989488843
-0.928399246013678269272
1.02638398489207562798
-1.11579702853480780803
-2.47187675666322141467
2.68721334372641889779
4.43182242966997007731
5.45575997218497235294
-6.0315695913257884947
6.55700744211230147434
0.386072392910314722623
-0.41970494001223955157
-4.74178824507761262737
6.74816838755692562957
-7.33603246515998588744
2.34814934703997559846
7.84070803496662055392
0.866025403784438646764
-1.11803398874989486889
1.32287565553229538398
-1.50000000000000013651
1.65831239517769994826
-1.8027756377319945311
0.114083475635075155522
-0.134985388758081150029
0.153059043977681420463
-0.169213139881491840586
0.183954077078342671805
-1.33316056457789109943
1.51166199068209934489
-1.67120521097808129299
1.81679160619142551276
0.632487195173214380583
-0.699240903697945649221
0.760155004423808026959
1.28533000507070009062
-1.39730103105157034816
-1.53066658866434321194
-1.75987573298255500721
2.08231304893314234203
-2.36112106254075698132
2.61031754968431878719
-2.83771435285623835047
-2.00688691151808929936
2.27559586170315074253
-2.51576588258494246897
2.73492585386812372269
2.02490645274051339669
-2.23861831310326713648
2.43363468112460657275
1.60720177354002739346
-1.7472125340696957177
-3.07245908140523324551
2.11576484204527280942
-2.39905183060527724842
2.65225159157765515715
-2.88330146258102533378
4.15996042334652068415
-4.59900928898947138086
4.99965020342558781791
-0.411234311856567634089
0.447058829790064595973
-4.32897716751286903899
-2.10632017753529225786
2.32862457241311235338
-2.53148180088263627678
-5.77050767677376278337
6.27320321990263079929
-2.71940094025195335005
1.89704698903792139875
-2.06230750334826215692
6.62206511392211992518
-1.60498324827459414471
0.866025403784438646764
-1.11803398874989486889
1.32287565553229538398
-1.50000000000000013651
1.65831239517769994826
-1.8027756377319945311
0.397453570642974913527
-0.47027340680033178452
0.533239921114624012104
-0.589518913858639886693
0.640874625901049811815
-1.36805400959564877087
1.55122743835493901559
-1.71494645917583109594
1.86434335629846244793
-0.0978730054157396789424
0.108202678689476838904
-0.117628713170071368696
1.74056907791785591313
-1.89219807955648135544
-0.474108577243919183426
-0.688409778003298146676
0.81453743402668137708
-0.923598635994548442696
1.02107671082598407099
-1.11002741334231485033
-1.08301462049461905933
1.22802315088961073249
-1.35763067512361084647
1.47590014599644769135
0.45930987715286886932
-0.507786175006766041887
0.552021771133911489881
1.22592798907419904785
-1.33272423141956673947
-0.745838781927257382121
-0.384725187163847226819
0.436237357859279481903
-0.482278545185075425694
0.524292054011521970775
-0.967082310035960430335
1.06914972125981098762
-1.16228828547627267199
-0.367184636028813427083
0.399171783499394076327
0.927954046368183727885
0.701607426497963689504
-0.775656194606866786294
0.843227183828246640113
2.38839615066492856966
-2.59646035704280976808
2.30001243477777265972
-0.219715230778414591752
0.23885563807990720429
-0.93890679509145080467
-0.220983137450340062482
0.866025403784438646764
-1.11803398874989486889
1.32287565553229538398
-1.50000000000000013651
1.65831239517769994826
-1.8027756377319945311
0.397453570642974910423
-0.470273406800331780846
0.533239921114624007939
-0.589518913858639882088
0.64087462590104980681
-1.36805400959564877138
1.55122743835493901617
-1.71494645917583109658
1.86434335629846244863
-0.0978730054157396705544
0.108202678689476829631
-0.117628713170071358615
1.74056907791785591126
-1.89219807955648135341
-0.474108577243919197825
0.688409778003298495381
-0.814537434026681789674
0.923598635994548910533
-1.0210767108259845882
1.1100274133423154126
1.08301462049461960466
-1.22802315088961135083
1.35763067512361153007
-1.4759001459964484345
-0.459309877152869106696
0.507786175006766304316
-0.552021771133911775171
-1.2259279890741996633
1.33272423141956740854
0.745838781927257768159
-0.384725187163846736813
0.436237357859278926289
-0.48227854518507481144
0.524292054011521303011
-0.967082310035959196302
1.06914972125980962334
-1.16228828547627118887
-0.3671846360288129537
0.399171783499393561705
0.927954046368182546239
-0.701607426497963727877
0.775656194606866828716
-0.843227183828246686231
-2.38839615066492869518
2.59646035704280990454
-2.30001243477777276802
-0.219715230778415105137
0.238855638079907762399
-0.938906795091452996632
0.220983137450339710393
0.866025403784438646764
-1.11803398874989486889
1.32287565553229538398
-1.50000000000000013651
1.65831239517769994826
-1.8027756377319945311
0.114083475635075155522
-0.134985388758081150029
0.153059043977681420463
-0.169213139881491840586
0.183954077078342671805
-1.33316056457789109943
1.51166199068209934489
-1.67120521097808129299
1.81679160619142551276
0.632487195173214380583
-0.699240903697945649221
0.760155004423808026959
1.28533000507070009062
-1.39730103105157034816
-1.53066658866434321194
1.75987573298255500721
-2.08231304893314234203
2.36112106254075698132
-2.61031754968431878719
2.83771435285623835048
2.00688691151808929936
-2.27559586170315074253
2.51576588258494246897
-2.73492585386812372269
-2.02490645274051339669
2.23861831310326713648
-2.43363468112460657276
-1.60720177354002739346
1.7472125340696957177
3.07245908140523324551
2.11576484204527280942
-2.39905183060527724842
2.65225159157765515716
-2.88330146258102533378
4.15996042334652068415
-4.59900928898947138086
4.99965020342558781791
-0.411234311856567634089
0.447058829790064595974
-4.32897716751286903899
2.10632017753529225786
-2.32862457241311235339
2.53148180088263627678
5.77050767677376278337
-6.2732032199026307993
2.71940094025195335005
1.89704698903792139875
-2.06230750334826215692
6.62206511392211992519
1.60498324827459414471
0.866025403784438646764
-1.11803398874989486889
1.32287565553229538398
-1.50000000000000013651
1.65831239517769994826
-1.8027756377319945311
1.46705535444911451048
-1.73584330462888952199
1.96826129958196111283
-2.17599474003022268372
2.36555567971804942128
-0.0260655497182908397001
0.0295555552889088250787
-0.0326748957879715520316
0.0355213566896572239015
-1.96722074274241881754
2.17484436116028952958
-2.36430508603804800792
-1.28533000507070052472
1.39730103105157082008
1.53066658866434332577
-0.978737054543275636088
1.15805730027078782741
-1.31311355163401019883
1.45170165263366106761
-1.57816608030768464187
-3.13886439954650157566
3.55913768586605373792
-3.93477476041050094295
4.27755114094210055313
-3.6410021580318641701
4.02527933968866318721
-4.37593999161964147903
-0.224730810439594580083
0.244308148022287792079
4.01323009170422490515
0.654388188906690677416
-0.742006460890739923823
0.820319007598034122988
-0.891780780489042697847
2.99733568918148890451
-3.31367928391877108497
3.6023491723740173095
5.91416787189332674993
-6.42937831732486433028
5.53398144558485022255
-0.3623067890615941101
0.400545226105249201195
-0.435438568470097691885
-2.14218089613448075704
2.32879615589697588351
-5.79176280644198767326
0.181473911572761730185
-0.197282941150691917512
1.31153859275672769997
-0.0853867814952316973689
0.866025403784438646764
-1.11803398874989486889
1.32287565553229538398
-1.50000000000000013651
1.65831239517769994826
-1.8027756377319945311
1.68490959439196992105
-1.99361191754658146854
2.26054343340122586612
-2.49912479696453861713
2.71683508651384486068
0.532892398671785070719
-0.604243183903812785609
0.668015974379554097454
-0.726209927471604697701
-1.74251096560963425678
1.92641835533567946497
-2.09423754485460131105
-2.18872747234923773005
2.3793976190855854818
0.239714493598484318674
4.90626410020653803914e-17
-5.80516997075586562179e-17
6.58244402617719530046e-17
-7.27716567944869751187e-17
7.91111315141783363061e-17
1.73673590106919256763e-16
-1.96927340881146827077e-16
2.17711366888393307853e-16
-2.36677208362583587564e-16
2.5072928200615942347e-16
-2.7719165078987946664e-16
3.01339094177826101818e-16
1.21511290671100435979e-16
-1.32096699734163952721e-16
-1.56954654287941568038e-16
-0.248501808999709326758
0.281774565841244324254
-0.311513503453566906606
0.338650881754070109985
-1.24283153837898508141
1.37400196347442678338
-1.49369761279640710105
-2.83549298226750470815
3.08250585610809183859
-3.56783927447332970629
-2.06907732201765706961e-17
2.28745104645530793706e-17
-2.48672145914479273854e-17
-1.32907790503844554992e-16
1.4448600123949719341e-16
-4.05192518234072181979e-16
0.0392548809215805855252
-0.0426745546817870133646
0.307317912549329774879
4.62940315829592489675e-18
0.866025403784438646764
-1.11803398874989486889
1.32287565553229538398
-1.50000000000000013651
1.65831239517769994826
-1.8027756377319945311
1.46705535444911451048
-1.73584330462888952199
1.96826129958196111283
-2.17599474003022268372
2.36555567971804942128
-0.0260655497182908397001
0.0295555552889088250787
-0.0326748957879715520316
0.0355213566896572239015
-1.96722074274241881754
2.17484436116028952958
-2.36430508603804800792
-1.28533000507070052472
1.39730103105157082008
1.53066658866434332577
0.978737054543275636088
-1.15805730027078782741
1.31311355163401019883
-1.45170165263366106761
1.57816608030768464187
3.13886439954650157566
-3.55913768586605373792
3.93477476041050094295
-4.27755114094210055313
3.6410021580318641701
-4.02527933968866318721
4.37593999161964147903
0.224730810439594580083
-0.244308148022287792079
-4.01323009170422490515
0.654388188906690677416
-0.742006460890739923823
0.820319007598034122987
-0.891780780489042697846
2.99733568918148890451
-3.31367928391877108497
3.6023491723740173095
5.91416787189332674993
-6.42937831732486433028
5.53398144558485022255
0.3623067890615941101
-0.400545226105249201194
0.435438568470097691884
2.14218089613448075703
-2.3287961558969758835
5.79176280644198767326
0.181473911572761730184
-0.197282941150691917511
1.31153859275672769996
0.0853867814952316973686
0.866025403784438646764
-1.11803398874989486889
1.32287565553229538398
-1.50000000000000013651
1.65831239517769994826
-1.8027756377319945311
2.60505743478336667049
-3.08234552474704437703
3.4950513056800997394
-3.86392460132754209324
4.20052889766898779604
3.96010025516790356367
-4.49033161802472878981
4.96424838708582958059
-5.39670696420844670001
3.74123027677692880145
-4.13608569412885188538
4.49639919874584945567
1.5562778839715701796
-1.69185242956855819986
-1.85333147928923832849
-0.321711247123941008858
0.380653881021142375589
-0.431620930617219475766
0.477174892840446000108
-0.518743798967956513688
-1.5909852502747900799
1.8040077050566935461
-1.99440555886106064174
2.16814742730467526596
-4.12976550283171106262
4.56562754834872857419
-4.9633604253673526181
-7.42980806729358545826
8.07705292180863213863
-10.1003685438362901473
0.0707026804587602526141
-0.080169304079805319794
0.0886305004455408689129
-0.0963515121926674930229
0.479307065985037354
-0.529893899079495422418
0.576055401033751262333
1.70697861141989170394
-1.85568139256874789171
4.23738212132380153793
-0.012866994411918950039
0.0142249975479782625756
-0.0154642027044274632889
-0.110417692902264177362
0.120036687488815599108
-0.495964073742435438096
0.00211843456533573638822
-0.00230298117268031002427
0.0219679569970039892673
-0.000327636072291514277433
0.866025403784438646764
-1.11803398874989486889
1.32287565553229538398
-1.50000000000000013651
1.65831239517769994826
-1.8027756377319945311
2.6050574347833667456
-3.0823455247470444659
3.49505130568009984017
-3.86392460132754220464
4.20052889766898791714
3.96010025516790391379
-4.4903316180247291868
4.96424838708583001948
-5.39670696420844717714
3.74123027677692962569
-4.13608569412885279662
4.49639919874585044629
1.55627788397157143818
-1.69185242956855956808
-1.85333147928923707948
0.321711247123941269543
-0.380653881021142684036
0.431620930617219825512
-0.477174892840446386767
0.51874379896795693403
1.590985250274791406
-1.80400770505669504975
1.99440555886106230409
-2.16814742730467707313
4.12976550283171465126
-4.56562754834873254158
4.96336042536735693112
7.42980806729359230306
-8.07705292180863957971
10.1003685438363002526
0.0707026804587604340167
-0.0801693040798055254852
0.0886305004455410963131
-0.0963515121926677402329
0.479307065985038594023
-0.529893899079496793316
0.576055401033752752655
1.70697861141989616968
-1.85568139256875274648
4.23738212132381278577
0.0128669944119190177993
-0.0142249975479783374873
0.0154642027044275447266
0.110417692902264761111
-0.120036687488816233709
0.49596407374243807306
0.00211843456533575526728
-0.00230298117268033054796
0.0219679569970041854806
0.000327636072291518701333
0.866025403784438646764
-1.11803398874989486889
1.32287565553229538398
-1.50000000000000013651
1.65831239517769994826
-1.8027756377319945311
3.162277660168379332
-3.74165738677394134404
4.24264068711928506659
-4.69041575982342904861
5.09901951359278418617
6.87386354243375969191
-7.79422863405994739851
8.6168439698070420744
-9.36749699759759705406
11.9999999999999997242
-13.2664991614215986824
14.4222051018559558198
18.5404962177391586275
-20.1556443707463755977
26.4952825989835436924
5.79923815201579832215e-22
-6.86175111770412838479e-22
7.78049443537055031461e-22
-8.60166024185740141987e-22
9.35099054506358529431e-22
3.36155779606945418268e-21
-3.81164826264435170717e-21
4.21393570666711546166e-21
-4.58103108499914717446e-21
1.10032807524694297122e-20
-1.21645845729601758315e-20
1.32242976504515044489e-20
2.7200838023184207042e-20
-2.95704285011003217926e-20
5.66873675380121313208e-20
2.29744581957619106094e-43
-2.6050586953901015562e-43
2.88000074982056885318e-43
-3.13089090060744562817e-43
1.80483760684590054245e-42
-1.99532304981027542583e-42
2.16914484512287009799e-42
7.8079364587839563311e-42
-8.4881218217914847536e-42
2.47953908941175567081e-41
7.53687324379398943666e-65
-8.33232688071115395378e-65
9.0581943123906103384e-65
7.45265972640756860894e-64
-8.10189529436294850113e-64
3.99383173014079044534e-63
2.23683450042484037345e-86
-2.43169547229501783516e-86
2.66378892631831988318e-85
6.23613070646512656395e-108
0.866025403784438646764
-0.592681722104509501402
0.0426929976281370621199
0.503848202063286187173
-0.788630949582411341631
0.684681678454350041077
-1.39539875495585202919
0.487336160510914643086
0.483419317618147022669
-1.08348070578715887027
1.077139476342532513
1.78458116630731251041
-0.121859287793911892589
-1.10403416105001331996
1.46854985184418493476
-2.06208344275172679849
-0.398320213778825448922
1.66941320145204285031
2.2493894625189709694
1.00177938728655798143
-2.36406242206445444261
-2.41690154040188949072
0.844090990370445739322
0.837306819474907164744
-1.87664363144394571507
1.8656602998634010894
3.0909852502747897907
-0.211066477833213341676
-1.91224326023030365408
2.54360295684187581966
-3.57163329229253929059
-0.689910847946622490664
2.8915084837411557684
3.89605683509290636858
1.7351327967555377756
-4.09467622727997374811
3.99044479922900846628
-0.272485651196897398349
-2.46869543358978058963
3.28377729707084269192
-4.61095875326965752664
-0.890671074821702165553
3.73292140098231877052
5.02978774606413419785
2.24004680843083214339
-5.28620427878891779202
-5.45575997218496702432
-1.05385622782885566755
4.4168521664502788409
5.95132511955444277968
2.65045912731089329312
-6.25472125261556154982
6.74816838755691514385
3.00533816185967493993
-7.09218726619336482524
-7.84070803496660285878
0.866025403784438646764
-0.421596003670593162872
-0.255994002443703701536
0.730151405192253583781
-0.715743404883482434339
0.239282827888412131815
-1.33491081912145475001
0.103662405361679596086
0.897562091393907408901
-1.13162953631470539491
0.559236215971663422255
1.63321796675825089676
0.455244227779118519508
-1.45730290870068395248
1.1156086493206032039
-1.80537739539406454742
-1.11229153346191554165
1.79102688660694877628
1.88399759227280942013
1.77928329611857441865
-1.89421184752457488656
-1.45917451182358055802
0.11331209364056000838
0.981114024832767409934
-1.23697025491477356783
0.611294193399052716343
1.78525036669820005122
0.497621836840967033073
-1.59295979171244702408
1.21945802142041547864
-1.97343570959685090462
-1.21583212308741042704
1.95774934586834292902
2.05937447476134124024
1.94491257230079661131
-2.07053955089013090137
0.355777574541058662748
0.0991696702336401658521
-0.317456521286178099641
0.243022393502153485523
-0.393280507524339126135
-0.242299798319700252872
0.390154415775639959083
0.410407004737065777361
0.387596210915421320859
-0.412632061669564112822
1.52019719485165405994
0.93659224566560550803
-1.50811351458706004262
-1.58639842405651225495
-1.4982249597821424411
1.59499921977980364177
-2.39959370935187648545
-2.26622211303906831393
2.41260331337068092771
1.4303471487071365789
0.866025403784438646764
-0.376767643772578927048
-0.324653649589276389588
0.761558738490500927905
-0.658425280391628251322
0.104174510982106484434
-1.31906160048477627323
0.00856349851664405842932
0.975576734365619707005
-1.09043544019425791656
0.385101171680199260447
1.59466623381961404172
0.589498917248640002596
-1.49370556121998410674
0.958877019178512446341
-1.74183284152700865309
-1.26616938758992282653
1.74440324155959624206
1.79610467153190404806
1.93114474674539537397
-1.78440188097887838119
2.33702575240521311593e-16
-1.51722380188505723167e-18
-1.72846207547995917984e-16
1.93196110335766462481e-16
-6.82296683617569931805e-17
-2.82532374042108517735e-16
-1.04443503633093716904e-16
2.6464483249296691683e-16
-1.69887462904397870392e-16
3.0860637634646610106e-16
2.24331484186734078971e-16
-3.09061782755684039954e-16
-3.18221898798562681988e-16
-3.42147402601014436346e-16
3.16148476079913724756e-16
-1.78289105012211555716
-0.65907982581524117227
1.67001358662867908511
-1.07205709847276169351
1.9474283195480049808
1.41562041084017303606
-1.95030211414912174261
-2.0081060701251341377
-2.15908546405715963379
1.99502195252362995282
-7.07106039776855263027e-16
-5.14008003523749023859e-16
7.08149506947959883116e-16
7.29137969518495215441e-16
7.83958185625839688131e-16
-7.24387161240570204101e-16
2.02061775547339171553
2.17253784008856943174
-2.0074521161012376013
1.13508420403037107481e-15
0.866025403784438646764
-0.421596003670593242992
-0.255994002443703575261
0.730151405192253517877
-0.715743404883482525004
0.239282827888412371342
-1.33491081912145477834
0.103662405361679768067
0.89756209139390725856
-1.13162953631470545109
0.559236215971663725397
1.63321796675825096607
0.455244227779118273411
-1.45730290870068386819
1.11560864932060346594
-1.80537739539406466235
-1.11229153346191525489
1.79102688660694883417
1.88399759227280958005
1.77928329611857412937
-1.89421184752457508753
1.45917451182358050896
-0.113312093640560190155
-0.981114024832767191791
1.2369702549147735614
-0.611294193399053014178
-1.78525036669820002908
-0.497621836840966736777
1.59295979171244684457
-1.2194580214204156982
1.97343570959685092201
1.2158321230874100469
-1.95774934586834288492
-2.0593744747613413021
-1.94491257230079618843
2.0705395508901310075
0.355777574541058438535
0.0991696702336400455366
-0.317456521286177867741
0.243022393502153379138
-0.393280507524338886632
-0.242299798319700027421
0.390154415775639709258
0.410407004737065536137
0.387596210915420997126
-0.412632061669563879046
-1.52019719485165440257
-0.936592245665605418034
1.50811351458706033526
1.58639842405651264616
1.49822495978214243981
-1.59499921977980406895
-2.39959370935187662369
-2.26622211303906788367
2.41260331337068111789
-1.43034714870713622316
0.866025403784438646764
-0.59268172210450955864
0.0426929976281371717653
0.503848202063286081258
-0.788630949582411318756
0.684681678454350152893
-1.39539875495585204943
0.487336160510914776944
0.48341931761814685185
-1.08348070578715879078
1.07713947634253262427
1.78458116630731256217
-0.121859287793912103316
-1.10403416105001313932
1.46854985184418496671
-2.06208344275172688821
-0.398320213778825174471
1.66941320145204271697
2.2493894625189710999
1.00177938728655766397
-2.36406242206445461404
2.41690154040188982982
-0.844090990370446077359
-0.837306819474906974211
1.87664363144394581348
-1.86566029986340151683
-3.0909852502747902692
0.211066477833213733218
1.91224326023030358175
-2.54360295684187619499
3.5716332922925398953
0.689910847946622102092
-2.89150848374115590119
-3.89605683509290708473
-1.73513279675553744402
4.09467622727997456015
3.99044479922901008803
-0.272485651196897972385
-2.46869543358978111739
3.28377729707084400267
-4.61095875326965946744
-0.890671074821701888002
3.73292140098231988116
5.02978774606413638789
2.24004680843083227893
-5.28620427878892017037
5.45575997218497137971
1.05385622782885573687
-4.41685216645028182195
-5.951325119554447617
-2.65045912731089445378
6.25472125261556672446
6.74816838755692402454
3.00533816185967776828
-7.09218726619337426153
7.8407080349666182228
0.866025403784438646764
-0.421596003670593162872
-0.255994002443703701536
0.730151405192253583781
-0.715743404883482434339
0.239282827888412131815
-0.596226786233250087029
0.0462999489678863030334
0.40088862381741943372
-0.5054328963245540554
0.249778192683665632513
-0.221127843683398321463
-0.0616373175455098737736
0.19731000782103571737
-0.151046669850484737703
0.822188037826773663246
0.506549376170056869745
-0.81565266373180820022
-0.753362217305491782575
-0.711489661492312598864
0.159448605812446171582
-1.88565393705766390343
0.146430323280894736622
1.26786858503739761444
-1.59850505357872662768
0.789959866447267723931
0.179339787454488483763
0.0499892878424810536442
-0.160022972574776913576
0.122502337179566912613
1.27244266106214387995
0.783950880478508049882
-1.26232832173605102826
-1.44438591114951596118
-1.36410563123755853594
0.491944953862296950006
2.42899921751079230105
0.677060806064144053214
-2.16737000018205326781
1.65918609236627619296
0.781802477277756754062
0.481667865419236741989
-0.775588118247569346776
-2.03541493952438230385
-1.92228472977873868677
1.19058362756609472246
-2.59098176370103729188
-1.59630174082790005511
2.570386675570373808
-1.78471960254621746105
-1.68552326716882516091
2.22316676364726968852
2.50033411123257561414
2.36136327194806801007
2.5867438610203251192
-2.26657686098523748593
0.866025403784438646764
-0.273542254641480650465
-0.467591840518547005359
0.794424236510121046371
-0.484554499479539277762
-0.200576536708271684881
-0.386847166396096640841
-0.0608793420574449427155
0.334888301259759149482
-0.280547974298136330035
-0.00935914158982576450518
-0.483078974749781602302
-0.279726135502148830393
0.48105968288082176227
-0.172989610190234422606
0.792244976235525099047
0.778062082685730876244
-0.762586130953318889766
-0.344572285543870909294
-0.474233803653438004671
-0.305267564147235601719
-0.670038946962091060091
-0.105446113574859432293
0.580043552642335321544
-0.485923345444899677778
-0.0162105087488091820858
-0.129144586808984109024
-0.0747809738724615095742
0.128604756620351628652
-0.0462464170415132552436
0.548308932002387306282
0.538493019692102962722
-0.52778218804197377056
-0.332286798084900138135
-0.457325324092441711744
-0.137624049736151289146
-0.532113937209373168055
-0.308119754910691910471
0.529889676989139727055
-0.190548931719330547702
-0.355786046880658978361
-0.349416709389384884948
0.342466677702527157683
0.438428771145133581818
0.603408203428442355954
-0.027910621869020378296
0.837555728373778165952
0.82256167464813587866
-0.806200609050587281785
0.919651910099648611284
1.26571416698624169415
-0.54777701264156869728
-0.167004349281976107036
-0.229847585279969403679
-0.251785414491863219538
-0.382010545217573151286
0.866025403784438646764
-0.273542254641480672787
-0.467591840518546976736
0.794424236510121044893
-0.484554499479539320478
-0.200576536708271621925
-0.386847166396096672408
-0.0608793420574449339756
0.334888301259759167937
-0.280547974298136364244
-0.00935914158982573818446
-0.483078974749781570002
-0.279726135502148789818
0.481059682880821727067
-0.172989610190234439892
0.792244976235525116844
0.778062082685730850006
-0.762586130953318920803
-0.344572285543870973851
-0.474233803653438071085
-0.305267564147235552286
0.670038946962091417818
0.105446113574859464848
-0.580043552642335615855
0.485923345444899956808
0.0162105087488091438288
0.129144586808984148894
0.074780973872461526814
-0.128604756620351667544
0.0462464170415132772345
-0.548308932002387591663
-0.538493019692103212738
0.527782188041974054882
0.332286798084900350003
0.457325324092441981701
0.137624049736151321871
-0.532113937209372708663
-0.308119754910691620369
0.529889676989139266238
-0.190548931719330414976
-0.35578604688065864338
-0.349416709389384536332
0.342466677702526841488
0.438428771145133211974
0.603408203428441818392
-0.027910621869020392203
-0.837555728373778338995
-0.822561674648136002388
0.806200609050587463051
-0.919651910099648749616
-1.26571416698624182465
0.547777012641568851699
-0.167004349281976758175
-0.229847585279970288966
-0.251785414491864189322
0.382010545217572836347
0.866025403784438646764
-0.421596003670593162872
-0.255994002443703701536
0.730151405192253583781
-0.715743404883482434339
0.239282827888412131815
-0.596226786233250087029
0.0462999489678863030334
0.40088862381741943372
-0.5054328963245540554
0.249778192683665632513
-0.221127843683398321463
-0.0616373175455098737736
0.19731000782103571737
-0.151046669850484737703
0.822188037826773663246
0.506549376170056869745
-0.81565266373180820022
-0.753362217305491782575
-0.711489661492312598864
0.159448605812446171582
1.88565393705766390343
-0.146430323280894736622
-1.26786858503739761444
1.59850505357872662768
-0.789959866447267723931
-0.179339787454488483763
-0.0499892878424810536442
0.160022972574776913576
-0.122502337179566912613
-1.27244266106214387995
-0.783950880478508049882
1.26232832173605102826
1.44438591114951596118
1.36410563123755853594
-0.491944953862296950006
2.42899921751079230105
0.677060806064144053214
-2.16737000018205326781
1.65918609236627619296
0.781802477277756754062
0.481667865419236741989
-0.775588118247569346776
-2.03541493952438230385
-1.92228472977873868677
1.19058362756609472246
2.59098176370103729188
1.59630174082790005511
-2.570386675570373808
1.78471960254621746105
1.68552326716882516091
-2.22316676364726968852
2.50033411123257561414
2.36136327194806801007
2.5867438610203251192
2.26657686098523748593
0.866025403784438646764
-0.376767643772578927048
-0.324653649589276389588
0.761558738490500927905
-0.658425280391628251322
0.104174510982106484434
0.659530800242388339008
-0.00428174925832203052861
-0.487788367182810003191
0.545217720097129125594
-0.192550585840099689312
-0.797333116909806783972
-0.294749458624319913728
0.746852780609991831481
-0.479438509589256080729
-0.653187315572628665729
-0.474813520346221365849
0.654151215584849012212
0.673539251824463613388
0.724179280029522830183
0.557625587805899809216
-1.14234085517637617913
0.007416207260684111544
0.84487423530168978645
-0.944344792395094241179
0.33350739770220496877
-2.0715322035675622576
-0.765781556761114375991
1.94038044268589770012
-1.24561778657053542533
-0.377117872477106788016
-0.274133713786765187827
0.3776743804086340895
1.55547227340253359483
1.67242040906637837369
0.579501509808167673294
0.891445525061057670432
0.329539912907620546156
-0.835006793314339441258
0.536028549236380781727
2.43428539943500627929
1.76952551355021633382
-2.43787764268640223164
2.00810607012513527944
2.15908546405716086137
-0.623444360163633261737
-0.576057065515680500945
-0.418746164655735974194
0.576907145422702885858
-2.07902025166271213999
-2.23533132618124270225
-2.80314339703918137661
0.336769625912231982785
0.362089640014761604422
1.5055890870759285242
-0.184943484825354774619
0.866025403784438646764
-0.273542254641480676092
-0.467591840518546972498
0.794424236510121044674
-0.484554499479539326803
-0.200576536708271612604
0.773694332792193609603
0.121758684114889905562
-0.669776602519518562468
0.561095948596272923866
0.0187182831796514747548
-0.632202298666881192158
-0.366075766293204644307
0.629559664588474051015
-0.226390372846181090565
-0.790586571217747893455
-0.776433366694119923694
0.760989810744297705456
0.398480766416837514361
0.548427884274906300745
0.679612182619318379272
1.59620444889641848609e-16
2.51199659915515808964e-17
-1.3818123610264741376e-16
1.15759391202324134186e-16
3.86175852926761235163e-18
3.13733718340432346534e-16
1.81667025880282201263e-16
-3.12422297269392120764e-16
1.12347414141457081553e-16
1.16495440940330895971e-16
1.14409921325244227972e-16
-1.12134264331361782526e-16
-1.89179640509279398495e-16
-2.60367372120190538418e-16
-1.45991848833683362596e-16
-0.365388992554695251386
-0.211577932770286713831
0.363861650111246343054
-0.130845064044815971564
-1.06364983428799913861
-1.04460820849487043655
1.02383055260635224571
-1.06255583538822808921
-1.46239241097107689736
-0.0214092508398613861025
-9.89783525223554983687e-17
-9.72064265655271568383e-17
9.5272953647253650566e-17
-3.7807056646289449994e-16
-5.20337387262913545064e-16
-5.77062553353426858297e-16
0.084868294560320377056
0.116803979389679659527
0.399955247496456078262
3.25622502075410237402e-17
0.866025403784438646764
-0.376767643772578990726
-0.324653649589276294891
0.761558738490500890937
-0.658425280391628341624
0.104174510982106677011
0.659530800242388295885
-0.00428174925832209691746
-0.487788367182809911856
0.545217720097129116577
-0.192550585840099799749
-0.797333116909806855018
-0.294749458624319837006
0.746852780609991854162
-0.479438509589256225027
-0.653187315572628609414
-0.474813520346221222091
0.654151215584848954464
0.673539251824463733417
0.724179280029522834127
0.557625587805899749524
1.14234085517637653407
-0.00741620726068422932207
-0.844874235301689946008
0.944344792395094580726
-0.333507397702205285485
2.07153220356756284172
0.76578155676111432436
-1.94038044268589813329
1.24561778657053604047
0.377117872477106731501
0.274133713786765087381
-0.377674380408634032122
-1.55547227340253415778
-1.67242040906637869004
-0.579501509808167659322
0.89144552506105846167
0.329539912907620723512
-0.835006793314340133357
0.53602854923638137107
2.43428539943500838782
1.76952551355021748335
-2.43787764268640433825
2.00810607012513685441
2.15908546405716218175
-0.623444360163634062919
0.576057065515681497885
0.418746164655736608208
-0.57690714542270388308
2.07902025166271570002
2.23533132618124614376
2.80314339703918603966
0.336769625912232939153
0.362089640014762570139
1.50558908707593277494
0.184943484825355554191
0.866025403784438646764
-0.421596003670593242992
-0.255994002443703575261
0.730151405192253517877
-0.715743404883482525004
0.239282827888412371342
1.93113760535470480872
-0.149962354329566142532
-1.29845071521132657853
1.63706243263925947283
-0.809014408655329464271
1.84030171588476910213
0.512966885364026414352
-1.64208152128582672625
1.25706216401456583409
0.520201634395277944346
0.320495800549569988271
-0.516066677269689246533
-1.00547201259397375553
-0.949586965535848562113
-1.63309019014525843091
-0.426479425234083394467
0.0331182296403347862934
0.286754560204630183378
-0.361534798663953111712
0.178665673048215121199
-1.60591057924371174113
-0.44763254899848576686
1.43293681913767012177
-1.09695568424084889577
-2.9882622344945638603
-1.84106591323903709927
2.96450925987345401182
-3.50376038591085794013
-3.30901820353835502604
-2.53259692276161731704
0.124250904499854688019
0.0346337771327407895253
-0.110867752021938966805
0.0848725562461706853769
0.646750052007057060594
0.398462176910375615213
-0.641609192080443733309
1.70497187380424211814
1.61020798957188548512
2.98742304004800670302
-0.0299759276792641484946
-0.0184681444723830427708
0.0297376562714905209778
-0.198321178489705011193
-0.187298307386682489388
-0.668976695774021631687
0.00654248015359676902313
0.0061788431684982571467
0.0524329733950755996962
-0.00134137717130758370858
0.866025403784438646764
-0.421596003670593242992
-0.255994002443703575261
0.730151405192253517877
-0.715743404883482525004
0.239282827888412371342
1.93113760535470480872
-0.149962354329566142532
-1.29845071521132657853
1.63706243263925947283
-0.809014408655329464271
1.84030171588476910213
0.512966885364026414352
-1.64208152128582672625
1.25706216401456583409
0.520201634395277944346
0.320495800549569988271
-0.516066677269689246533
-1.00547201259397375553
-0.949586965535848562113
-1.63309019014525843091
0.426479425234083394467
-0.0331182296403347862934
-0.286754560204630183378
0.361534798663953111711
-0.178665673048215121198
1.60591057924371174113
0.44763254899848576686
-1.43293681913767012177
1.09695568424084889577
2.9882622344945638603
1.84106591323903709927
-2.96450925987345401182
3.50376038591085794013
3.30901820353835502604
2.53259692276161731703
0.124250904499854688019
0.0346337771327407895252
-0.110867752021938966805
0.0848725562461706853768
0.646750052007057060594
0.398462176910375615213
-0.641609192080443733308
1.70497187380424211814
1.61020798957188548512
2.98742304004800670302
0.0299759276792641484946
0.0184681444723830427708
-0.0297376562714905209777
0.198321178489705011192
0.187298307386682489388
0.668976695774021631685
0.00654248015359676902311
0.00617884316849825714668
0.052432973395075599696
0.00134137717130758370858
0.866025403784438646764
-0.592681722104509809385
0.0426929976281376520868
0.503848202063285617277
-0.788630949582411218551
0.684681678454350642726
2.79079750991170437449
-0.974672321021830761017
-0.966838635236292241159
2.16696141157431696148
-2.1542789526850662993
5.35374349892193874598
-0.36557786338173910523
-3.31210248315003727849
4.40564955553255563208
8.24833377100691061261
1.59328085511529617613
-6.6776528058081697357
11.2469473125948615065
5.00889693643278276873
14.1843745323867373183
5.67717946591271556189e-17
-1.98272704029812973874e-17
-1.96679136602361791428e-17
4.40814096526987532726e-17
-4.38234167494959192891e-17
2.90422720147402751933e-16
-1.98313792079093243667e-17
-1.79670507703086042144e-16
2.38991787371137319103e-16
8.38958594209086071777e-16
1.62056568453412978756e-16
-6.79200716909554315851e-16
1.83032808680658085463e-15
8.15147834506674112498e-16
3.36636556887761484012e-15
2.201753204150765895e-33
-1.50345684702566882628e-34
-1.36211834881886846113e-33
1.81184493190838929937e-33
1.52647542617504540531e-32
2.94860045658865813988e-33
-1.23579782239470113866e-32
5.82795624820890672695e-32
2.5955160441293898763e-32
1.63335015637503262441e-31
7.07092530417388125705e-50
1.36584796734228911224e-50
-5.72445120529024052189e-50
6.1705611091054025625e-49
2.74809721931011637568e-49
2.91831021166901954051e-48
2.05437901467235994115e-66
9.14930288802968100999e-67
2.15911042093439438631e-65
5.60691027293322362897e-83
0.866025403784438646764
0.480236928573820843446
-0.870438917824714889552
-0.0862012202136411603478
0.894495731859534500919
-0.37665818717343987349
-1.01606472817776805883
-1.37571147523489812358
0.582249400824174671202
1.11425341463965510111
-0.930568955877522724151
0.946198802243466955312
1.99457922105116642297
0.373202893751038426016
-1.69001893195596442816
-0.79611419589082849508
-2.26533486880267855181
-1.49960614777719523847
0.632348996345973590087
2.26070897898822708596
-0.483920657212059321628
-1.75987573298255500721
-2.38280217166237689635
1.00848554490400669565
1.92994352666299375248
-1.61179271152619022132
1.63886439954650149307
3.45471255058177529188
0.646406373508528065838
-2.92719865590101990248
-1.37891023590975692221
-3.92367508892361623307
-2.59739403929274425801
1.09526058978641255379
3.91566281273477063113
-0.838175165123409067536
2.11576484204527280941
4.46001472477898804194
0.834507039826953467296
-3.7789972151151284043
-1.78016545986447641767
-5.06544275844335732188
-3.3532212859064040055
1.41397534133336300919
5.05509895436181928169
-1.08207948524253828925
-2.10632017753529225786
-5.99351269913502042761
-3.96758493156203536644
1.67303818613273779405
5.98127374509359437842
-1.28033371327004421357
1.89704698903792139874
6.78212693696468350476
-1.4517619716361782714
-1.6049832482745941447
0.866025403784438646764
0.747400816261237057945
-0.742601240163466641815
-0.583516799842481503586
0.86727552948694602983
0.341641616314831048795
-0.921608029841801472824
-1.63868358226482183051
-0.0396302142455149389164
1.46406935737871896702
-0.0689130287888527488438
0.778452545527172373275
2.06282059910749327901
1.28950240184219470549
-1.30295932959515717772
-0.594086921656177065949
-2.08283111951324317915
-2.36104522666824503936
0.4280123809942990122
1.86374707324084114497
-0.29709718317872522723
-0.688409778003298146676
-1.22404076847965050732
-0.0296024189325489513481
1.0936098955946844086
-0.0514756830604138640466
0.581477511805590485526
1.54085666000108664169
0.963214331302304462387
-0.973266197548102590006
-0.443762676332360340517
-1.55580383652755128419
-1.76362028944716928287
0.319710656420307216691
1.39215552317210275997
-0.221921466930555120356
-0.384725187163847226819
-1.01948287745610313527
-0.637295177140187118368
0.643945831798786527049
0.293608394550221854258
1.02937243495396527693
1.16687082848076065091
-0.211531382783213911577
-0.921097176312883681336
0.146830747822761271318
0.701607426497963689505
2.45979119943881177723
2.78835773847704745299
-0.505475973619345672041
-2.20105634383311991165
0.350867158510612077559
-0.219715230778414591752
-0.956733114491752280686
0.152511420380150136044
-0.220983137450340062482
0.866025403784438646764
0.747400816261237055018
-0.742601240163466643991
-0.583516799842481498356
0.867275529486946032289
0.341641616314831040628
-0.921608029841801473858
-1.63868358226482182807
-0.0396302142455149313874
1.46406935737871896557
-0.0689130287888527601609
0.778452545527172375023
2.06282059910749327902
1.28950240184219469591
-1.30295932959515718563
-0.59408692165617706795
-2.08283111951324318187
-2.36104522666824503187
0.428012380994299014122
1.86374707324084114968
-0.297097183178725228897
0.688409778003298495381
1.22404076847965112414
0.0296024189325489606857
-1.09360989559468496024
0.0514756830604138985166
-0.581477511805590780719
-1.54085666000108742047
-0.963214331302304942049
0.97326619754810308782
0.443762676332360566296
1.55580383652755207255
1.76362028944717016863
-0.319710656420307379713
-1.39215552317210346711
0.221921466930555233764
-0.384725187163846736813
-1.01948287745610183452
-0.637295177140186300509
0.643945831798785709352
0.293608394550221480633
1.0293724349539639649
1.1668708284807591584
-0.211531382783213642635
-0.921097176312882508442
0.146830747822761084801
-0.701607426497963727877
-2.45979119943881190668
-2.78835773847704758724
0.505475973619345700254
2.20105634383312003019
-0.350867158510612097537
-0.219715230778415105137
-0.956733114491754514308
0.152511420380150492573
0.220983137450339710393
0.866025403784438646764
0.480236928573820843446
-0.870438917824714889552
-0.0862012202136411603478
0.894495731859534500919
-0.37665818717343987349
-1.01606472817776805883
-1.37571147523489812358
0.582249400824174671202
1.11425341463965510111
-0.930568955877522724151
0.946198802243466955312
1.99457922105116642297
0.373202893751038426016
-1.69001893195596442816
-0.79611419589082849508
-2.26533486880267855181
-1.49960614777719523847
0.632348996345973590087
2.26070897898822708596
-0.483920657212059321628
1.75987573298255500721
2.38280217166237689635
-1.00848554490400669565
-1.92994352666299375248
1.61179271152619022132
-1.63886439954650149307
-3.45471255058177529188
-0.646406373508528065838
2.92719865590101990248
1.37891023590975692221
3.92367508892361623307
2.59739403929274425801
-1.09526058978641255379
-3.91566281273477063113
0.838175165123409067536
2.11576484204527280941
4.46001472477898804194
0.834507039826953467296
-3.7789972151151284043
-1.78016545986447641767
-5.06544275844335732188
-3.3532212859064040055
1.41397534133336300919
5.05509895436181928169
-1.08207948524253828925
2.10632017753529225786
5.99351269913502042761
3.96758493156203536644
-1.67303818613273779405
-5.98127374509359437842
1.28033371327004421357
1.89704698903792139874
6.78212693696468350476
-1.4517619716361782714
1.6049832482745941447
0.866025403784438646764
0.747400816261237057945
-0.742601240163466641815
-0.583516799842481503586
0.86727552948694602983
0.341641616314831048795
-0.13537634104356129452
-0.240708609638792967231
-0.00582133968629934668706
0.215059272725684846407
-0.0101227348130483294596
-0.36298923984451126641
-0.961884813028068655584
-0.601289698790035355487
0.607564609192418837292
0.256304464819137938883
0.898587220043942692128
1.01861598223367102988
0.0158953513310251003982
0.0692150877797330211854
-0.112958462428973275258
-1.14234085517637619801
-2.03116199524564800328
-0.0491219817603103641779
1.814726204189670942
-0.0854182751130817804524
-0.407040071267352501659
-1.07861506587259058218
-0.674259661120149708023
0.681296067980244255147
0.525954681008123650881
1.84396379910779777798
2.09027121077870318831
-0.0587099347099897440779
-0.255647906099617484839
-0.179417435662475857374
0.891445525061057699909
2.36224057926721401653
1.47667465702645778308
-1.49208486808604718024
0.673914984078041860826
2.36270325027684912583
2.67830126928552130739
-0.313068978480257950668
-1.36323484617341576458
-0.151270384345995973934
-0.576057065515680529517
-2.01961958584560472902
-2.28939021420077461226
-0.647155534401432692813
-2.81798912071272066709
0.0690699593007248167242
0.336769625912232005057
1.46643749695337780169
0.497462032779648358668
-0.184943484825354789908
0.866025403784438646764
0.820626763924442275715
-0.682832818533520251582
-0.711134563642003502894
0.791088787802641456644
0.541638356156307557433
9.44937919925555160697e-17
1.79000778925950499836e-16
2.44425019400004881279e-17
-1.56398755687119706311e-16
-2.32490761700053992495e-17
-0.408517312791231600665
-1.1432064098115398085
-0.846739358637309573665
0.601281011272199755433
0.161604130682902900441
0.595827327359704625006
0.750828839169338562072
0.0990130103203738381827
0.452293995314608305139
-0.101786589930810725187
1.59620444889641847984e-16
3.02371016817735940112e-16
4.12886704153663842157e-17
-2.64191312852924969055e-16
-3.92727162629032551e-17
8.73591832822336169352e-17
2.44468410902300878542e-16
1.81070560554870487354e-16
-1.28580641317148902638e-16
-6.47965417993881887547e-17
-2.38902001819718224695e-16
-3.01051167787812367327e-16
-1.51238488292548935545e-17
-6.90861331191170482932e-17
2.89086369627355573602e-17
-0.365388992554695248526
-1.02251489786083412021
-0.757346706055039085343
0.53780208591378232941
-0.361357821651730583628
-1.33231040682832052118
-1.67890432384989862597
0.0632570919237839271914
0.288960034096695365785
0.113800867141594254126
-9.89783525223554972067e-17
-3.64928835671778898766e-16
-4.59863254814167192922e-16
-1.38612364118259450492e-16
-6.33184868980298180026e-16
-2.07805517050563455033e-17
0.0848682945603203757276
0.387680567412521144026
0.152679884896216102892
3.25622502075410231031e-17
0.866025403784438646764
0.747400816261237038515
-0.742601240163466656262
-0.583516799842481468869
0.86727552948694604616
0.34164161631483099458
-0.13537634104356136893
-0.240708609638793095361
-0.00582133968629934250144
0.215059272725684961595
-0.0101227348130483459841
-0.362989239844511224029
-0.96188481302806852897
-0.601289698790035246649
0.607564609192418781794
0.256304464819137977772
0.89858722004394281616
1.01861598223367114019
0.0158953513310250450909
0.0692150877797327794529
-0.112958462428973264156
1.14234085517637655295
2.03116199524564859916
0.0491219817603103171213
-1.81472620418967148038
0.0854182751130818994804
0.407040071267352503084
1.07861506587259056991
0.674259661120149667063
-0.681296067980244274846
-0.525954681008123821038
-1.84396379910779834928
-2.09027121077870377376
0.0587099347099898537148
0.255647906099617958917
0.179417435662475871983
0.891445525061058491146
2.3622405792672160781
1.47667465702645899889
-1.49208486808604854252
0.67391498407804233758
2.36270325027685076493
2.67830126928552308578
-0.313068978480258291437
-1.36323484617341723068
-0.151270384345996023508
0.576057065515681526456
2.01961958584560819655
2.28939021420077847489
0.647155534401433718457
2.8179891207127250965
-0.0690699593007250235627
0.336769625912232961423
1.46643749695338194703
0.497462032779649706815
0.184943484825355569479
0.866025403784438646764
0.747400816261237055018
-0.742601240163466643991
-0.583516799842481498356
0.867275529486946032289
0.341641616314831040628
1.05698437088536306985
1.87939219190361533071
0.0454515539318142899256
-1.67912863010440429044
0.0790357636019011138139
0.308443156092832114221
0.817343201840442631966
0.510934408139347113072
-0.516266393102702969987
-0.287525168480486619852
-1.00804502964809382921
-1.14269461562178688477
-0.297548096378521128099
-1.29565035592098669352
-0.0499617413312098445648
-0.453931077173077877883
-0.80712122676599718544
-0.0195195628277614016408
0.72111630859498625632
-0.0339425920526679089717
-0.988517583072942819493
-2.61947172587367677363
-1.63747399242245387678
1.65456226552834657081
-0.92673500497849831374
-3.24907423063688122203
-3.68306922796926911672
-0.378420591130297639314
-1.64780342927172319625
0.0947179827993986787194
0.14076128525533138898
0.373003184908216185473
0.233170302372411397133
-0.235603609909240589658
0.430706978430692732709
1.51003138659589858351
1.71173378582641678837
0.618106102731807157713
2.69149559936223540458
0.518754710536845987258
-0.0361449916987078486689
-0.126722051572423769282
-0.143648945983004334493
-0.141679560782086828888
-0.61693277687959991869
-0.26850417780849660384
0.00839672139201390436527
0.0365628790523074152072
0.04005262724856376158
-0.00183235691983372937343
0.866025403784438646764
0.747400816261237069357
-0.742601240163466633329
-0.583516799842481523975
0.867275529486946020239
0.341641616314831080637
1.05698437088536309013
1.87939219190361539082
0.0454515539318143333507
-1.67912863010440434005
0.0790357636019010521777
0.308443156092832157203
0.817343201840442754835
0.510934408139347208496
-0.516266393102703032247
-0.287525168480486590626
-1.00804502964809373694
-1.14269461562178680525
-0.297548096378521134064
-1.29565035592098673194
-0.0499617413312098673408
0.453931077173078164368
0.807121226765997705164
0.0195195628277614322348
-0.721116308594986718904
0.0339425920526679032722
0.988517583072943456022
2.61947172587367848912
1.63747399242245500883
-1.65456226552834760519
0.926735004978498938289
3.24907423063688344451
3.68306922796927171689
0.378420591130297931245
1.64780342927172448327
-0.0947179827993987040146
0.140761285255331660938
0.373003184908216910228
0.233170302372411858686
-0.235603609909241040437
0.430706978430693569584
1.51003138659590153281
1.71173378582642016919
0.618106102731808371072
2.69149559936224071391
0.518754710536847025209
0.0361449916987079897352
0.126722051572424265132
0.14364894598300489973
0.141679560782087383266
0.616932776879602338612
0.268504177808497658818
0.00839672139201395930783
0.0365628790523076548016
0.0400526272485640240425
0.00183235691983374742891
0.866025403784438646764
0.480236928573820843447
-0.870438917824714889552
-0.0862012202136411603484
0.894495731859534500919
-0.376658187173439873489
2.03212945635553611765
2.75142295046979624716
-1.1644988016483493424
-2.22850682927931020223
1.8611379117550454483
2.83859640673040080028
5.98373766315349913051
1.11960868125311525216
-5.07005679586789316722
3.18445678356331399367
9.06133947521071424524
5.99842459110878097905
3.16174498172986794444
11.3035448949411354084
2.903523943272355786
0.0
0.0
0.0
0.0
0.0
0.0
0.0
0.0
0.0
0.0
0.0
0.0
0.0
0.0
0.0
0.0
0.0
0.0
0.0
0.0
0.0
0.0
0.0
0.0
0.0
0.0
0.0
0.0
0.0
0.0
0.0
0.0
0.0
0.0
0.0
0.866025403784438646764
1.75583104892596889434
1.01619022888930549458
-0.882425746383244697014
-1.60840066741997525615
-0.177696446931673832936
-0.565074101906421607174
-1.9093307805251675809
-2.70356974438381695208
-1.3981896188056282416
1.24661886267141944025
0.292651294813666802771
1.37410576328765362468
2.94069257957685756562
3.39895474482982920767
-0.136939094595330638995
-0.821476117818449118251
-2.32345990611133246105
0.0604913038575872233544
0.441347526878167153045
-0.0257450832977950055148
-0.978737054543275636088
-3.30705792032473141098
-4.68272015907877343862
-2.42173545838670916541
2.15920720782062744192
0.506886911518089216772
2.38002099698742918857
5.09342895726790150137
5.88716231067257339584
-0.237185469381593322557
-1.4228383732659910414
-4.02435060673404136254
0.104774011697428288704
0.764436340347856166981
-0.0445917923168738473135
0.654388188906690677416
3.07259389498542867484
6.57558850886306382709
7.6002938618849506161
-0.306205124292433391542
-1.83687644133467863729
-5.19541429306021889971
0.135262667473160283144
0.986883071800997254994
-0.0575677563402640823936
-0.3623067890615941101
-2.17342151572641232515
-6.14729709280006978429
0.160044946489217938157
1.16769579787302549389
-0.06811508788860822605
0.181473911572761730184
1.32404258063450189778
-0.0772352498933850328515
-0.0853867814952316973688
0.866025403784438646764
1.96122599609108127476
1.62177530128977595592
-0.290656567723239690566
-1.84560308812928645522
-1.26536486400993311741
-0.492456021925469803648
-1.82452874441908433327
-3.06232068103606443742
-2.55289658097315936957
-0.0233095205624016036885
0.222266774982007628106
1.1362245991248071736
2.76964484430190452105
4.01230670975897859418
-0.0906386856660462170894
-0.589749021084825078111
-1.86736242825598079698
0.0348932274858494152015
0.275488776990314783392
-0.0129420939042197271022
4.90626410020653803914e-17
1.81775010965203226499e-16
3.05094330290495533782e-16
2.54341185590461415511e-16
2.32229191717844782263e-18
-2.21440991725338100749e-17
-1.13200320683687181156e-16
-2.75935483879149598446e-16
-3.99739986773632372428e-16
9.0301937589166022387e-18
5.8755793846670313655e-17
1.86042465436911721292e-16
-3.47635893830276651706e-18
-2.74465259105298501406e-17
1.2894010404320944699e-18
-0.248501808999709326758
-1.27033772067525845026
-3.09655707269543979493
-4.4858952747997974979
0.101337131270257572358
0.659359450404812825203
2.08777466410472357326
-0.0390118143063616818318
-0.308005816194311850234
0.0144697008705104769652
-2.06907732201765706961e-17
-1.34626436409793652443e-16
-4.26276840170426826409e-16
7.96533898880437353233e-18
6.28878912742849013175e-17
-2.95438893446744425766e-18
0.0392548809215805855252
0.309924874114104079394
-0.0145598556422471888012
4.62940315829592489676e-18
0.866025403784438646764
1.75583104892596889434
1.01619022888930549458
-0.882425746383244697014
-1.60840066741997525615
-0.177696446931673832936
-0.565074101906421607174
-1.9093307805251675809
-2.70356974438381695208
-1.3981896188056282416
1.24661886267141944025
0.292651294813666802771
1.37410576328765362468
2.94069257957685756562
3.39895474482982920767
-0.136939094595330638995
-0.821476117818449118251
-2.32345990611133246105
0.0604913038575872233544
0.441347526878167153045
-0.0257450832977950055148
0.978737054543275636088
3.30705792032473141098
4.68272015907877343862
2.42173545838670916541
-2.15920720782062744192
-0.506886911518089216772
-2.38002099698742918857
-5.09342895726790150137
-5.88716231067257339585
0.237185469381593322557
1.4228383732659910414
4.02435060673404136254
-0.104774011697428288704
-0.764436340347856166981
0.0445917923168738473135
0.654388188906690677417
3.07259389498542867484
6.57558850886306382709
7.60029386188495061611
-0.306205124292433391543
-1.83687644133467863729
-5.19541429306021889971
0.135262667473160283144
0.986883071800997254995
-0.0575677563402640823937
0.362306789061594110101
2.17342151572641232515
6.14729709280006978431
-0.160044946489217938157
-1.16769579787302549389
0.0681150878886082260502
0.181473911572761730185
1.32404258063450189779
-0.0772352498933850328518
0.0853867814952316973693
0.866025403784438646764
1.96122599609108127476
1.62177530128977595592
-0.290656567723239690566
-1.84560308812928645522
-1.26536486400993311741
0.246228010962734944314
0.912264372209542324058
1.53116034051803248293
1.27644829048657990505
0.0116547602812008038554
-0.111133387491003790986
-0.568112299562403468884
-1.38482242215095197309
-2.00615335487948888069
-0.033989507124767345698
-0.221155882906809497268
-0.700260910595993093264
0.013084960307193525183
0.10330829137136800021
0.00404440434506866573734
-0.426479425234083345404
-1.58008824260185232284
-2.652047504311694774
-2.21087329235719314872
-0.020186636957075523648
-0.288733010327487216879
-1.47599905087030977284
-3.5978741919390687762
-5.21213930763904848331
-0.0196238510881071502802
-0.127684408529115951319
-0.404295825235569493639
0.0302184214227750111139
0.238580279331118517908
0.00420306828720675746629
0.124250904499854659431
0.635168860337629204948
1.54827853634771984827
2.24294763739989867768
0.126671414087821971624
0.824199313006016071689
2.60971833013090459382
0.0390118143063616987731
0.308005816194311983989
-0.00452178152203451903987
-0.0299759276792641381492
-0.195041155716779363457
-0.617572074098877365571
-0.0403894760359829805067
-0.318882721896246355127
-0.0203309273870374206956
0.0065424801535967660125
0.0516541456856840271144
0.0109198917316853953034
-0.00134137717130758293701
0.866025403784438646764
1.96122599609108127476
1.62177530128977595592
-0.290656567723239690566
-1.84560308812928645522
-1.26536486400993311741
0.246228010962734944314
0.912264372209542324058
1.53116034051803248293
1.27644829048657990505
0.0116547602812008038554
-0.111133387491003790986
-0.568112299562403468884
-1.38482242215095197309
-2.00615335487948888069
-0.033989507124767345698
-0.221155882906809497268
-0.700260910595993093264
0.013084960307193525183
0.10330829137136800021
0.00404440434506866573734
0.426479425234083345404
1.58008824260185232284
2.652047504311694774
2.21087329235719314872
0.020186636957075523648
0.288733010327487216879
1.47599905087030977284
3.5978741919390687762
5.21213930763904848331
0.0196238510881071502802
0.127684408529115951319
0.404295825235569493639
-0.0302184214227750111139
-0.238580279331118517908
-0.00420306828720675746629
0.124250904499854659431
0.635168860337629204948
1.54827853634771984827
2.24294763739989867768
0.126671414087821971624
0.824199313006016071689
2.60971833013090459382
0.0390118143063616987731
0.308005816194311983989
-0.00452178152203451903987
0.0299759276792641381492
0.195041155716779363457
0.617572074098877365571
0.0403894760359829805067
0.318882721896246355127
0.0203309273870374206956
0.0065424801535967660125
0.0516541456856840271144
0.0109198917316853953034
0.00134137717130758293701
0.866025403784438646764
1.75583104892596889434
1.01619022888930549458
-0.882425746383244697013
-1.60840066741997525615
-0.177696446931673832937
1.13014820381284321435
3.81866156105033516181
5.40713948876763390417
2.79637923761125648321
-2.49323772534283888051
0.877953884441000388008
4.1223172898629607787
8.82207773873057249281
10.1968642344894873872
0.547756378381322558277
3.28590447127379648679
9.2938396244453298832
0.302456519287936116199
2.20673763439083576105
0.154470499786770025441
2.07255632974195916474e-22
7.0029675424833359862e-22
9.91604564377904898769e-22
5.12822430696884569554e-22
-4.57229911243258658645e-22
4.2934991458779686656e-22
2.01595619960538041407e-21
4.31430214130502838807e-21
4.98662044297342676732e-21
5.02259767940464056616e-22
3.01297745193501698553e-21
8.5218938880164178159e-21
4.43735199618646189245e-22
3.23751383176568073748e-21
3.30493776108241603605e-22
2.93437812539918060913e-44
1.37779875409180462513e-43
2.94859586544055204041e-43
3.4080896374645486827e-43
8.23842759243603167933e-44
4.94210330188170261062e-43
1.39782260551612605246e-42
1.273731434375352321e-43
9.29320716564505943073e-43
1.44559938529193281195e-43
3.44030866028307209468e-66
2.06378712426720940646e-65
5.83720759979953230089e-65
1.21577410540389663498e-65
8.87034764411388343199e-65
2.32844915359678405758e-65
3.64901332346413909532e-88
2.6623380604390487874e-87
1.55301912798106991095e-87
3.63573486474247682631e-110
0.866025403784438646764
2.82874969960429970855
5.10305831343645437241
6.46477876453360298122
5.92470227228338987191
3.30353131323552045823
-0.185740075128337470863
-0.943951291524790482953
-2.60473966117778804128
-5.10982390123160254
-7.82766638838446760679
0.031619199939446757283
0.217275918592847013903
0.799195312099178586596
2.07624281012504602763
-0.00486326676211360995294
-0.042072941724044418665
-0.192817025246427576786
0.000706144855111910633683
0.00736211796860395435994
-0.0000987859926887915770863
-0.321711247123940865145
-1.63497159679119811783
-4.5115414336496717214
-8.8504746146629485103
-13.5579158893810745906
0.0547660607898005562775
0.376332930264010340972
1.38424688572664330996
3.59615803598616141641
-0.0084234251227417575098
-0.0728724726899294507419
-0.333968884291103498863
0.00122307876655719261804
0.0127515623729378210946
-0.000171102358413114633717
0.0707026804587601894463
0.485843723847316416019
1.78705504515292362084
4.64262006123479194911
-0.0108745950728013316449
-0.0940779577083505267059
-0.431151975670305239255
0.00157898789799197197346
0.0164621962361711037295
-0.000220892194876935149466
-0.0128669944119189327954
-0.111314540726734661794
-0.510145897341310138243
0.00186828367621385310646
0.0194783332676460945373
-0.000261363169671187362896
0.00211843456533573260289
0.022086353905811870397
-0.000296357978066374793833
-0.000327636072291513545636
0.866025403784438646764
2.82874969960429977936
5.10305831343645471751
6.4647787645336038754
5.92470227228339146903
3.30353131323552257253
-0.185740075128337445828
-0.9439512915247903766
-2.60473966117778782996
-5.10982390123160234751
-7.82766638838446778187
0.0316191999394467487594
0.217275918592846959873
0.799195312099178409708
2.07624281012504564042
-0.00486326676211360798645
-0.0420729417240444025039
-0.192817025246427507564
0.000706144855111910252973
0.00736211796860395053659
-0.0000987859926887915105122
0.32171124712394112583
1.63497159679119947882
4.51154143364967561921
8.85047461466295654142
13.5579158893810877073
-0.0547660607898005932732
-0.376332930264010603059
-1.38424688572664431182
-3.59615803598616414445
0.00842342512274176206466
0.0728724726899294916212
0.333968884291103694599
-0.00122307876655719311455
-0.0127515623729378265238
0.000171102358413114680114
0.0707026804587603708487
0.485843723847317672706
1.7870550451529282921
4.6426200612348042464
-0.0108745950728013580802
-0.0940779577083507573057
-0.431151975670306306907
0.00157898789799197559904
0.0164621962361711418551
-0.000220892194876935626892
0.0128669944119190005556
0.111314540726735250251
0.51014589734131284791
-0.0018682836762138626934
-0.0194783332676461948747
0.000261363169671188668832
0.00211843456533575148192
0.0220863539058120676635
-0.000296357978066377394967
0.000327636072291517969531
0.866025403784438646764
2.82874969960429940519
5.10305831343645289396
6.46477876453359915044
5.92470227228338302962
3.30353131323551140025
0.371480150256675254564
1.88790258304958237689
5.20947932235557927215
10.2196478024632094344
15.6553327767689378574
0.0948575998183404461605
0.651827755778542181147
2.39758593629753967014
6.22872843037514731207
0.0194530670484544993382
0.168291766896178175045
0.771268100985712517369
0.00353072427555956879347
0.0368105898430199315789
0.000592715956132752974857
5.67712928784280982962e-17
2.88517893605333592133e-16
7.96136418457931642009e-16
1.56181324387627213589e-15
2.39251944300416549806e-15
3.86575241579633722533e-17
2.65640784334583943169e-16
9.77093416138651249235e-16
2.53840725710693148173e-15
1.48645326813348869847e-17
1.28595581498629425411e-16
5.89343565444815065685e-16
4.31665125110498197541e-18
4.50044994449761207282e-17
1.05678485473387016563e-18
2.20171428368379254746e-33
1.5129399048126528056e-32
5.56497235057072555915e-32
1.44573343418001509931e-31
2.03183962580000480181e-33
1.757778759636356577e-32
8.05576357596933443611e-32
1.03257873549520778546e-33
1.07654490541927833968e-32
3.85206386203637389663e-34
7.07073781551844067602e-50
6.11701464488480237099e-49
2.80338031733460541407e-48
8.21335184682092539246e-50
8.56306815467257340577e-49
5.17052343195041407914e-50
2.05430638465757373387e-66
2.14177669610132233488e-65
2.87386779109449762612e-66
5.60666249235484380567e-83
0.866025403784438646764
3.35410196624968460668
7.93725393319377195968
14.9999999999999999282
24.8746859276654966809
37.8582883923718835147
0.0
0.0
0.0
0.0
0.0
0.0
0.0
0.0
0.0
0.0
0.0
0.0
0.0
0.0
0.0
0.0
0.0
0.0
0.0
0.0
0.0
0.0
0.0
0.0
0.0
0.0
0.0
0.0
0.0
0.0
0.0
0.0
0.0
0.0
0.0
0.0
0.0
0.0
0.0
0.0
0.0
0.0
0.0
0.0
0.0
0.0
0.0
0.0
0.0
0.0
