0.0
0.0
0.0
0.0
0.0
0.0
0.0
0.0
0.0
0.0
0.0
0.0
0.0
0.0
0.0
0.0
0.0
0.0
0.0
0.0
0.0
2.73861278752583075449
-3.24037034920393030101
3.67423461417476732934
-4.06201920231798001973
4.41588043316392317165
-3.96862696659688626719
4.50000000000000039683
-4.97493718553309995348
5.40832691319598456262
5.19615242270663215502
-5.74456264653802878609
6.24499799839839809348
-6.42261628933256498503
6.98212002188447113652
7.64852927038917770232
-15.3704261489393981989
17.4284250579333765527
-19.267848867997693157
20.9463600656534130047
20.1246117974981080848
-22.2485954612869890633
24.1867732448956482265
-24.8746859276654989766
27.0416345659799199525
29.6226264871972469182
47.6235235991626317549
-52.6497863243527319834
57.2363520850167362495
-58.8642506110457501634
63.9921870231046253123
70.0999286732875319646
-111.242977306434949056
120.933866224478250642
132.476412994917705627
219.687277738152134618
0.0
0.0
0.0
0.0
0.0
0.0
0.0
0.0
0.0
0.0
0.0
0.0
0.0
0.0
0.0
0.0
0.0
0.0
0.0
0.0
0.0
2.73861278752583075449
-3.24037034920393030101
3.67423461417476732934
-4.06201920231798001973
4.41588043316392317165
-3.96862696659688626719
4.50000000000000039683
-4.97493718553309995348
5.40832691319598456262
5.19615242270663215502
-5.74456264653802878609
6.24499799839839809348
-6.42261628933256498503
6.98212002188447113652
7.64852927038917770232
-11.7592263563107458078
13.3337093782776188451
-14.7409703571299447211
16.0251242851716752059
15.396441397689641785
-17.0214064076105353484
18.5042196396821500074
-19.0305109000338252577
20.6883464924579770224
22.6629481028042305192
22.9372539331937719224
-25.3580883391691206908
27.5671483914894011866
-28.3512046529134485057
30.8210088745971445093
33.7627236113675373898
-23.3441682595735506589
25.3777864435283707855
27.7999721893385854314
5.14888585197951137435e-20
0.0
0.0
0.0
0.0
0.0
0.0
0.0
0.0
0.0
0.0
0.0
0.0
0.0
0.0
0.0
0.0
0.0
0.0
0.0
0.0
0.0
2.73861278752583075449
-3.24037034920393030101
3.67423461417476732934
-4.06201920231798001973
4.41588043316392317165
-3.96862696659688626719
4.50000000000000039683
-4.97493718553309995348
5.40832691319598456262
5.19615242270663215502
-5.74456264653802878609
6.24499799839839809348
-6.42261628933256498503
6.98212002188447113652
7.64852927038917770232
-4.38412995941574630022
4.97113610914361186519
-5.49579775193886298244
5.97456204627594777729
5.74017354158466635587
-6.34600062298728551441
6.89883001141507896611
-7.09504438912779243244
7.71312643536988364947
8.44930667508299549644
-7.0627460668062291476
7.80815956438487796048
-8.48836436315049047766
8.72978778256486653126
-9.49027986689560427497
-10.3960807202716950847
19.279950076060505782
-20.9595154657735600304
-22.9599988299651538756
-6.252218534546549526e-20
0.0
0.0
0.0
0.0
0.0
0.0
0.0
0.0
0.0
0.0
0.0
0.0
0.0
0.0
0.0
0.0
0.0
0.0
0.0
0.0
0.0
2.73861278752583075449
-3.24037034920393030101
3.67423461417476732934
-4.06201920231798001973
4.41588043316392317165
-3.96862696659688626719
4.50000000000000039683
-4.97493718553309995348
5.40832691319598456262
5.19615242270663215502
-5.74456264653802878609
6.24499799839839809348
-6.42261628933256498503
6.98212002188447113652
7.64852927038917770232
4.38412995941574630022
-4.97113610914361186519
5.49579775193886298244
-5.97456204627594777729
-5.74017354158466635587
6.34600062298728551441
-6.89883001141507896611
7.09504438912779243244
-7.71312643536988364947
-8.44930667508299549644
-7.0627460668062291476
7.80815956438487796048
-8.48836436315049047766
8.72978778256486653126
-9.49027986689560427497
-10.3960807202716950847
-19.279950076060505782
20.9595154657735600304
22.9599988299651538756
-6.252218534546549526e-20
0.0
0.0
0.0
0.0
0.0
0.0
0.0
0.0
0.0
0.0
0.0
0.0
0.0
0.0
0.0
0.0
0.0
0.0
0.0
0.0
0.0
2.73861278752583075449
-3.24037034920393030101
3.67423461417476732934
-4.06201920231798001973
4.41588043316392317165
-3.96862696659688626719
4.50000000000000039683
-4.97493718553309995348
5.40832691319598456262
5.19615242270663215502
-5.74456264653802878609
6.24499799839839809348
-6.42261628933256498503
6.98212002188447113652
7.64852927038917770232
11.7592263563107458078
-13.3337093782776188451
14.7409703571299447211
-16.0251242851716752059
-15.396441397689641785
17.0214064076105353484
-18.5042196396821500074
19.0305109000338252577
-20.6883464924579770224
-22.6629481028042305192
22.9372539331937719224
-25.3580883391691206908
27.5671483914894011866
-28.3512046529134485057
30.8210088745971445093
33.7627236113675373898
23.3441682595735506589
-25.3777864435283707855
-27.7999721893385854314
5.14888585197951137435e-20
0.0
0.0
0.0
0.0
0.0
0.0
0.0
0.0
0.0
0.0
0.0
0.0
0.0
0.0
0.0
0.0
0.0
0.0
0.0
0.0
0.0
2.73861278752583075449
-3.24037034920393030101
3.67423461417476732934
-4.06201920231798001973
4.41588043316392317165
-3.96862696659688626719
4.50000000000000039683
-4.97493718553309995348
5.40832691319598456262
5.19615242270663215502
-5.74456264653802878609
6.24499799839839809348
-6.42261628933256498503
6.98212002188447113652
7.64852927038917770232
15.3704261489393981989
-17.4284250579333765527
19.267848867997693157
-20.9463600656534130047
-20.1246117974981080848
22.2485954612869890633
-24.1867732448956482265
24.8746859276654989766
-27.0416345659799199525
-29.6226264871972469182
47.6235235991626317549
-52.6497863243527319834
57.2363520850167362495
-58.8642506110457501634
63.9921870231046253123
70.0999286732875319646
111.242977306434949056
-120.933866224478250642
-132.476412994917705627
219.687277738152134618
0.0
0.0
0.0
0.0
0.0
0.0
0.0
0.0
0.0
0.0
0.0
0.0
0.0
0.0
0.0
0.0
0.0
0.0
0.0
0.0
0.0
2.73861278752583075449
-3.24037034920393030101
3.67423461417476732934
-4.06201920231798001973
4.41588043316392317165
-1.63760752381714479013
1.8568723942064779523
-2.05284967171726300114
2.23168287643501276151
-0.622879949386103961261
0.688619693849756351919
-0.7486085319900040244
2.85107355839929846198
-3.09944372810006746415
-3.77568523284767859289
-13.5648262526250720033
15.3810672181054976989
-17.0044096125638189391
18.4857421754125441053
3.15593250849550656466
-3.48901466478823343016
3.79295882709474670467
8.40271709272043991312
-9.13471654047872246174
-15.0652130941831258799
37.0918230032974807174
-41.0065532307370335989
44.5788232462745866904
2.62477252248945406866
-2.85342856502335182899
-32.2377764421877161285
-76.4641005420018809462
83.1252410698163116952
-26.6070906130283966813
133.265647744873718663
0.0
0.0
0.0
0.0
0.0
0.0
0.0
0.0
0.0
0.0
0.0
0.0
0.0
0.0
0.0
0.0
0.0
0.0
0.0
0.0
0.0
2.73861278752583075449
-3.24037034920393030101
3.67423461417476732934
-4.06201920231798001973
4.41588043316392317165
-0.87848995381416937433
0.996113977311818673834
-1.10124543705729798631
1.19718000713471173639
-1.86781961073920122753
2.06495227496320254427
-2.24483979327912616747
3.5351388943891911233
-3.84310115110774031591
-2.78190462555941001333
-8.18959663613544020627
9.28612973020521497579
-10.2662026898849717594
11.160538964288494847
-0.966092380398830173528
1.06805531286807307598
-1.16109853812101447157
8.19875940638712877338
-8.91299115923022944959
-8.74209510306758593155
8.41347423882243174801
-9.30144574449833471933
10.1117375909565443681
4.17589781153923883644
-4.53967953335752001894
-9.66896966064834741526
2.23959110825211672853
-2.43469222094638555119
1.90165131165950263508
-17.3670964817363544792
0.0
0.0
0.0
0.0
0.0
0.0
0.0
0.0
0.0
0.0
0.0
0.0
0.0
0.0
0.0
0.0
0.0
0.0
0.0
0.0
0.0
2.73861278752583075449
-3.24037034920393030101
3.67423461417476732934
-4.06201920231798001973
4.41588043316392317165
-0.679583838537552669234
0.770575642195301573368
-0.851903425916323184575
0.926116663186250769799
-2.14121355222577491825
2.3672006495856505084
-2.57341841808947382008
3.56789416689885753355
-3.87870988650609779258
-2.34418434201919462348
1.31165245043518409721e-15
-1.48727408159998766765e-15
1.64424336302919289657e-15
-1.78748098729245632321e-15
2.75232699596134315342e-16
-3.04281198198993230063e-16
3.30788537026079673738e-16
-1.40731082402413453752e-15
1.52990816184268072201e-15
1.30876269836712181503e-15
-8.28612881427024877621
9.16066008049563364448
-9.9586874383170022018
-5.0366709553808908189
5.47543859651366546036
9.80609090669961174555
-4.95515084928677294908e-15
5.38681689792468811779e-15
-4.8581095705532955787e-15
13.3013344541749219679
0.0
0.0
0.0
0.0
0.0
0.0
0.0
0.0
0.0
0.0
0.0
0.0
0.0
0.0
0.0
0.0
0.0
0.0
0.0
0.0
0.0
2.73861278752583075449
-3.24037034920393030101
3.67423461417476732934
-4.06201920231798001973
4.41588043316392317165
-0.87848995381416972983
0.996113977311819076933
-1.10124543705729843195
1.19718000713471222086
-1.8678196107392007193
2.0649522749632019824
-2.24483979327912555666
3.53513889438919101411
-3.8431011511077401972
-2.78190462555941074476
8.18959663613543993091
-9.28612973020521466357
10.2662026898849714142
-11.1605389642884944717
0.966092380398828796329
-1.06805531286807155343
1.16109853812101281638
-8.19875940638712736093
8.91299115923022791409
8.74209510306758649786
8.4134742388224302514
-9.30144574449833306477
10.1117375909565425694
4.17589781153923641683
-4.53967953335751738856
-9.66896966064834505857
-2.23959110825211997819
2.43469222094638908394
-1.90165131165950486879
-17.3670964817363576159
0.0
0.0
0.0
0.0
0.0
0.0
0.0
0.0
0.0
0.0
0.0
0.0
0.0
0.0
0.0
0.0
0.0
0.0
0.0
0.0
0.0
2.73861278752583075449
-3.24037034920393030101
3.67423461417476732934
-4.06201920231798001973
4.41588043316392317165
-1.6376075238171450441
1.85687239420647824028
-2.05284967171726331951
2.23168287643501310762
-0.622879949386103491323
0.688619693849755832382
-0.748608531990003459605
2.85107355839929807216
-3.09944372810006704037
-3.77568523284767869237
13.5648262526250739065
-15.3810672181054998569
17.0044096125638213248
-18.4857421754125466989
-3.15593250849550859866
3.48901466478823567884
-3.79295882709474914923
-8.40271709272043897297
9.13471654047872143969
15.0652130941831272864
37.0918230032974934586
-41.0065532307370476849
44.5788232462746020035
2.62477252248944968915
-2.85342856502334706796
-32.2377764421877222562
76.4641005420019275593
-83.125241069816362369
26.6070906130284000811
133.265647744873843747
0.0
0.0
0.0
0.0
0.0
0.0
0.0
0.0
0.0
0.0
0.0
0.0
0.0
0.0
0.0
0.0
0.0
0.0
0.0
0.0
0.0
2.73861278752583075449
-3.24037034920393030101
3.67423461417476732934
-4.06201920231798001973
4.41588043316392317165
3.12299672982429859515
-3.5411454395927429765
3.91488358373575360122
-4.25592715210903461124
-3.15103765628985413036
3.48360320206476920652
-3.78707594689031408652
-2.50103075271766581074
2.71890707886481848611
4.78117606362246870856
-9.87727805417757224956
11.199780583538494209
-12.3818233099682780697
13.460461055964680391
-19.4204407688558299654
21.4701050978719751107
-23.3404649947403298831
1.91981432099946762508
-2.08705820262289088307
20.2094818497771924481
19.66637279455801729
-21.7419931822673737165
23.6360385043896512306
53.8783022617605960883
-58.5718897128875457045
25.3906092906762821351
-29.5207044756047147522
32.0923892217565094914
-103.048595198713248148
37.4636762566216620342
0.0
0.0
0.0
0.0
0.0
0.0
0.0
0.0
0.0
0.0
0.0
0.0
0.0
0.0
0.0
0.0
0.0
0.0
0.0
0.0
0.0
2.73861278752583075449
-3.24037034920393030101
3.67423461417476732934
-4.06201920231798001973
4.41588043316392317165
4.30841888586566331163
-4.88528782109765198837
5.40088889849126243557
-5.87138524478911091485
-1.82721388219697640481
2.02006095299200765279
-2.19603778116693842954
-4.87695290616331649151
5.30180677124791491048
2.96707526662831725571
-3.86369029649017454009
4.38101300035132111919
-4.84339210794482697876
5.26532233708034162029
-9.71214430939229081647
10.7371795280131983952
-11.6725447674065657073
-3.68753531762039416236
4.00877352977271860859
9.31918981175158036541
-0.283429765235449755512
0.313343395234834570914
-0.340640183849711615082
-0.964845203607857352684
1.04889732013395599996
-0.929140655881542776804
4.03314850371446715092
-4.38449467482425961206
17.2348112706370061132
-2.78109802187858766449
0.0
0.0
0.0
0.0
0.0
0.0
0.0
0.0
0.0
0.0
0.0
0.0
0.0
0.0
0.0
0.0
0.0
0.0
0.0
0.0
0.0
2.73861278752583075449
-3.24037034920393030101
3.67423461417476732934
-4.06201920231798001973
4.41588043316392317165
4.30841888586566329864
-4.88528782109765197365
5.40088889849126241929
-5.87138524478911089715
-1.82721388219697642358
2.02006095299200767355
-2.19603778116693845209
-4.87695290616331646952
5.30180677124791488657
2.9670752666283172885
3.8636902964901764972
-4.38101300035132333834
4.84339210794482943212
-5.26532233708034428738
9.71214430939229571287
-10.7371795280132038084
11.672544767406571592
3.68753531762039597281
-4.00877352977272057676
-9.31918981175158508839
-0.283429765235445953879
0.31334339523483036805
-0.340640183849707046088
-0.964845203607844409188
1.04889732013394192889
-0.929140655881530307208
-4.03314850371446607729
4.38449467482425844489
-17.2348112706370014907
-2.78109802187859136481
0.0
0.0
0.0
0.0
0.0
0.0
0.0
0.0
0.0
0.0
0.0
0.0
0.0
0.0
0.0
0.0
0.0
0.0
0.0
0.0
0.0
2.73861278752583075449
-3.24037034920393030101
3.67423461417476732934
-4.06201920231798001973
4.41588043316392317165
3.12299672982429859515
-3.5411454395927429765
3.91488358373575360122
-4.25592715210903461124
-3.15103765628985413036
3.48360320206476920652
-3.78707594689031408652
-2.50103075271766581074
2.71890707886481848611
4.78117606362246870856
9.87727805417757224956
-11.199780583538494209
12.3818233099682780697
-13.460461055964680391
19.4204407688558299654
-21.4701050978719751107
23.3404649947403298831
-1.91981432099946762508
2.08705820262289088307
-20.2094818497771924481
19.66637279455801729
-21.7419931822673737165
23.6360385043896512306
53.8783022617605960883
-58.5718897128875457045
25.3906092906762821351
29.5207044756047147522
-32.0923892217565094914
103.048595198713248148
37.4636762566216620342
0.0
0.0
0.0
0.0
0.0
0.0
0.0
0.0
0.0
0.0
0.0
0.0
0.0
0.0
0.0
0.0
0.0
0.0
0.0
0.0
0.0
2.73861278752583075449
-3.24037034920393030101
3.67423461417476732934
-4.06201920231798001973
4.41588043316392317165
8.78288416996636020643
-9.95885456040725821399
11.0099279728635462592
-11.9690535874789190766
10.1879202622488634426
-11.263169634646221975
12.2443562986256024242
0.628821263447632695685
-0.6836007844648407428
-11.2294545275527738453
-5.49314809476182594934
6.22864447439488234377
-6.88602555802941508726
7.48589900968873261372
-25.1606143104404963213
27.816105720859260625
-30.2392950061554088492
-49.6454559057220612844
53.970300584615235319
-46.4540469244262460758
6.0826429382170704074
-6.72461478659031462489
7.31042700136019469283
35.9643315931370084128
-39.0973504220083318317
97.2358956498700306637
-5.07783753081070515708
5.52019138223096285706
-36.6982770784468325118
3.58382259979372030339
0.0
0.0
0.0
0.0
0.0
0.0
0.0
0.0
0.0
0.0
0.0
0.0
0.0
0.0
0.0
0.0
0.0
0.0
0.0
0.0
0.0
2.73861278752583075449
-3.24037034920393030101
3.67423461417476732934
-4.06201920231798001973
4.41588043316392317165
9.69423384082211163854
-10.9922279546236385444
12.1523652451807963252
-13.2110138406613930825
13.9953823089208057351
-15.4724773054227125924
16.8203561781785196546
6.78260215235121944409
-7.37346591404878504292
-8.76100459566695431916
2.75363389680023973768e-16
-3.12232735399334218831e-16
3.45186276861969944276e-16
-3.75257045786893267813e-16
1.37717430141394442553e-15
-1.52252347623662251048e-15
1.65515751966642513509e-15
3.14199305893991902373e-15
-3.41570656834711917502e-15
3.95350166828621628415e-15
-1.15493204130994886656
1.27682541312811434652
-1.38805556487310487087
-7.41873994553840541254
8.06502060491001067645
-22.6173191899496401153
-1.44993673829617588162e-16
1.57624741614069505052e-16
-1.13512389104407714414e-15
0.258407261186530452281
0.0
0.0
0.0
0.0
0.0
0.0
0.0
0.0
0.0
0.0
0.0
0.0
0.0
0.0
0.0
0.0
0.0
0.0
0.0
0.0
0.0
2.73861278752583075449
-3.24037034920393030101
3.67423461417476732934
-4.06201920231798001973
4.41588043316392317165
8.78288416996636020643
-9.95885456040725821399
11.0099279728635462592
-11.9690535874789190766
10.1879202622488634426
-11.263169634646221975
12.2443562986256024242
0.628821263447632695685
-0.6836007844648407428
-11.2294545275527738453
5.49314809476182594934
-6.22864447439488234377
6.88602555802941508726
-7.48589900968873261372
25.1606143104404963213
-27.816105720859260625
30.2392950061554088492
49.6454559057220612844
-53.970300584615235319
46.4540469244262460758
6.0826429382170704074
-6.72461478659031462489
7.31042700136019469283
35.9643315931370084128
-39.0973504220083318317
97.2358956498700306637
5.07783753081070515708
-5.52019138223096285706
36.6982770784468325118
3.58382259979372030339
0.0
0.0
0.0
0.0
0.0
0.0
0.0
0.0
0.0
0.0
0.0
0.0
0.0
0.0
0.0
0.0
0.0
0.0
0.0
0.0
0.0
2.73861278752583075449
-3.24037034920393030101
3.67423461417476732934
-4.06201920231798001973
4.41588043316392317165
13.5434884236078035917
-15.3568723942064791428
16.9776612283165628616
-18.4566636160229664494
35.1552167250801564543
-38.8655544335725389191
42.2513121674419059212
63.2472988241963986327
-68.7570627851446370046
85.9808250415850971047
-1.80559989631432619556
2.04735783982787885384
-2.26343925543387421791
2.46061789024086889939
-12.2405088891941352204
13.5323917428223019183
-14.7112608125874033028
-43.5926952668828546956
47.3902560450861240866
-108.213955528449191261
0.657192729477607241539
-0.72655389954225401895
0.789847361331215698631
5.63967797435585848325
-6.13097633858847961264
25.3317886765922660381
-0.180334758017648141867
0.196044550674466534052
-1.87005361129432369601
0.0418357305776723640849
0.0
0.0
0.0
0.0
0.0
0.0
0.0
0.0
0.0
0.0
0.0
0.0
0.0
0.0
0.0
0.0
0.0
0.0
0.0
0.0
0.0
2.73861278752583075449
-3.24037034920393030101
3.67423461417476732934
-4.06201920231798001973
4.41588043316392317165
13.5434884236078039059
-15.356872394206479499
16.9776612283165632554
-18.4566636160229668775
35.1552167250801585166
-38.865554433572541199
42.2513121674419083997
63.2472988241964056501
-68.7570627851446446334
85.9808250415851134556
1.80559989631432765865
-2.04735783982788051282
2.26343925543387605199
-2.46061789024087089324
12.2405088891941454009
-13.5323917428223131733
14.7112608125874155383
43.5926952668828922186
-47.3902560450861648784
108.213955528449288548
0.657192729477608617146
-0.72655389954225553974
0.789847361331217351904
5.63967797435587040372
-6.13097633858849257156
25.3317886765923202421
0.180334758017648835895
-0.196044550674467288539
1.87005361129433093041
0.0418357305776726182993
0.0
0.0
0.0
0.0
0.0
0.0
0.0
0.0
0.0
0.0
0.0
0.0
0.0
0.0
0.0
0.0
0.0
0.0
0.0
0.0
0.0
2.73861278752583075449
-3.24037034920393030101
3.67423461417476732934
-4.06201920231798001973
4.41588043316392317165
15.8745078663875450688
-18.0000000000000015873
19.8997487421323998139
-21.6333076527839382505
51.9615242270663261537
-57.4456264653802929503
62.4499799839839864676
128.452325786651322058
-139.642400437689447035
267.698524463621258584
0.0
0.0
0.0
0.0
0.0
0.0
0.0
0.0
0.0
0.0
0.0
0.0
0.0
0.0
0.0
0.0
0.0
0.0
0.0
0.0
0.0
0.0
0.0
0.0
0.0
0.0
0.0
0.0
0.0
0.0
0.0
0.0
0.0
0.0
0.0
0.0
0.0
0.0
0.0
0.0
0.0
2.73861278752583075449
-0.956447063077074934475
-0.948759858258548028145
2.12644171092162379499
-2.11399639951224210956
-3.50242307804093776352
0.239161316896657253253
2.16677996922290362309
-2.88217929756350659971
4.04704968039321309703
0.781744162455717838135
-3.27639416684562437326
-4.41465690312673887602
-1.96609451639474785104
4.63971431576906877313
-13.5648262526250711967
0.926267797397787988905
8.39190273569612458022
-11.1626324202472514708
15.6741560134369633037
3.02768212218586055178
-12.6894200438042278684
-17.097892665029468188
-7.61465131906658305952
17.969536276133741582
37.0918230032974763063
7.16480359708636431448
-30.0286485521636941743
-40.4609988516752205575
-18.0195538896330542072
42.5236841099639952914
-76.464100542001867306
-34.0537559487826416915
80.3622092751669620653
133.265647744873686966
0.0
0.0
0.0
0.0
0.0
0.0
0.0
0.0
0.0
0.0
0.0
0.0
0.0
0.0
0.0
0.0
0.0
0.0
0.0
0.0
0.0
2.73861278752583075449
-0.212666782561564205545
-1.84137770544665813121
2.32157465090663288322
-1.14729121254369780624
-3.35059956404034288862
-0.933948280128354861616
2.98970412397501720452
-2.28870728226965543769
3.70379020868990363248
2.28190211163339860613
-3.67434967505353540527
-3.86508208935023938593
-3.65025731875358772344
3.88603696487214653712
-8.18959663613544020627
-2.28277344011842087614
7.30748941160288671188
-5.59410013095452472437
9.05287165902376903249
5.57746680862345765818
-8.98091256912772244969
-9.44710421891194858907
-8.92202559193468952266
9.4983225082971196459
8.41347423882243174801
5.18353458214174550738
-8.3465975645589657681
-8.77986245370649213137
-8.29186972964905023598
8.82746323437912559826
2.23959110825211672853
2.11511260173184691789
-2.25173324438493107752
-17.3670964817363544792
0.0
0.0
0.0
0.0
0.0
0.0
0.0
0.0
0.0
0.0
0.0
0.0
0.0
0.0
0.0
0.0
0.0
0.0
0.0
0.0
0.0
2.73861278752583075449
-0.0177793869027958032463
-2.02547547359765022457
2.26394312395254859521
-0.799540364807053598311
-3.3108183409850195476
-1.22390741449560493374
3.10120554586086461619
-1.99080381494073599529
3.61636309614743755072
2.62879889366283824732
-3.62169971605640474118
-3.72904132709526477522
-4.00940918608850786198
3.70474419658485157427
1.31165245043518409721e-15
4.84877451431339177906e-16
-1.22860979812060032903e-15
7.88700083564791457102e-16
-1.43270062812142022103e-15
-1.04145566305770454853e-15
1.43481484577389204437e-15
1.4773405517028051495e-15
1.5884143562421214286e-15
-1.46771471679123294574e-15
-8.28612881427024877621
-6.02333495851306240976
8.29835654661427402393
8.54430707551631535988
9.1867105436509363022
-8.4886353556492203086
-4.95515084928677294908e-15
-5.32770371549092685099e-15
4.92286481748307393853e-15
13.3013344541749219679
0.0
0.0
0.0
0.0
0.0
0.0
0.0
0.0
0.0
0.0
0.0
0.0
0.0
0.0
0.0
0.0
0.0
0.0
0.0
0.0
0.0
2.73861278752583075449
-0.212666782561564553862
-1.8413777054466577837
2.32157465090663294921
-1.14729121254369840381
-3.35059956404034295972
-0.933948280128354336915
2.98970412397501696813
-2.28870728226965592673
3.70379020868990378967
2.28190211163339796939
-3.67434967505353544606
-3.86508208935023963198
-3.6502573187535870525
3.88603696487214686697
8.1895966361354399309
2.28277344011841946846
-7.30748941160288573334
5.59410013095452561288
-9.0528716590237689202
-5.57746680862345579595
8.98091256912772205684
9.44710421891194867235
8.92202559193468739339
-9.49832250829711993119
8.41347423882243025135
5.18353458214174291889
-8.34659756455896402176
-8.77986245370649075583
-8.29186972964904688493
8.82746323437912440259
-2.23959110825211997828
-2.11511260173184946359
2.25173324438493439266
-17.367096481736357616
0.0
0.0
0.0
0.0
0.0
0.0
0.0
0.0
0.0
0.0
0.0
0.0
0.0
0.0
0.0
0.0
0.0
0.0
0.0
0.0
0.0
2.73861278752583075449
-0.956447063077075183317
-0.948759858258547679135
2.12644171092162360815
-2.11399639951224229728
-3.50242307804093781431
0.239161316896657663359
2.16677996922290323713
-2.88217929756350662062
4.04704968039321321442
0.781744162455717288157
-3.27639416684562406404
-4.41465690312673906809
-1.96609451639474719948
4.63971431576906904228
13.5648262526250730999
-0.926267797397789693766
-8.39190273569612414111
11.1626324202472529561
-15.6741560134369657301
-3.02768212218585880261
12.6894200438042282671
17.0978926650294710828
7.61465131906658149395
-17.969536276133744885
37.0918230032974890475
7.16480359708636152718
-30.0286485521637007843
-40.4609988516752350428
-18.0195538896330539026
42.5236841099640111319
76.4641005420019139191
34.0537559487826496839
-80.3622092751670122203
133.26564774487381205
0.0
0.0
0.0
0.0
0.0
0.0
0.0
0.0
0.0
0.0
0.0
0.0
0.0
0.0
0.0
0.0
0.0
0.0
0.0
0.0
0.0
2.73861278752583075449
-0.212666782561564205545
-1.84137770544665813121
2.32157465090663288322
-1.14729121254369780624
-0.260462551257626351259
-0.0726014992646774689801
0.232407946324977137216
-0.177915183962784404807
-1.84802082423229900505
-1.13856411501498233601
1.83333135313081225075
2.09774107998229628204
1.98114672678082843838
-0.714471894831512773172
-10.5832064737367594454
-2.94996978763729921997
9.44328184692288106964
-7.22911265976426867962
-3.40633170198731399995
-2.09863816947614284729
3.37925559416303815891
8.8683505574736759306
8.3754395842942564857
-5.18740074675487401413
22.5779364416883485854
13.9102481349333957189
-22.3984698791136750373
15.5521302068003654918
14.6877286943018820888
-19.3727793040127999264
-36.3133809207493231815
-34.2950502500027589209
-37.5683452653993856916
49.3776423134939012604
0.0
0.0
0.0
0.0
0.0
0.0
0.0
0.0
0.0
0.0
0.0
0.0
0.0
0.0
0.0
0.0
0.0
0.0
0.0
0.0
0.0
2.73861278752583075449
0.430984014198430288503
-2.37077963570688620104
1.98608736645278079258
0.0662563075669986203218
0.527845461041287298241
0.305648100366835733609
-0.525639043243658834316
0.189020398980339066697
-2.24107249213578292689
-2.20095246165687133121
2.15717467731303113659
1.35813728214937152344
1.86920027006999514427
0.562503096554831685955
-3.76058426299041177031
-2.17756051929473875333
3.74486485142064068444
-1.34665766830195800972
-2.51443030398303736999
-2.46941657917632267823
2.42029894108935417419
3.09848741391239665092
4.26443893928577605224
-0.197251449419590954109
-1.04766308474250962122
-1.02890765624164818592
1.00844229032876315396
-1.15035373096315555863
-1.58322839145495725286
0.68519112863018121079
5.05468436635750767012
6.95674694075211737415
7.62073445260997983481
-2.72754503483726531584
0.0
0.0
0.0
0.0
0.0
0.0
0.0
0.0
0.0
0.0
0.0
0.0
0.0
0.0
0.0
0.0
0.0
0.0
0.0
0.0
0.0
2.73861278752583075449
0.430984014198430191467
-2.37077963570688613823
1.98608736645278087269
0.0662563075669984285919
0.527845461041287179384
0.305648100366835640887
-0.525639043243658712637
0.189020398980339055659
-2.24107249213578289682
-2.20095246165687117802
2.15717467731303114698
1.3581372821493716643
1.86920027006999524971
0.562503096554831519385
3.76058426299041377805
2.17756051929473974565
-3.74486485142064266015
1.34665766830195895329
2.5144303039830385158
2.46941657917632366479
-2.42029894108935532124
-3.09848741391239836643
-4.26443893928577821155
0.197251449419591328013
-1.04766308474250596417
-1.02890765624164453653
1.0084422903287596522
-1.15035373096315147847
-1.58322839145495156246
0.6851911286301788706
-5.054684366357507578
-6.95674694075211691827
-7.62073445260997933537
-2.72754503483727044177
0.0
0.0
0.0
0.0
0.0
0.0
0.0
0.0
0.0
0.0
0.0
0.0
0.0
0.0
0.0
0.0
0.0
0.0
0.0
0.0
0.0
2.73861278752583075449
-0.212666782561564205545
-1.84137770544665813121
2.32157465090663288322
-1.14729121254369780624
-0.260462551257626351259
-0.0726014992646774689801
0.232407946324977137216
-0.177915183962784404807
-1.84802082423229900505
-1.13856411501498233601
1.83333135313081225075
2.09774107998229628204
1.98114672678082843838
-0.714471894831512773172
10.5832064737367594454
2.94996978763729921997
-9.44328184692288106964
7.22911265976426867962
3.40633170198731399995
2.09863816947614284729
-3.37925559416303815891
-8.8683505574736759306
-8.3754395842942564857
5.18740074675487401413
22.5779364416883485854
13.9102481349333957189
-22.3984698791136750373
15.5521302068003654918
14.6877286943018820888
-19.3727793040127999264
36.3133809207493231815
34.2950502500027589209
37.5683452653993856916
49.3776423134939012604
0.0
0.0
0.0
0.0
0.0
0.0
0.0
0.0
0.0
0.0
0.0
0.0
0.0
0.0
0.0
0.0
0.0
0.0
0.0
0.0
0.0
2.73861278752583075449
-0.0177793869027958032463
-2.02547547359765022457
2.26394312395254859521
-0.799540364807053598311
4.96622751147753016807
1.8358611217434077136
-4.65180831879129771735
2.98620572241110450204
0.904090774036861452822
0.657199723415711063019
-0.905424929014103253485
-3.72904132709526492337
-4.00940918608850802127
-1.38927907371932161919
-6.41137214847652377378
-2.37008651682062760712
6.00545871614260419547
-3.85517501041583079816
-17.507642556522646957
-12.7266179196058188019
17.533478356563233045
-14.4425149571591726477
-15.5283750058518330398
4.48387892979115002465
8.28612881427024650605
6.02333495851306075954
-8.29835654661427175042
29.9050747643070994995
32.1534869027782724773
40.3210179393338055339
-8.07361130256633634734
-8.68062552329834089848
-36.0945291236113251578
6.65066722708745827504
0.0
0.0
0.0
0.0
0.0
0.0
0.0
0.0
0.0
0.0
0.0
0.0
0.0
0.0
0.0
0.0
0.0
0.0
0.0
0.0
0.0
2.73861278752583075449
0.430984014198430177099
-2.37077963570688612893
1.98608736645278088455
0.0662563075669984002035
5.38273886856514146483
3.11686664256260228844
-5.36023877769354508726
1.92754797310567168838
1.99871579400887500034
1.96293447106831398323
-1.92389095538473205534
-3.24576079835166721619
-4.4671308568011734618
-2.50478655392100248095
8.95867525052206880551e-16
5.18750709104094796407e-16
-8.92122758453867323824e-16
3.20808360622905442952e-16
2.60787643848669389779e-15
2.56118982635590580293e-15
-2.51024678336194680564e-15
2.60519415164522310823e-15
3.5855209011959425283e-15
5.24915992379202838089e-17
-1.69817457966220885265
-1.6677735925751597235
1.63460093939793307073
-6.48656811236344431721
-8.92744424795464978664
-9.9006796335433245089
-6.93605541421948367707e-16
-9.54607227404983266285e-16
-3.26872570518261104627e-15
0.55867150897017881428
0.0
0.0
0.0
0.0
0.0
0.0
0.0
0.0
0.0
0.0
0.0
0.0
0.0
0.0
0.0
0.0
0.0
0.0
0.0
0.0
0.0
2.73861278752583075449
-0.0177793869027960800836
-2.02547547359764997775
2.26394312395254870579
-0.799540364807054109172
4.96622751147753002535
1.83586112174340701938
-4.65180831879129731044
2.98620572241110504892
0.904090774036861036421
0.657199723415710618009
-0.905424929014102834602
-3.72904132709526511431
-4.00940918608850753389
-1.38927907371932115403
6.41137214847652576587
2.37008651682062751541
-6.0054587161426057087
3.85517501041583281282
17.507642556522652022
12.7266179196058197277
-17.5334783565632380813
14.4425149571591756435
15.5283750058518335781
-4.4838789297911532002
8.28612881427025275797
6.02333495851306399979
-8.29835654661427799445
29.9050747643071215167
32.1534869027782905949
40.3210179393338332499
8.07361130256634709635
8.68062552329835095596
36.0945291236113726168
6.65066722708747185124
0.0
0.0
0.0
0.0
0.0
0.0
0.0
0.0
0.0
0.0
0.0
0.0
0.0
0.0
0.0
0.0
0.0
0.0
0.0
0.0
0.0
2.73861278752583075449
-0.212666782561564553862
-1.8413777054466577837
2.32157465090663294921
-1.14729121254369840381
10.312261243378654946
2.87444633964974035812
-9.20152031825002776455
7.04403703077175202498
19.1889518782190026243
11.8222975232789838131
-19.0364235352551102783
22.4991932307525213908
21.2486676500089799325
16.2629236205630635591
-2.39360983760131951445
-0.667196347518878031591
2.13579243531999438927
-1.635012528809744458
-12.4592033610110844096
-7.67610497809959888623
12.3601681632907615875
-32.8451327288016820587
-31.0195704404551478939
-57.5506891198857419435
1.15493204130994891928
0.71155268397084664487
-1.14575176551297494622
7.64104737504265346632
7.21635102668187563534
25.7747693117613594583
-0.420121552193044668631
-0.396770815006566746259
-3.36695284535569043791
0.129203630593265256106
0.0
0.0
0.0
0.0
0.0
0.0
0.0
0.0
0.0
0.0
0.0
0.0
0.0
0.0
0.0
0.0
0.0
0.0
0.0
0.0
0.0
2.73861278752583075449
-0.212666782561564553862
-1.8413777054466577837
2.32157465090663294921
-1.14729121254369840381
10.312261243378654946
2.87444633964974035812
-9.20152031825002776455
7.04403703077175202498
19.1889518782190026243
11.8222975232789838131
-19.0364235352551102783
22.4991932307525213908
21.2486676500089799325
16.2629236205630635591
2.39360983760131951445
0.667196347518878031591
-2.13579243531999438927
1.635012528809744458
12.4592033610110844096
7.67610497809959888623
-12.3601681632907615875
32.8451327288016820587
31.0195704404551478939
57.5506891198857419435
1.15493204130994891928
0.71155268397084664487
-1.14575176551297494622
7.64104737504265346632
7.21635102668187563534
25.7747693117613594583
0.420121552193044668631
0.396770815006566746259
3.36695284535569043791
0.129203630593265256106
0.0
0.0
0.0
0.0
0.0
0.0
0.0
0.0
0.0
0.0
0.0
0.0
0.0
0.0
0.0
0.0
0.0
0.0
0.0
0.0
0.0
2.73861278752583075449
-0.956447063077076273413
-0.94875985825854615023
2.12644171092162278963
-2.11399639951224311961
14.0096923121637525587
-0.956645267586637867712
-8.66711987689160643995
11.5287171902540271874
40.470496803932143724
7.81744162455715003231
-32.763941668456232306
88.293138062534824446
39.3218903278948985968
162.390001051917511924
3.18638088429329623377e-16
-2.17580523952057998776e-17
-1.97125993078577205375e-16
2.62210498681361591528e-16
2.20911776539627453799e-15
4.26721946518817664682e-16
-1.78844865569234824917e-15
8.43422793652895864161e-15
3.75623511858603897158e-15
2.36378705198173140394e-14
2.04665708825659417962e-32
3.95340397980424612192e-33
-1.65692439556255374995e-32
1.78604950401841821328e-31
7.95428096206767094514e-32
8.44695711453540736642e-31
9.91078242486517949859e-49
4.41382771216217176667e-49
1.04160300802880642357e-47
4.05743923929578594138e-65
0.0
0.0
0.0
0.0
0.0
0.0
0.0
0.0
0.0
0.0
0.0
0.0
0.0
0.0
0.0
0.0
0.0
0.0
0.0
0.0
0.0
2.73861278752583075449
3.70797345242079694557
-1.56934456083919724335
-3.00326206121643571523
2.50817489434085633594
-2.55030222731264929472
-5.37601592597391236918
-1.00589872753600907899
4.55513052452460937946
2.14577718991148414374
6.10578722760834950882
4.0419084125873281712
-1.70437866756577726761
-6.09331900521245674068
1.30431778924716646417
-9.87727805417757224956
-20.8212201502428067585
-3.89582901971819494283
17.6419446612848666995
8.31055932119892762237
23.6476122480130921377
15.6542439688463786396
-6.60103019511344217193
-23.5993230303169877543
5.05160107591635055032
19.6663727945580172901
55.9604642956196461962
37.0447025055204619062
-15.6208885139762995197
-55.8461911497981989281
11.9542699990051960971
-29.5207044756047147523
-105.539381037530234057
22.5914468019200728334
37.4636762566216620344
0.0
0.0
0.0
0.0
0.0
0.0
0.0
0.0
0.0
0.0
0.0
0.0
0.0
0.0
0.0
0.0
0.0
0.0
0.0
0.0
0.0
2.73861278752583075449
4.86944521725729404862
0.117763526348382154399
-4.3505687169743289053
0.204779142278831500266
-2.31321779610437635143
-6.12979345683131794941
-3.83183268036032331838
3.87182073735609442035
1.76536443679721516462
6.18925590213752898803
7.01598558205965081011
-1.27186411343613409771
-5.53823469655244742747
0.882841857542002089449
-3.86369029649017454009
-10.2383889396549848593
-6.40018193263721985124
6.46697264644300516526
2.94862915878867611578
10.3377070727430548277
11.7185659990036243197
-2.12435207865551875928
-9.25032813286785799236
1.47458121931484694475
-0.283429765235449755512
-0.993686805262445786395
-1.12641849182491927784
0.20419814717498197479
0.889165164508744221733
-0.141740512727854863336
4.03314850371446715092
17.5620357109334106741
-2.79953831478304502472
-2.78109802187858766449
0.0
0.0
0.0
0.0
0.0
0.0
0.0
0.0
0.0
0.0
0.0
0.0
0.0
0.0
0.0
0.0
0.0
0.0
0.0
0.0
0.0
2.73861278752583075449
4.8694452172572940359
0.117763526348382131893
-4.35056871697432889609
0.204779142278831533667
-2.31321779610437635402
-6.12979345683131794255
-3.8318326803603232856
3.87182073735609443951
1.76536443679721516858
6.18925590213752898915
7.01598558205965077995
-1.271864113436134102
-5.53823469655244743526
0.882841857542002093415
3.8636902964901764972
10.2383889396549900225
6.40018193263722303124
-6.46697264644300846578
-2.94862915878867761268
-10.3377070727430600544
-11.7185659990036301921
2.12435207865551984012
9.25032813286786268064
-1.47458121931484769665
-0.283429765235445953879
-0.993686805262432456061
-1.12641849182490416186
0.204198147174979236118
0.889165164508732294649
-0.141740512727852962495
-4.03314850371446607729
-17.5620357109334059646
2.79953831478304428262
-2.78109802187859136481
0.0
0.0
0.0
0.0
0.0
0.0
0.0
0.0
0.0
0.0
0.0
0.0
0.0
0.0
0.0
0.0
0.0
0.0
0.0
0.0
0.0
2.73861278752583075449
3.70797345242079694557
-1.56934456083919724335
-3.00326206121643571523
2.50817489434085633594
-2.55030222731264929472
-5.37601592597391236918
-1.00589872753600907899
4.55513052452460937946
2.14577718991148414374
6.10578722760834950882
4.0419084125873281712
-1.70437866756577726761
-6.09331900521245674068
1.30431778924716646417
9.87727805417757224956
20.8212201502428067585
3.89582901971819494283
-17.6419446612848666995
-8.31055932119892762237
-23.6476122480130921377
-15.6542439688463786396
6.60103019511344217193
23.5993230303169877543
-5.05160107591635055032
19.6663727945580172901
55.9604642956196461962
37.0447025055204619062
-15.6208885139762995197
-55.8461911497981989281
11.9542699990051960971
29.5207044756047147523
105.539381037530234057
-22.5914468019200728334
37.4636762566216620344
0.0
0.0
0.0
0.0
0.0
0.0
0.0
0.0
0.0
0.0
0.0
0.0
0.0
0.0
0.0
0.0
0.0
0.0
0.0
0.0
0.0
2.73861278752583075449
4.86944521725729404862
0.117763526348382154399
-4.3505687169743289053
0.204779142278831500266
0.975825331954957246527
2.58583854270064820909
1.61644934757355939079
-1.63331821269203065444
-1.26090755534215971577
-4.42066202665195538415
-5.0111518302930781191
0.140749389486520375606
0.612882417341641344465
0.430129835052152397794
-6.41137214847652387978
-16.9894884568269352781
-10.6204030445630396589
10.7312349408618395459
-4.84686908834167847714
-16.9928160365182225038
-19.2626309520712235802
2.25162578391185815377
9.80453171716833063204
1.08795288306464921947
8.28612881427024678005
29.0506428024781828293
32.9310815830640897376
9.30882449313904662266
40.5345620238766918235
-0.993517160404710380005
-8.07361130256633674779
-35.1559209588439657044
-11.9260015791748265926
6.65066722708745871488
0.0
0.0
0.0
0.0
0.0
0.0
0.0
0.0
0.0
0.0
0.0
0.0
0.0
0.0
0.0
0.0
0.0
0.0
0.0
0.0
0.0
2.73861278752583075449
5.18778865581257114647
0.708390963686628937015
-4.53273832329237218266
-0.673803177486569365682
1.49882414254605806346
4.19435189963316620999
3.10663306898361851925
-2.206061941393992993
-1.11171622207884112087
-4.09884885110639181184
-5.16514396619620473819
-0.259480330536860649486
-1.18531286973629658766
0.495986356326882987833
8.95867525052206877045e-16
2.50702103659697255001e-15
1.85687673406966891887e-15
-1.31859315275725971963e-15
8.85983825287056363013e-16
3.26658342502728726441e-15
4.1163688344599261258e-15
-1.55094914019002079928e-16
-7.08477583780681163991e-16
-2.79019081779465589279e-16
-1.69817457966220883936
-6.2610950407926068644
-7.88988773347951255427
-2.37817651207464746339
-10.8635718955438067853
-0.356532552397377944267
-6.93605541421948359565e-16
-3.16840807573681490847e-15
-1.24781126775691576271e-15
0.558671508970178805535
0.0
0.0
0.0
0.0
0.0
0.0
0.0
0.0
0.0
0.0
0.0
0.0
0.0
0.0
0.0
0.0
0.0
0.0
0.0
0.0
0.0
2.73861278752583075449
4.86944521725729396415
0.117763526348382004988
-4.3505687169743288442
0.204779142278831722005
0.975825331954956946744
2.58583854270064737623
1.61644934757355879034
-1.63331821269203019418
-1.26090755534215973192
-4.42066202665195538021
-5.0111518302930779656
0.140749389486520594712
0.612882417341642290567
0.430129835052152299171
6.41137214847652587187
16.9894884568269403043
10.6204030445630422764
-10.7312349408618431529
4.84686908834167910997
16.9928160365182244896
19.2626309520712252584
-2.2516257839118593057
-9.80453171716833552041
-1.08795288306464894841
8.28612881427025303196
29.0506428024782043501
32.9310815830641131537
9.30882449313905228922
40.5345620238767159705
-0.993517160404712385413
8.0736113025663474968
35.1559209588440120525
11.9260015791748409229
6.65066722708747229107
0.0
0.0
0.0
0.0
0.0
0.0
0.0
0.0
0.0
0.0
0.0
0.0
0.0
0.0
0.0
0.0
0.0
0.0
0.0
0.0
0.0
2.73861278752583075449
4.8694452172572940359
0.117763526348382131893
-4.35056871697432889609
0.204779142278831533667
5.96382805635817307496
15.8035418277933089617
9.87904869350741256785
-9.98214399937625476583
5.59108742033592109222
19.6019983717707455886
22.2203347430510494304
2.28305027359334462715
9.94136724640209248547
-0.571443313638076182557
-2.54768185198634836617
-6.75109951717194782401
-4.22022111192581815416
4.26426229441883276748
-7.79549824713035310611
-27.3305231092612720624
-30.9811969510748417883
-11.1872927110275213376
-48.7142077507890061812
-9.38910126651530342342
1.30839867260316017619
4.58716287581374033403
5.19989302561452733948
5.12860400709147457473
22.3321126501602319912
9.71947961038261609263
-0.506582821354025412908
-2.20587602736947092486
-2.41641611850028472481
0.165821961008457813791
0.0
0.0
0.0
0.0
0.0
0.0
0.0
0.0
0.0
0.0
0.0
0.0
0.0
0.0
0.0
0.0
0.0
0.0
0.0
0.0
0.0
2.73861278752583075449
4.86944521725729409823
0.117763526348382242138
-4.35056871697432894117
0.204779142278831370054
5.9638280563581731513
15.8035418277933093374
9.87904869350741316268
-9.98214399937625470643
5.59108742033592133153
19.6019983717707466257
22.2203347430510510937
2.28305027359334494752
9.94136724640209397597
-0.571443313638075974521
2.54768185198634997407
6.75109951717195215888
4.22022111192582101772
-4.26426229441883537879
7.7954982471303581116
27.3305231092612898877
30.9811969510748626743
11.1872927110275287447
48.7142077507890389028
9.38910126651530999507
1.3083986726031622659
4.5871628758137477068
5.19989302561453581118
5.12860400709148281775
22.3321126501602680993
9.71947961038263187178
0.506582821354026881029
2.20587602736947733887
2.41641611850029175101
0.165821961008458565616
0.0
0.0
0.0
0.0
0.0
0.0
0.0
0.0
0.0
0.0
0.0
0.0
0.0
0.0
0.0
0.0
0.0
0.0
0.0
0.0
0.0
2.73861278752583075449
3.70797345242079694558
-1.56934456083919724334
-3.00326206121643571524
2.50817489434085633593
10.2012089092505971789
21.5040637038956494767
4.02359491014403631604
-18.2205220980984375179
21.4577718991148433384
61.0578722760835004976
40.4190841258732852932
34.087573351315551285
121.866380104249156024
45.651122623650832897
0.0
0.0
0.0
0.0
0.0
0.0
0.0
0.0
0.0
0.0
0.0
0.0
0.0
0.0
0.0
0.0
0.0
0.0
0.0
0.0
0.0
0.0
0.0
0.0
0.0
0.0
0.0
0.0
0.0
0.0
0.0
0.0
0.0
0.0
0.0
0.0
0.0
0.0
0.0
0.0
0.0
2.73861278752583075449
9.25350794439492425848
13.1027605918552571307
6.77627935261678937
-6.04169673847170767413
-1.41832473928423697247
-6.65955775013681541668
-14.2519685036727811202
-16.4729208027907059748
0.663670754518293448195
3.98125660566415469407
11.2605709387718628869
-0.293169086531474532399
-2.13897606840175224468
0.124772687506629179634
-5.49314809476182594934
-25.7923562593864186237
-55.1976366653973169625
-63.7993479326021129451
2.5703857796142612665
15.4193405307155400552
43.6120037146506426713
-1.13543898975924190853
-8.28421869085620245786
0.483242540774716984395
6.0826429382170704074
36.4888195129978836721
103.204837390684007543
-2.68693906090308118974
-19.6040394863001387952
1.1435605703243980091
-5.07783753081070515708
-37.0481522664575697906
2.16112634158396228865
3.58382259979372030339
0.0
0.0
0.0
0.0
0.0
0.0
0.0
0.0
0.0
0.0
0.0
0.0
0.0
0.0
0.0
0.0
0.0
0.0
0.0
0.0
0.0
2.73861278752583075449
10.1464446127349196624
17.029968572217853338
14.1969940677102156425
0.129627313386677349186
-1.23605480511308668604
-6.31869462068542129002
-15.4023597028083972275
-22.3129659778728851146
0.504053666841210060325
3.27967196798372659118
10.384648369151399383
-0.194045833000814172357
-1.53202936687757737206
0.0719726884948528079215
2.75363389680023973768e-16
1.40765373987254880479e-15
3.43127663861821662897e-15
4.97079411047635368742e-15
-1.12291077796783035635e-16
-7.3063232019063205423e-16
-2.3134507982459902966e-15
4.32287614653942877402e-17
3.41299429287162007288e-16
-1.60337902383818025894e-17
-1.15493204130994886656
-7.51467252395510697209
-23.7942186085680032491
0.444614859008495435514
3.510320270305884819
-0.164910146498570141248
-1.44993673829617588162e-16
-1.14475308685196536295e-15
5.37789673649914091433e-17
0.258407261186530452281
0.0
0.0
0.0
0.0
0.0
0.0
0.0
0.0
0.0
0.0
0.0
0.0
0.0
0.0
0.0
0.0
0.0
0.0
0.0
0.0
0.0
2.73861278752583075449
9.25350794439492425848
13.1027605918552571307
6.77627935261678937
-6.04169673847170767413
-1.41832473928423697247
-6.65955775013681541668
-14.2519685036727811202
-16.4729208027907059748
0.663670754518293448195
3.98125660566415469407
11.2605709387718628869
-0.293169086531474532399
-2.13897606840175224468
0.124772687506629179634
5.49314809476182594934
25.7923562593864186237
55.1976366653973169625
63.7993479326021129451
-2.5703857796142612665
-15.4193405307155400552
-43.6120037146506426713
1.13543898975924190853
8.28421869085620245786
-0.483242540774716984395
6.0826429382170704074
36.4888195129978836721
103.204837390684007543
-2.68693906090308118974
-19.6040394863001387952
1.1435605703243980091
5.07783753081070515708
37.0481522664575697906
-2.16112634158396228865
3.58382259979372030339
0.0
0.0
0.0
0.0
0.0
0.0
0.0
0.0
0.0
0.0
0.0
0.0
0.0
0.0
0.0
0.0
0.0
0.0
0.0
0.0
0.0
2.73861278752583075449
10.1464446127349196624
17.029968572217853338
14.1969940677102156425
0.129627313386677349186
1.85408220766963020681
9.47804193102813284367
23.1035395542125980561
33.4694489668093308805
0.126013416710302701374
0.819917991995932859924
2.5961620922878536838
-0.194045833000814180066
-1.53202936687757743292
-0.0269897581855698295197
-2.39360983760131923909
-12.2360995178425124759
-29.8265413106365673112
-43.208872818397182344
-2.44023932158848531593
-15.8776436412803472098
-50.2744627374292272696
-0.751536279613099130943
-5.93352422381755195301
0.0871090699757308546059
1.15493204130994865355
7.51467252395510558616
23.7942186085679988607
1.55615200652973385238
12.2861209460705955092
0.783323195868208288029
-0.420121552193044523639
-3.31694087764942892285
-0.701214486921073304913
0.129203630593265196652
0.0
0.0
0.0
0.0
0.0
0.0
0.0
0.0
0.0
0.0
0.0
0.0
0.0
0.0
0.0
0.0
0.0
0.0
0.0
0.0
0.0
2.73861278752583075449
10.1464446127349196624
17.029968572217853338
14.1969940677102156425
0.129627313386677349186
1.85408220766963020681
9.47804193102813284367
23.1035395542125980561
33.4694489668093308805
0.126013416710302701374
0.819917991995932859924
2.5961620922878536838
-0.194045833000814180066
-1.53202936687757743292
-0.0269897581855698295197
2.39360983760131923909
12.2360995178425124759
29.8265413106365673112
43.208872818397182344
2.44023932158848531593
15.8776436412803472098
50.2744627374292272696
0.751536279613099130943
5.93352422381755195301
-0.0871090699757308546059
1.15493204130994865355
7.51467252395510558616
23.7942186085679988607
1.55615200652973385238
12.2861209460705955092
0.783323195868208288029
0.420121552193044523639
3.31694087764942892285
0.701214486921073304913
0.129203630593265196652
0.0
0.0
0.0
0.0
0.0
0.0
0.0
0.0
0.0
0.0
0.0
0.0
0.0
0.0
0.0
0.0
0.0
0.0
0.0
0.0
0.0
2.73861278752583075449
9.25350794439492425848
13.1027605918552571307
6.77627935261678937
-6.04169673847170767413
5.67329895713694788987
26.6382310005472616667
57.0078740146911244806
65.8916832111628238992
6.63670754518293506994
39.8125660566415504679
112.605709387718638846
5.8633817306294916685
42.7795213680350523395
4.36704406273202192345
0.0
0.0
0.0
0.0
0.0
0.0
0.0
0.0
0.0
0.0
0.0
0.0
0.0
0.0
0.0
0.0
0.0
0.0
0.0
0.0
0.0
0.0
0.0
0.0
0.0
0.0
0.0
0.0
0.0
0.0
0.0
0.0
0.0
0.0
0.0
0.0
0.0
0.0
0.0
0.0
0.0
2.73861278752583075449
13.9179284598927981791
38.4051386829060538756
75.3409250440376453449
115.413689010860677387
-0.466203888555948087153
-3.20358764078593127513
-11.7835986656796096607
-30.6128072032287403806
0.071705605452518303867
0.620337297347837285623
2.84295766881594894842
-0.0104116321085735041464
-0.108549489915741197503
0.00145653318283106112178
-1.80559989631432538898
-12.4074415808798196608
-45.6376813905690647857
-118.562892478763355458
0.277714615747323134578
2.40255602165949217697
11.0107277052968311063
-0.0403240777633435908708
-0.420410366682975569001
0.00564112876030318178864
0.657192729477606654385
5.68548524300158586402
26.0561374298085634148
-0.0954241844911415197844
-0.994872508375459251992
0.0133493471250765814814
-0.180334758017647900193
-1.88013231669749237427
0.0252278947557340651822
0.0418357305776722893305
0.0
0.0
0.0
0.0
0.0
0.0
0.0
0.0
0.0
0.0
0.0
0.0
0.0
0.0
0.0
0.0
0.0
0.0
0.0
0.0
0.0
2.73861278752583075449
13.9179284598927984869
38.4051386829060559363
75.3409250440376526616
115.413689010860695524
-0.466203888555948024316
-3.2035876407859309103
-11.7835986656796086409
-30.6128072032287387976
0.0717056054525182845374
0.620337297347837130951
2.84295766881594831099
-0.0104116321085734999364
-0.108549489915741155761
0.00145653318283106033651
1.80559989631432685206
12.4074415808798299739
45.6376813905691039676
118.562892478763461379
-0.27771461574732332218
-2.40255602165949384856
-11.0107277052968390437
0.0403240777633436126755
0.420410366682975804661
-0.00564112876030318407866
0.657192729477608029992
5.68548524300159787967
26.0561374298086191361
-0.0954241844911417066603
-0.994872508375461220031
0.013349347125076605825
0.180334758017648594221
1.88013231669749964731
-0.0252278947557341588727
0.0418357305776725435449
0.0
0.0
0.0
0.0
0.0
0.0
0.0
0.0
0.0
0.0
0.0
0.0
0.0
0.0
0.0
0.0
0.0
0.0
0.0
0.0
0.0
2.73861278752583075449
13.9179284598927968602
38.4051386829060450473
75.3409250440376139991
115.413689010860599684
1.86481555422379383677
12.8143505631437341792
47.1343946627184665163
122.45122881291501566
0.717056054525184309915
6.20337297347838331625
28.4295766881595343622
0.208232642171470672811
2.17098979831482991579
0.0509786613990873364055
3.18625223403037767573e-16
2.1894794376304966855e-15
8.05345439947639396481e-15
2.09222032967927947112e-14
2.94041492798276863794e-16
2.54380259115712615387e-15
1.16580497664787817466e-14
1.49431573713511957995e-16
1.55794220682760951054e-15
5.5745866650351470911e-17
2.04649182386000437002e-32
1.77045462352089496383e-31
8.11385607595843115793e-31
2.37719992447097314778e-32
2.47841871992936902221e-31
1.49651057706305860896e-32
9.90958202855428678924e-49
1.03315221212243005068e-47
1.38629898771492602537e-48
4.05678400185666500165e-65
0.0
0.0
0.0
0.0
0.0
0.0
0.0
0.0
0.0
0.0
0.0
0.0
0.0
0.0
0.0
0.0
0.0
0.0
0.0
0.0
0.0
2.73861278752583075449
16.2018517460196515051
55.1135192126215058155
142.170672081129300508
309.111630321474642669
0.0
0.0
0.0
0.0
0.0
0.0
0.0
0.0
0.0
0.0
0.0
0.0
0.0
0.0
0.0
0.0
0.0
0.0
0.0
0.0
0.0
0.0
0.0
0.0
0.0
0.0
0.0
0.0
0.0
0.0
