0.0
0.0
0.0
0.0
0.0
0.0
2.37170824512628466112
-2.80624304008045619986
3.18198051533946401746
-3.51781181986757202693
3.82426463519458840105
-9.16515138991168063969
10.3923048454132643891
-11.4891252930760574161
12.4899959967967975037
22.5000000000000024124
-24.8746859276655007682
27.0416345659799206829
-44.4971909225739869092
48.3735464897913081782
77.2779075803686804522
1.36930639376291541525
-1.62018517460196519548
1.83711730708738371566
-2.03100960115899006624
2.20794021658196164711
-11.9058808997906588567
13.5000000000000012529
-14.9248115565992999295
16.2249807395879537629
33.7749907475931104296
-37.3396572024971886817
40.5924869895895893167
-70.6487791826582237871
76.8033202407291922334
126.20073296142144994
-5.1234753829797998618
5.80947501931112604162
-6.42261628933256496501
6.9821200218844716314
30.1869176962471648502
-33.3728931919304866054
36.2801598673434756125
-74.62405778299650817
81.124903697939772077
143.176028021453389425
11.9058808997906607935
-13.1624465810881861519
14.3090880212541874934
-58.864250611045765503
63.9921870231046419882
134.358196623801144076
-22.2485954612869992868
24.1867732448956604293
99.3573097461883231534
36.6145462896920464719
0.0
0.0
0.0
0.0
0.0
0.0
2.37170824512628466112
-2.80624304008045619986
3.18198051533946401746
-3.51781181986757202693
3.82426463519458840105
-9.16515138991168063969
10.3923048454132643891
-11.4891252930760574161
12.4899959967967975037
22.5000000000000024124
-24.8746859276655007682
27.0416345659799206829
-44.4971909225739869092
48.3735464897913081782
77.2779075803686804522
1.36930639376291540632
-1.62018517460196518491
1.83711730708738370368
-2.031009601158990053
2.20794021658196163271
-9.57486145701091736665
10.8568723942064787937
-12.0027240427834629609
13.0483367028269819442
26.4501406609974884278
-29.2417307415505431807
31.7891127988204708294
-54.80470439462110068
59.5789950090431073184
97.449033251859955912
-3.31787548666547346721
3.76211717948324696211
-4.15917703389869049761
4.52150213164360246078
13.2182384072445621574
-14.6133123954317296759
15.8863454495425726813
-30.4408012831930171079
33.0926399066688837292
56.7777214790913293904
2.3599693981419181673
-2.60904433678586608614
2.83633022450885853645
-1.6765540966457981405
1.82260645796411593167
0.191079662535503765721
4.40153805893599813514
-4.78497634358555221488
-28.6370473624197890834
-15.3670128223918385551
0.0
0.0
0.0
0.0
0.0
0.0
2.37170824512628466112
-2.80624304008045619986
3.18198051533946401746
-3.51781181986757202693
3.82426463519458840105
-9.16515138991168063969
10.3923048454132643891
-11.4891252930760574161
12.4899959967967975037
22.5000000000000024124
-24.8746859276655007682
27.0416345659799206829
-44.4971909225739869092
48.3735464897913081782
77.2779075803686804522
1.36930639376291538809
-1.62018517460196516333
1.83711730708738367921
-2.03100960115899002595
2.20794021658196160331
-4.81425720336947395495
5.45885456040725783498
-6.03499078733044632543
6.56072667428293453543
11.4907148237124606564
-12.7034632144096746614
13.8101204962098094893
-22.4466002764523072795
24.4020271729080559687
38.729890277429908429
0.369672711782026528436
-0.419169455083756802073
0.463409268696850674943
-0.503778987804261583157
-9.35813487010677579768
10.3458073672284804404
-11.2470783722925056192
25.6695856145007038493
-27.9057816314149222837
-51.0958029192134575483
-6.92730549748835180908
7.65842438111170432209
-8.32558505733260999177
24.8898492712305327543
-27.0581188583515474639
-53.4055320990749777806
4.69065057995097406214
-5.09927478998486717832
1.61783115434701314889
12.6916168843322328842
0.0
0.0
0.0
0.0
0.0
0.0
2.37170824512628466112
-2.80624304008045619986
3.18198051533946401746
-3.51781181986757202693
3.82426463519458840105
-9.16515138991168063969
10.3923048454132643891
-11.4891252930760574161
12.4899959967967975037
22.5000000000000024124
-24.8746859276655007682
27.0416345659799206829
-44.4971909225739869092
48.3735464897913081782
77.2779075803686804522
1.36930639376291536641
-1.62018517460196513768
1.83711730708738365013
-2.03100960115898999379
2.20794021658196156835
0.845630236772587687759
-0.95885456040725743815
1.06005360179734637196
-1.1523997610869499728
-6.29456240100582850136
6.95890056787164587527
-7.56512249781141139581
16.0239839871197422945
-17.4199071510235848322
-31.0813610070407307267
4.75380267119777282866
-5.39030556422736866727
5.95920702063571365738
-6.47834103408020936044
-15.0983084116914421536
16.6918079902157659548
-18.1459083837075845853
32.7646300036284962817
-35.6189080667848059332
-59.5451095942964530447
-0.135440569317877338525
0.149735183273173638392
-0.162779305817880485883
-16.160061488665666223
17.5678389914559431889
43.0094513788032826959
-14.5892994961095317199
15.8602406757886928521
24.5778299843121670245
-12.6916168843322328843
0.0
0.0
0.0
0.0
0.0
0.0
2.37170824512628466112
-2.80624304008045619986
3.18198051533946401746
-3.51781181986757202693
3.82426463519458840105
-9.16515138991168063969
10.3923048454132643891
-11.4891252930760574161
12.4899959967967975037
22.5000000000000024124
-24.8746859276655007682
27.0416345659799206829
-44.4971909225739869092
48.3735464897913081782
77.2779075803686804522
1.36930639376291534817
-1.6201851746019651161
1.83711730708738362566
-2.03100960115898996674
2.20794021658196153894
5.60623449041403109945
-6.35687239420647839691
7.02778685725036300744
-7.64000978963099738156
-21.2539882382908562728
23.4971680950125143946
-25.5441148004220727359
48.3820881052885356949
-52.5968749871586361819
-89.8005039814707782097
8.44135086964527234057
-9.57159219879437188295
10.5817933232312542235
-11.5036221535280727452
-2.1782029904450796276
2.40809401217880567259
-2.61787419013957732616
-11.4102903831591918502
12.4042934142109067069
34.1147733762870988712
20.5772845350518537551
-22.7490440023832546047
24.7308181669805426501
-26.6746505562676503652
28.9984024166330285776
33.5716439488320336241
27.745706318509548794
-30.1627627871139230004
-56.4370195517583745149
15.3670128223918385552
0.0
0.0
0.0
0.0
0.0
0.0
2.37170824512628466112
-2.80624304008045619986
3.18198051533946401746
-3.51781181986757202693
3.82426463519458840105
-9.16515138991168063969
10.3923048454132643891
-11.4891252930760574161
12.4899959967967975037
22.5000000000000024124
-24.8746859276655007682
27.0416345659799206829
-44.4971909225739869092
48.3735464897913081782
77.2779075803686804522
1.36930639376291533924
-1.62018517460196510554
1.83711730708738361368
-2.0310096011589899535
2.20794021658196152454
7.93725393319377258946
-9.0000000000000008561
9.949874371066199976
-10.8166538263919692003
-28.5788383248864782746
31.5950945559591598956
-34.3474889911911912232
64.2261628933256588021
-69.8212002188447210969
-118.552203691032272237
10.2469507659595983371
-11.6189500386222505111
12.845232578665128192
-13.9642400437689413733
10.0623058987490567654
-11.1242977306434975421
12.0933866224478273859
-49.7493718553310091935
54.0832691319598521245
113.553401534256142506
35.7176426993719709614
-39.4873397432645458315
42.9272640637625487562
1.53396423255317316246e-14
-1.66759554535905635833e-14
-64.2582679505136121112
88.9943818451479497694
-96.7470929795825902124
-33.1191032487293824731
183.072731448460088146
0.0
0.0
0.0
0.0
0.0
0.0
2.37170824512628466112
-2.80624304008045619986
3.18198051533946401746
-3.51781181986757202693
3.82426463519458840105
-6.47352198436141032748
7.34028397599842200437
-8.11498926768162199038
8.82192341730966458123
8.8146950222857376181
-9.74501201011174007565
10.5939449601428055151
-5.29029723727944527089
5.75115943380877931764
-5.25006625617617468016
1.36930639376291541525
-1.62018517460196519548
1.83711730708738371566
-2.03100960115899006624
2.20794021658196164711
-9.57486145701091734724
10.8568723942064787717
-12.0027240427834629366
13.0483367028269819177
15.8903795812094786165
-17.5674756157322039476
19.0978594555455878668
-12.0141371605085621145
13.0607440698859307916
-5.3176962659523763587
-4.52160875087502440899
5.12702240603516636212
-5.66813653752127349098
6.16191405847084859095
19.3384928518416299617
-21.3795082668428808495
23.2419758558362745659
-21.5519029953427936831
23.4293886843942875585
3.10468452557397372395
9.27295575082437240279
-10.2516383076842608578
11.1447058115686493448
-29.6895560081340652754
32.2759501901981677711
20.3612379259649474736
-15.2928201084003827023
16.6250482139632694195
38.8777969787361778516
22.2109412908123010241
0.0
0.0
0.0
0.0
0.0
0.0
2.37170824512628466112
-2.80624304008045619986
3.18198051533946401746
-3.51781181986757202693
3.82426463519458840105
-5.59696851758582547846
6.34636576859568672806
-7.01617134559578481018
7.62738239717372654216
5.29626256697878828308
-5.8552385752910583331
6.36531541785418358817
1.576065880391432024
-1.71336424963876410024
-12.3595445093593477027
1.36930639376291540123
-1.62018517460196517889
1.83711730708738369685
-2.03100960115899004544
2.2079402165819616245
-5.72560687422522537905
6.49222795462363815632
-7.17742805964769638139
7.80268692746540853036
6.62352518444214698258
-7.32258260875471539231
7.96048655894441209803
0.143837818213582913848
-0.156368194083349438805
-12.2675507882085623914
-1.9319955995113738021
2.19067709587638723961
-2.42188465461579954191
2.63286619905561872819
1.40246824489159243444
-1.5504869828978943966
1.68555705638887441009
0.555885184629494563073
-0.604310907366050684071
-3.10532433465505978272
-1.14901398068338419753
1.27028275093315081616
-1.38094294119297705202
7.88526778430844008331
-8.57218983581252377064
-1.89045867221002966121
6.09750968223907162281
-6.62869187852728821012
-10.5394458984981085683
-7.43885585760243626855
0.0
0.0
0.0
0.0
0.0
0.0
2.37170824512628466112
-2.80624304008045619986
3.18198051533946401746
-3.51781181986757202693
3.82426463519458840105
-5.36729151918899070829
6.08593653161148438825
-6.72825599109073588179
7.3143854079815584408
4.45057573246553875134
-4.92029660188311571066
5.34892633624673349677
2.9707473107056691639
-3.22954281302596866073
-13.1809640611271141928
1.36930639376291537725
-1.62018517460196515051
1.83711730708738366467
-2.03100960115899000987
2.20794021658196158583
-0.339791919268775487949
0.385287821097649826653
-0.425951712958160530933
0.463058331593124231085
-1.07060677611288857619
1.18360032479282648916
-1.28670920904473825258
1.78394708344942878788
-1.93935494325304891924
-1.17209217100959533611
2.13712404949217548052
-2.42327089536496723771
2.67902677510472537682
-2.91240915585930706665
-7.72178633403151838016
8.53675599375882513639
-9.28043218850924706571
3.57267789219670500079
-3.88391034418200964808
9.26839559186822662874
-4.14306440713512354051
4.58033004024781588519
-4.97934371915850008222
-2.51833547769044882727
2.73771929825683644574
4.90304545334980578941
-4.84416678153980541921
5.26616449606575467767
8.48536167272667673514
6.65066722708745826274
0.0
0.0
0.0
0.0
0.0
0.0
2.37170824512628466112
-2.80624304008045619986
3.18198051533946401746
-3.51781181986757202693
3.82426463519458840105
-5.59696851758582588896
6.34636576859568719352
-7.01617134559578532476
7.62738239717372710157
5.29626256697878982284
-5.85523857529106003537
6.36531541785418543873
1.57606588039142938765
-1.71336424963876123424
-12.359544509359345891
1.36930639376291535326
-1.62018517460196512213
1.83711730708738363249
-2.03100960115898997429
2.20794021658196154715
4.84711692041105564922
-5.49611397731181907939
6.07618262259039794944
-6.60550692033069630951
-8.49134479518134874351
9.38753488371791852628
-10.2053263522235389066
3.39130107617561084419
-3.68673295702439374136
9.48564616264914874315
6.25760103662406631239
-7.09545263432882763211
7.84431803526917210242
-8.5276727652328759937
2.36856062529042054219
-2.61854229576596518878
2.84665559450988639891
-7.64287422175763275258
8.3086802518641771808
5.63677076841252807688
9.56248821950581513082
-10.5717284954314846348
11.492680532149520441
-3.70936997276920546278
4.03251030245500833487
-7.77851098843831316545
3.85791857398695248962
-4.1939996575809000448
-12.441097210157615056
-9.92824062413392161148
0.0
0.0
0.0
0.0
0.0
0.0
2.37170824512628466112
-2.80624304008045619986
3.18198051533946401746
-3.51781181986757202693
3.82426463519458840105
-6.47352198436141062074
7.34028397599842233689
-8.114989267681622358
8.82192341730966498088
8.81469502228573887235
-9.74501201011174146228
10.5939449601428070225
-5.29029723727944799942
5.75115943380878228386
-5.25006625617617109582
1.36930639376291533924
-1.62018517460196510554
1.83711730708738361368
-2.0310096011589899535
2.20794021658196152454
7.93725393319377365862
-9.00000000000000206842
9.94987437106620131626
-10.8166538263919706573
-16.5132595305955858485
18.2560953095819639154
-19.8464679875355958221
14.8652107189078662135
-16.1601877979860043839
1.54201103310469179006
9.04321750175004857873
-10.254044812070332453
11.3362730750425466821
-12.3238281169416968559
16.1825603433461295389
-17.8904936020546542095
19.4490170287415352429
-29.9546200880632456659
32.5641052248730231415
18.1698976197571110929
27.8188672524731161207
-30.7549149230527813711
33.4341174347059467273
32.3143285306235401608
-35.1293787552215422304
-52.5990143681526950187
61.1712804336015297628
-66.5001928558530765404
65.4848875917646334111
111.054706454061507905
0.0
0.0
0.0
0.0
0.0
0.0
2.37170824512628466112
-2.80624304008045619986
3.18198051533946401746
-3.51781181986757202693
3.82426463519458840105
-0.976449689671080901736
1.10718987712966066977
-1.22404446470626051527
1.33067662455522190814
-5.6304219768994730955
6.22466570291555011721
-6.7669250467367899473
6.00045978606403193324
-6.52318751820437515108
5.95482825092779529348
1.36930639376291541525
-1.62018517460196519548
1.83711730708738371566
-2.03100960115899006624
2.20794021658196164711
-4.81425720336947389589
5.45885456040725776801
-6.0349907873304462514
6.56072667428293445494
-6.60113927575243168724
7.29783405551640135469
-7.93358204506820430511
12.8941319709544439585
-14.0173992876939257885
5.53288901733098264761
-3.29242601805919104685
3.73326019451283173975
-4.1272744366560930622
4.48682035198822720173
3.22217228511347252826
-3.56224549320115005486
3.87256913078519900407
17.3007540442073438481
-18.8079025375361299781
-6.04804779632554774775
4.91659319863950550139
-5.43549829556684473244
5.9090096260974142245
1.75390917995792447772
-1.90670029942327397269
-23.5904102224634823426
-5.90414089512094546498
6.41847784435130463186
-8.18442329868661278098
6.24394604277028110453
0.0
0.0
0.0
0.0
0.0
0.0
2.37170824512628466112
-2.80624304008045619986
3.18198051533946401746
-3.51781181986757202693
3.82426463519458840105
0.392357912116576013858
-0.444892054452427026213
0.491846672276354614346
-0.534693704791580961458
-6.4079317090789181357
7.08423505374519508746
-7.70137544891854414264
1.42920096210049415939
-1.55370525082628076025
10.9999611809432282155
1.36930639376291539364
-1.6201851746019651699
1.83711730708738368666
-2.03100960115899003418
2.20794021658196161225
-0.339791919268775599012
0.385287821097649952586
-0.425951712958160670157
0.463058331593124382439
-4.5181044227080380445
4.99495237792261702621
-5.43008572132481881598
1.78394708344942616376
-1.93935494325304606652
7.78075798954566131571
-0.438669481501275108469
0.497404438202581190591
-0.549901296858493731711
0.597805735527588567374
-2.86571417933537281866
3.16816622975222576937
-3.44415980480596402789
-4.78725057902914911915
5.20429006059942827168
0.871678915316469900757
-1.88614741803449646534
2.08521442830601345565
-2.26686707626912948342
-2.51833547769044690946
2.73771929825683436086
7.18232953925769291514
1.90080478422755488424
-2.0663926574116084645
6.6835963508951794767
0.156954018453910214824
0.0
0.0
0.0
0.0
0.0
0.0
2.37170824512628466112
-2.80624304008045619986
3.18198051533946401746
-3.51781181986757202693
3.82426463519458840105
0.392357912116575998862
-0.444892054452427009208
0.491846672276354595547
-0.534693704791580941021
-6.40793170907891813334
7.08423505374519508485
-7.7013754489185441398
1.42920096210049421465
-1.55370525082628082032
10.9999611809432281857
1.36930639376291536086
-1.62018517460196513111
1.83711730708738364268
-2.03100960115898998556
2.2079402165819615594
4.64821080513444016746
-5.27057564219530336605
5.82684061144942468123
-6.33444357638223701004
2.69089054051106343816
-2.97489142493061136171
3.23404794015788254795
-6.66089998961274480541
7.24116171450096331444
-4.81368272291734718286
3.42502081498890041185
-3.88360856214874104007
4.29349081108633447583
-4.66751660155275438875
6.84643013005692268676
-7.56901329826097780964
8.22838496260060731478
-1.09971526140874849343
1.19551653082670263667
-8.44751089643511255905
1.60271765279904949622
-1.77187103307118196522
1.92622689241942121717
1.55349027408259881707
-1.6888219781228884279
-8.11147019513922729135
-2.13234371948691017718
2.31810201741264887603
-10.5512149197418210518
-2.93805204033249931927
0.0
0.0
0.0
0.0
0.0
0.0
2.37170824512628466112
-2.80624304008045619986
3.18198051533946401746
-3.51781181986757202693
3.82426463519458840105
-0.976449689671080901736
1.10718987712966066977
-1.22404446470626051527
1.33067662455522190814
-5.6304219768994730955
6.22466570291555011721
-6.7669250467367899473
6.00045978606403193324
-6.52318751820437515108
5.95482825092779529348
1.36930639376291533924
-1.62018517460196510554
1.83711730708738361368
-2.0310096011589899535
2.20794021658196152454
7.93725393319377249104
-9.00000000000000074451
9.94987437106619985262
-10.8166538263919690662
3.45010161946257755687
-3.81423085345163214818
4.14650609817789021859
-15.3951627236721097692
16.7363063665587442746
-0.751712953708513939047
6.58485203611838120271
-7.46652038902566246921
8.25454887331218500749
-8.97364070397645318926
22.6426130539693024937
-25.0323505910731251655
27.2130341255255288872
15.380939723207876223
-16.720844334913239095
-26.2575296461027401959
14.7497795959185117886
-16.3064948867005289841
17.7270288782922370061
52.1243930818026716106
-56.6651894134642717319
48.9810195131397644777
23.6165635804837692873
-25.6739113774052048595
94.8641719000266353666
31.2197302138513809297
0.0
0.0
0.0
0.0
0.0
0.0
2.37170824512628466112
-2.80624304008045619986
3.18198051533946401746
-3.51781181986757202693
3.82426463519458840105
5.55902538462692122159
-6.30334229983629286435
6.96860711124428922331
-7.57567462295362065998
0.787287143915042388842
-0.870378686212242964122
0.946201388633094060388
-10.7894796822212893399
11.7294010293088174448
-10.707429216294587896
1.36930639376291541525
-1.62018517460196519548
1.83711730708738371566
-2.03100960115899006624
2.20794021658196164711
0.845630236772587793937
-0.958854560407257558544
1.06005360179734650506
-1.1523997610869501175
-8.82429892884221727391
9.75562952830156580483
-10.6054874193208562451
-19.3167482602870090155
20.9995193095783970034
-7.31635689351685986389
-1.83104936492060881495
2.07621482479829430188
-2.29534185267647190281
2.49529966989624442966
-5.38808802726352778222
5.95675544127977907538
-6.47567588633742037854
-0.520989198975493647837
0.566374971426226255748
21.0302290564138083867
1.52066073455426796647
-1.68115369664757905933
1.82760675034004911142
6.97587860260694282761
-7.58357956747233114378
10.7930605644813604207
-1.01556750616214146394
1.10403827644619304161
-6.1510359278181898369
0.59730376663228710933
0.0
0.0
0.0
0.0
0.0
0.0
2.37170824512628466112
-2.80624304008045619986
3.18198051533946401746
-3.51781181986757202693
3.82426463519458840105
6.61136134021581104758
-7.496579114484741727
8.28778004465354142691
-9.00976679594905489191
4.21613844942060493778
-4.66111643363965133699
5.06716778794707572238
-8.44463679505008685323
9.1802880614542782096
-16.973866169775562819
1.36930639376291537725
-1.62018517460196515051
1.83711730708738366467
-2.03100960115899000987
2.20794021658196158583
4.84711692041105599702
-5.49611397731181947375
6.07618262259039838542
-6.60550692033069678348
6.99769115446040365505
-7.73623865271135716682
8.41017808908926077373
3.39130107617561114858
-3.68673295702439407227
-4.38050229783347622441
0.797869945867106602143
-0.904699480858684799401
1.00018290867919146511
-1.08731345570721334466
2.85160681548983647684
-3.15256995220000266414
3.42720486357039465372
2.35265248684484078084
-2.55760289778150344456
-6.68845098635246386154
-0.577466020654974366847
0.638412706564057099815
-0.694027782436552355592
-3.70936997276920239462
4.03251030245500499943
-11.3086595949748196055
-0.252072931315826811793
0.274032167177504255426
-1.71631209621428255698
0.129203630593265196413
0.0
0.0
0.0
0.0
0.0
0.0
2.37170824512628466112
-2.80624304008045619986
3.18198051533946401746
-3.51781181986757202693
3.82426463519458840105
5.55902538462692122159
-6.30334229983629286435
6.96860711124428922331
-7.57567462295362065998
0.787287143915042388842
-0.870378686212242964122
0.946201388633094060388
-10.7894796822212893399
11.7294010293088174448
-10.707429216294587896
1.36930639376291533924
-1.62018517460196510554
1.83711730708738361368
-2.0310096011589899535
2.20794021658196152454
7.93725393319377241249
-9.00000000000000065544
9.94987437106619975416
-10.8166538263919689591
19.0122191910910807165
-21.0187991629477877798
22.8498437179464586693
19.9455695237346417112
-21.6831200940432377462
-3.91309763403591398139
3.66209872984121713439
-4.15242964959658804189
4.59068370535294318446
-4.99059933979248818406
19.7725262831769685391
-21.8593502795794815497
23.7636191198179884707
49.1244667067465676366
-53.4039256131890090633
67.4842759808400544624
4.56198220366280244093
-5.04346108994273556557
5.4828202510201455814
28.9884529905300655852
-31.5137708545360006879
86.442835085388670243
4.06227002464856369314
-4.41615310578476981545
30.5472411506286426749
2.98651883316143319406
0.0
0.0
0.0
0.0
0.0
0.0
2.37170824512628466112
-2.80624304008045619986
3.18198051533946401746
-3.51781181986757202693
3.82426463519458840105
11.0560976793172506473
-12.5364363987050541989
13.8595519142196506984
-15.0669214157080633331
26.0284398106986953752
-28.7755229101455670738
31.2822914526007834983
39.7441110818193615502
-43.2064039381074280779
39.4418701093024749267
1.36930639376291541525
-1.62018517460196519548
1.83711730708738371566
-2.03100960115899006624
2.20794021658196164711
5.60623449041403124527
-6.35687239420647856225
7.02778685725036319023
-7.64000978963099758027
9.92736346879843702569
-10.9751132611618234054
11.93120600564027172
5.59152087117599929652
-6.07862404800146201093
-17.6655020667409780829
-0.601866632104775452813
0.682452613275959679507
-0.754479751811291474029
0.82020596341362304045
-3.75616924469283479914
4.15260134457292447628
-4.51435360368695294905
-11.8109858016660604544
12.8398952590355678208
-24.1994712512743645881
0.16429818236940184978
-0.18163847488556354829
0.197461840332803972005
1.33835135522060870398
-1.45494131560101449356
5.60302955160293369478
-0.0360669516035296437342
0.0392089101348933235091
-0.360135380143211131631
0.00697262176294539859131
0.0
0.0
0.0
0.0
0.0
0.0
2.37170824512628466112
-2.80624304008045619986
3.18198051533946401746
-3.51781181986757202693
3.82426463519458840105
11.0560976793172510101
-12.5364363987050546103
13.8595519142196511532
-15.0669214157080638275
26.0284398106986976394
-28.7755229101455695769
31.2822914526007862194
39.7441110818193686988
-43.2064039381074358492
39.4418701093024898048
1.36930639376291533924
-1.62018517460196510554
1.83711730708738361368
-2.03100960115898995349
2.20794021658196152454
7.93725393319377344794
-9.00000000000000182953
9.94987437106620105216
-10.8166538263919703702
25.2278532562817268617
-27.8904411724107237313
30.3201061618016431347
57.6557779530204255922
-62.6784387371432035369
103.646327108326139445
1.20373326420955143373
-1.36490522655191995783
1.50895950362258361008
-1.64041192682724680059
8.48433964450130611151
-9.37979039824938373283
10.1969072089004571926
31.7817094652168194337
-34.550360786050583653
84.014484277174905596
0.492894547108206190549
-0.544915424656691353755
0.592385520998412686652
4.30132661913525709776
-4.67603502298747307512
19.7287591249893678789
0.144267806414118951096
-0.156835640539573702964
1.50991823115111741514
0.0348631088147271443902
0.0
0.0
0.0
0.0
0.0
0.0
2.37170824512628466112
-2.80624304008045619986
3.18198051533946401746
-3.51781181986757202693
3.82426463519458840105
13.7477270848675209595
-15.5884572681198965837
17.2336879396140861241
-18.7349939951951962555
45.0000000000000052619
-49.7493718553310020197
54.0832691319598418913
111.242977306434966038
-120.933866224478269103
231.83372274110602905
1.36930639376291541525
-1.62018517460196519548
1.83711730708738371566
-2.03100960115899006624
2.20794021658196164711
7.93725393319377275469
-9.00000000000000104345
9.94987437106620018312
-10.8166538263919694255
25.980762113533163798
-28.7228132326901472724
31.2249899919919941005
64.2261628933256628115
-69.8212002188447254556
133.849262231810633007
0.0
0.0
0.0
0.0
0.0
0.0
0.0
0.0
0.0
0.0
0.0
0.0
0.0
0.0
0.0
0.0
0.0
0.0
0.0
0.0
0.0
0.0
0.0
0.0
0.0
0.0
2.37170824512628466112
-0.828307453999764280051
-0.821650139342825833585
1.84155254132497180661
-1.83077458548643895126
-8.08849962769157203384
0.552319402760121816365
5.00396399402212960486
-6.65610797320422794597
17.5242391679910796808
3.38505151973420440084
-14.1872029064973072375
-30.585640216800751931
-13.6215023795130589072
46.8779554105140726314
1.36930639376291541525
-0.478223531538537480511
-0.474379929129274027239
1.06322085546081192701
-1.05699819975612108412
-10.5072692341228133392
0.717483950689971763077
6.50033990766871089933
-8.64653789269051983913
26.3058229225558862383
5.08133705596216616182
-21.2965620844965593229
-48.5612259343941337893
-21.6270396803422291018
76.5552862101896455855
-4.52160875087502414012
0.308755932465929357486
2.79730091189870844574
-3.72087747341575082592
23.5112340201554470764
4.54152318327879123734
-19.0341300657063435195
-51.2936779950884122902
-22.8439539571997526195
86.8527586679797687656
9.27295575082437130001
1.79120089927159150811
-7.50716213804092534362
-40.4609988516752311014
-18.019553889633058903
81.5037278774310159335
-15.2928201084003799743
-6.81075118975653123895
60.2716569563752481997
22.2109412908122957412
0.0
0.0
0.0
0.0
0.0
0.0
2.37170824512628466112
-0.184174836239416056542
-1.59467987087910523852
2.01054262446713393558
-0.993583335601494113968
-7.7378782409813385752
-2.15686116376517470219
6.90442592309724165825
-5.28554306205856931581
16.0378820550676212452
9.88092598811938664071
-15.9104008049172955293
-26.7780742167163462556
-25.289724547125428787
39.2630785356209845278
1.36930639376291540123
-0.106333391280782104635
-0.920688852723329081731
1.16078732545331646194
-0.573645606271848913167
-6.96166167933831215784
-1.94049805952138720039
6.21181619427501157243
-4.75532974850209530024
15.8765435726458192362
9.78152548134601239778
-15.7503447631173827894
-27.5444751614873877153
-26.0135282317763949952
41.1823197000806740577
-1.9319955995113738021
-0.538525697533180884905
1.72389899209429758199
-1.3196958673815936897
3.76602719606373157827
2.32024626853970289095
-3.73609195564945070037
-6.1175140887012587157
-5.77749710320226195341
8.83876827629259943902
-1.14901398068338419753
-0.707906571669764553123
1.13988074612069228352
9.6546141033901920828
9.11800188869110783333
-20.0975643508596870555
6.09750968223907162281
5.75860455980787427254
-21.8474487081307256202
-7.43885585760243626855
0.0
0.0
0.0
0.0
0.0
0.0
2.37170824512628466112
-0.0153974007215334955354
-1.75411321487788213515
1.96063225806600933055
-0.692422267273985971522
-7.64600744162260466713
-2.82649310088886546945
7.16192742686052178228
-4.59756447383907123773
15.65931155286113748
11.3830331167622260494
-15.682419794918674408
-25.8355561682122884705
-27.7780016745547039483
37.4313635355969457243
1.36930639376291537725
-0.00888969345139790162314
-1.01273773679882511229
1.13197156197627429761
-0.399770182403526799155
-1.65540917049250892713
-0.611953707247802153884
1.55060277293043151503
-0.995401907470367488541
1.80818154807371655583
1.31439944683141751025
-1.81084985802820014779
-1.86452066354762838241
-2.00470459304424962466
1.85237209829241972374
2.13712404949217548052
0.790028838940209531106
-2.00181957204753556479
1.28505833680527746744
-10.5045855339135885337
-7.6359707517634915424
10.520087013937940187
21.6637724357387484401
23.2925625087777382363
-34.6753303903849589101
-4.14306440713512354051
-3.01166747925653058875
4.14917827330713616312
4.2721535377581528729
4.59335527182546298265
-4.24431767782460060287
-4.84416678153980541921
-5.20837531397900842137
18.0472645618056672998
6.65066722708745826274
0.0
0.0
0.0
0.0
0.0
0.0
2.37170824512628466112
-0.184174836239416358193
-1.59467987087910493757
2.01054262446713399273
-0.993583335601494631478
-7.7378782409813387394
-2.15686116376517349044
6.90442592309724111235
-5.28554306205857044519
16.0378820550676219259
9.88092598811938388353
-15.910400804917295706
-26.7780742167163479603
-25.2897245471254241385
39.2630785356209878604
1.36930639376291535326
-0.106333391280782275068
-0.920688852723328875722
1.16078732545331645427
-0.573645606271849191855
3.61106211529796905592
1.00654977939303169247
-3.22211207029999385446
2.46662246623244019156
-12.1727533639559153511
-7.49962336971261122507
12.0759950880638467552
23.6793930721371484321
22.3632709130228018346
-37.2962827352085285342
6.25760103662406631238
1.7442477425852389487
-5.58359041950858848804
4.2744042635729317946
-5.28684446296003852703
-3.25722054008375438105
5.24482061347827264923
3.32959013021069244214
3.14452848873242921707
-0.659554232004524440605
9.56248821950581513078
5.89144115381150766455
-9.48647831067965694604
-18.4344765570966854815
-17.4098716183401549578
28.9250275852388168836
3.85791857398695248955
3.64349195807602418193
-19.5957154637457931126
-9.92824062413392161155
0.0
0.0
0.0
0.0
0.0
0.0
2.37170824512628466112
-0.828307453999764495554
-0.821650139342825531333
1.8415525413249716448
-1.83077458548643911383
-8.08849962769157215115
0.552319402760122763466
5.00396399402212871353
-6.65610797320422799426
17.5242391679910801891
3.38505151973420201936
-14.1872029064973058986
-30.5856402168007532618
-13.6215023795130543931
46.8779554105140753509
1.36930639376291533924
-0.478223531538537578385
-0.474379929129273826401
1.06322085546081177456
-1.0569981997561211193
7.00484615608187677874
-0.478322633793315405254
-4.33355993844580718578
5.76435859512701418768
-22.2587732421626768416
-4.29959289350644588887
18.0201679176509357219
44.1465690312674026654
19.6609451639474773321
-71.915571894420590323
9.043217501750048041
-0.617511864931859748572
-5.59460182379741566579
7.44175494683150140102
7.83707800671848991544
1.51384106109293076318
-6.34471002190211984135
-34.1957853300589617219
-15.2293026381331716974
68.883222391846060567
27.8188672524731128124
5.37360269781477037789
-22.5214864141227723715
2.58138715220372702302e-14
1.14963681077149836258e-14
-38.980043767467068374
61.1712804336015188507
27.2430047590261142761
-20.0905523187916897572
111.054706454061481491
0.0
0.0
0.0
0.0
0.0
0.0
2.37170824512628466112
-0.184174836239416056542
-1.59467987087910523852
2.01054262446713393558
-0.993583335601494113968
-4.16969536865548382447
-1.1622635721706512562
3.72057454229368811386
-2.84821028973695538196
2.10806922471030280543
1.29877972139176533946
-2.09131269169386367142
3.10365145055679759624
2.93114768596277952577
-6.99962531774206141335
1.36930639376291541525
-0.106333391280782105724
-0.920688852723329091158
1.16078732545331647383
-0.573645606271848919041
-6.96166167933831213211
-1.94049805952138719322
6.21181619427501154948
-4.75532974850209528266
5.49930382730287627419
3.38811658030567109522
-5.45559118965821156052
3.27794092136692210455
3.0957499897946494653
-11.4092347894431831342
-3.52773549124558680001
-0.983323262545766495359
3.14776061564096064049
-2.40970421992142311057
9.99562887656927326803
6.1582987575895032506
-9.91617603729483117683
-1.55645779053930867984
-1.46994845385088955984
-11.6743687791145237151
5.64448411042208849977
3.47756203373334976356
-5.59961746977842010199
-10.5233937253389726099
-9.93849395072015379951
-5.30976787592866664443
-7.26267618414986772943
-6.85901005000055470538
8.86304220554369139005
8.2296070522489889457
0.0
0.0
0.0
0.0
0.0
0.0
2.37170824512628466112
0.373243104920833829442
-2.05315539129698048134
1.72000211348344185246
0.0573796455139759379121
-3.10772573474354515483
-1.79952379511168314844
3.09473530122203797098
-1.11287034114847654201
-0.257767578861028960002
-0.253152983323994834055
0.248117673882729228954
4.55673373991115279001
6.27141898630407702669
-4.78004165301141837046
1.36930639376291539219
0.215492007099215146603
-1.18538981785344311345
0.993043683226390407128
0.0331281537834993105224
-2.16352397324128275248
-1.25278522091446515577
2.15448034560311304989
-0.77475358757249634884
0.0255232277518800803843
0.0250663069343166344869
-0.0245677285241128359947
2.98101768132520553125
4.10276569847058254662
-3.30537780316874040419
-0.286041263834388425661
-0.165631752795675183897
0.28484559847025835899
-0.102430801826270588818
-2.62970746972879685884
-2.58263003506018708034
2.53126053813353530516
-0.0301553453089434759091
-0.0415027113505980488269
3.03121934562647916433
-2.3366443185718119053
-2.29481334629918593881
2.24916863314258072419
2.09293032521856746906
2.88049373252236907901
4.33197294575837266917
2.07044763210497144966
2.84955086938755638128
2.02767996357043190954
0.706974737876202625364
0.0
0.0
0.0
0.0
0.0
0.0
2.37170824512628466112
0.373243104920833745407
-2.05315539129698042694
1.72000211348344192184
0.0573796455139757718691
-3.10772573474354531494
-1.79952379511168310046
3.09473530122203811089
-1.11287034114847678496
-0.257767578861028655346
-0.25315298332399452063
0.248117673882728940228
4.55673373991115271599
6.27141898630407662812
-4.78004165301141882908
1.3693063937629153623
0.215492007099215093382
-1.18538981785344305618
0.993043683226390425508
0.0331281537834992139345
2.69136943428257128728
1.55843332128130148356
-2.68011938884677309868
0.963773986552836019087
-2.26659571988766377545
-2.22601876859118859505
2.18174240583714475178
-1.62288039917583499598
-2.23356542840058865669
3.86788089972357407826
3.47454299915602437409
2.01192876649906400822
-3.46001925295038332875
1.24422686647568799706
-0.115277165745756877003
-0.113213455883861830656
0.110961597044178618922
-3.12864275922134061298
-4.30594165063637456646
3.22847079504606772699
1.28898123382930510953
1.26590569005754045663
-1.24072634281382031253
-3.24328405618172096731
-4.46372212397732328501
-3.64678181712819354904
-2.98423673425253458685
-4.10719607136455855025
-5.59305448903954951433
-3.43451977271347049965
0.0
0.0
0.0
0.0
0.0
0.0
2.37170824512628466112
-0.184174836239416056542
-1.59467987087910523852
2.01054262446713393558
-0.993583335601494113968
-4.16969536865548382447
-1.1622635721706512562
3.72057454229368811386
-2.84821028973695538196
2.10806922471030280543
1.29877972139176533946
-2.09131269169386367142
3.10365145055679759624
2.93114768596277952577
-6.99962531774206141335
1.36930639376291533924
-0.106333391280782099821
-0.920688852723329040049
1.16078732545331640939
-0.573645606271848887197
6.70119912808068578085
1.86789656025670972424
-5.97940824795003441226
4.57741456453931087786
-7.34732465153517527923
-4.52668069532065343123
7.28892254278902381127
-1.18019984138462582251
-1.11460326301382102692
10.694762894611670361
7.05547098249117264535
1.96664652509153272461
-6.29552123128192042915
4.81940843984284556904
13.401960578556587268
8.25693692706564609789
-13.2954316314578693357
-10.4248083480129846104
-9.84538803814514604554
-6.48696803235964970099
16.9334523312662600857
10.4326861012000459553
-16.7988524093352549353
26.0755239321393381017
24.6262226450220358883
-14.063011428084133282
29.0507047365994554521
27.4360402000022042155
46.4313874709430770816
41.1480352612449123147
0.0
0.0
0.0
0.0
0.0
0.0
2.37170824512628466112
-0.0153974007215334955354
-1.75411321487788213515
1.96063225806600933055
-0.692422267273985971522
1.91150186040565214443
0.70662327522221672877
-1.79048185671513136132
1.14939111845976839729
-3.91482788821528387335
-2.84575827919055615131
3.92060494872966810459
-3.22944452102653797682
-3.47225020931934005575
4.67892044194961556641
1.36930639376291541525
-0.00888969345139790186988
-1.0127377367988251404
1.13197156197627432902
-0.399770182403526810251
-1.65540917049250885821
-0.611953707247802128407
1.55060277293043145048
-0.995401907470367447099
-7.68477157931330521224
-5.58619764903353157866
7.69611189661986049259
-1.86452066354763651864
-2.00470459304425837261
9.49340700374867970427
-2.13712404949217478404
-0.790028838940209273637
2.0018195720475349124
-1.28505833680527704864
-1.75076425565226585652
-1.27266179196058272401
1.75334783565632446704
7.22125747857958047519
7.76418750292591023147
10.9107720624918221894
2.07153220356756212322
1.50583373962826555095
-2.07458913665356843504
4.27215353775815875594
4.593355271825469308
-2.29900540882166039579
-1.61472226051326795717
-1.7361251046596689191
-5.01312904494601997052
1.10844453784791044014
0.0
0.0
0.0
0.0
0.0
0.0
2.37170824512628466112
0.373243104920833732964
-2.05315539129698041889
1.72000211348344193211
0.057379645513975747284
2.49822229669812806534
1.44659176906350321218
-2.48777961499543200654
0.894608384681218836399
-3.06898612105679325583
-3.0140446512256176476
2.95409415295600517867
-4.28025889369211847594
-5.89090748425450574665
2.69367024974436801796
1.36930639376291537725
0.215492007099215088549
-1.18538981785344306446
0.993043683226390442274
0.0331281537834992001018
2.6913694342825713107
1.55843332128130147907
-2.68011938884677311949
0.96377398655283605127
0.999357897004438783218
0.981467235534158251691
-0.961945477692367262686
-1.62288039917583321533
-2.23356542840058619034
-1.25239327696050254035
0.967486823829082490664
0.560221753635904539157
-0.963442685336622187032
0.346455087607715597579
1.14193798624576110547
1.12149483370429873981
-1.09918787350049781699
-2.57741543008277147609
-3.54728912998312411194
-5.5218960331987350784
-0.84908728983110416425
-0.833886796287579604362
0.817300469698966283096
-3.24328405618172170807
-4.46372212397732427325
-4.95033981677166301833
-0.449433116054608334729
-0.618553450339108688857
-1.56215343795327519501
0.279335754485089234701
0.0
0.0
0.0
0.0
0.0
0.0
2.37170824512628466112
-0.0153974007215337352836
-1.75411321487788192139
1.96063225806600942632
-0.692422267273986413941
1.91150186040565191438
0.70662327522221639683
-1.79048185671513104067
1.14939111845976850249
-3.91482788821528422217
-2.84575827919055578861
3.92060494872966844585
-3.22944452102653752088
-3.47225020931933896565
4.67892044194961640023
1.36930639376291533924
-0.00888969345139803979507
-1.01273773679882496076
1.13197156197627432148
-0.39977018240352704349
6.62163668197004024081
2.4478148289912094357
-6.20241109172172994116
3.98160762988147352303
8.58886235335016860215
6.24339737244924269773
-8.60153682563396566827
-1.86452066354762957633
-2.00470459304425056201
-10.882686077468004549
4.27424809898435003339
1.58005767788041816721
-4.00363914409507002549
2.57011667361055492161
15.7568783008703873264
11.4539561276452381232
-15.7801305209069147805
21.6637724357387647719
23.292562508777751772
6.42689313270067707715
6.21459661070268824473
4.51750121888479703759
-6.22376740996070717014
25.6329212265489598167
27.5601316309528189151
42.6200233481555037927
6.45888904205307570006
6.9445004186386786391
31.0814000786653436543
5.54222268923955767328
0.0
0.0
0.0
0.0
0.0
0.0
2.37170824512628466112
-0.184174836239416358193
-1.59467987087910493757
2.01054262446713399273
-0.993583335601494631478
8.03863448914615294788
2.24069415405323725513
-7.17278750384230807715
5.49098182076624098447
12.2294874352895251884
7.53457718455719362891
-12.1322781939697964579
8.86588901025912697077
8.37311485210806807369
-2.17172696187076858985
1.36930639376291541525
-0.106333391280782279882
-0.920688852723328917404
1.16078732545331650682
-0.573645606271849217825
3.6110621152979691697
1.00654977939303172419
-3.22211207029999395598
2.46662246623244026927
1.9931417102276592058
1.2279729739233422953
-1.97729870826055751515
-7.14302301071716309315
-6.74600730854823703292
-20.0244650586904308094
-0.79786994586710657679
-0.222398782506292697259
0.711930811773331527309
-0.545004176269914868496
-3.58367861196638183369
-2.20790145534568348366
3.55519281639675392693
-7.32220347059499780257
-6.91522875583621766118
-7.5738007269112471599
0.288733010327487299052
0.177888170992711703871
-0.286437941378243805237
1.74353127163247797449
1.6466242210711007912
5.14526625077905933817
-0.0840243104386089695115
-0.0793541630013133830482
-0.630538572648183861186
0.0215339384322108901536
0.0
0.0
0.0
0.0
0.0
0.0
2.37170824512628466112
-0.184174836239416358193
-1.59467987087910493757
2.01054262446713399273
-0.993583335601494631478
8.03863448914615294788
2.24069415405323725513
-7.17278750384230807715
5.49098182076624098447
12.2294874352895251884
7.53457718455719362891
-12.1322781939697964579
8.86588901025912697077
8.37311485210806807369
-2.17172696187076858985
1.36930639376291533924
-0.106333391280782273979
-0.920688852723328866295
1.16078732545331644239
-0.573645606271849185981
6.70119912808068577633
1.86789656025670863394
-5.97940824795003380857
4.57741456453931175571
17.1958101679913434185
10.5943245493556415178
-17.0591248269945527632
29.642216241469684484
27.9946749585572169654
36.2873886792534943685
1.59573989173421293766
0.444797565012585334332
-1.42386162354666286196
1.09000835253982958951
8.87552474904470257593
5.46820352275391540257
-8.80497534689400766055
25.5229292582066842562
24.1043416846189302327
49.9768883929744947836
0.866199030982461620229
0.533664512978134940999
-0.859313824134731140987
5.89751610341017549183
5.56972680561077484414
20.6295030609823001201
0.336097241754435699119
0.317416652005253363211
2.73641427270750657672
0.107669692161054365952
0.0
0.0
0.0
0.0
0.0
0.0
2.37170824512628466112
-0.828307453999765439605
-0.821650139342824207263
1.84155254132497093594
-1.83077458548643982599
12.1327494415373594725
-0.828479104140190401052
-7.50594599103318750717
9.98416195980634269957
35.0484783359821684653
6.77010303946838387568
-28.3744058129946030076
76.4641005420019094522
34.053755948782591766
140.633866231542289563
1.36930639376291541525
-0.47822353153853814998
-0.474379929129273088282
1.06322085546081142433
-1.05699819975612158914
7.00484615608187667944
-0.478322633793318961177
-4.3335599384458034675
5.76435859512701392294
20.2352484019660738496
3.90872081227857540009
-16.3819708342281177621
44.1465690312674188926
19.6609451639474522687
81.1950005259587734736
1.0621269614310988404e-16
-7.2526841317352672801e-18
-6.57086643595257410522e-17
8.74034995604538717271e-17
7.36372588465424922513e-16
1.42240648839605903007e-16
-5.96149551897449478334e-16
2.81140931217631988886e-15
1.25207837286201314269e-15
7.87929017327243914034e-15
5.11664272064148667591e-33
9.88350994951061767462e-34
-4.14231098890638536811e-33
4.46512376004604664316e-32
1.98857024051691823061e-32
2.11173927863385238929e-31
1.98215648497303674391e-49
8.82765542432434729298e-50
2.08320601605761374783e-48
6.76239873215964767479e-66
0.0
0.0
0.0
0.0
0.0
0.0
2.37170824512628466112
3.21119920635469967762
-1.35909225697767833448
-2.60090123923544923768
2.17214317563353184766
-5.88967070981544074451
-12.4153769681150137486
-2.32302360448166739219
10.51962333811265743
9.29148778662265623057
26.4388342460569468373
17.5019768253533025405
-11.8082817902418878346
-42.2157524150121005361
13.1783439677867123651
1.36930639376291541525
1.85398672621039852425
-0.784672280419598643456
-1.50163103060821789929
1.25408744717042820278
-7.65090668193794791957
-16.1280477779217371821
-3.01769618260802725092
13.6653915735738282016
13.9475517344246475215
39.6876169794542734783
26.272404681817634219
-18.7481653432235523192
-67.0265090573370326403
21.521243522578249703
-3.29242601805919104685
-6.94040671674760287891
-1.29860967323939843142
5.88064822042828943029
12.465838981798392558
35.4714183720196414063
23.4813659532695700776
-19.8030905853403294986
-70.7979690909509739268
24.4160718669290326598
4.9165931986395055014
13.9901160739049149036
9.26117562638011769716
-15.6208885139763035904
-55.8461911497982134813
22.9123508314266328691
-5.904140895120945465
-21.1078762075060558012
16.9435851014400621171
6.24394604277028110455
0.0
0.0
0.0
0.0
0.0
0.0
2.37170824512628466112
4.21706326048145164986
0.101986205456937034908
-3.76770302980964036786
0.177343939378656061641
-5.34214766910037797827
-14.1561516095134719121
-8.8492385179825512995
8.94158697986606547078
7.64425224601998232617
26.8002642088693695961
30.3801087332450461456
-8.81173305917972205953
-38.3700155146785757089
8.91990722181552440792
1.36930639376291539364
2.43472260862864705346
0.0588817631741910779043
-2.17528435848716447869
0.102389571139415751358
-3.65061026025379547017
-9.67374837096198772641
-6.0472160131470872689
6.11032326202015820942
5.45067886885065888863
19.1097348833505561744
21.6623171732592336717
-6.39523821219782111604
-27.8475741121620432181
6.53318466747674000531
-0.438669481501275108469
-1.16242980749434492388
-0.726653606903800083556
0.734236784008056997955
-1.42825555649045322357
-5.00737351932091627196
-5.67623329379703425637
2.66208622428433128664
11.5918502116665845845
-3.23333000235547684808
-1.88614741803449646534
-6.61271338429733329243
-7.49600638527484997804
5.26132766325640726144
22.9100476275377014444
-6.96282819932374873833
1.90080478422755488424
8.27690859123414127813
-2.75850267069586714651
0.156954018453910214824
0.0
0.0
0.0
0.0
0.0
0.0
2.37170824512628466112
4.21706326048145163884
0.101986205456937015417
-3.76770302980964035989
0.177343939378656090568
-5.34214766910037798427
-14.1561516095134718963
-8.84923851798255122379
8.94158697986606551505
7.64425224601998234334
26.800264208869369601
30.380108733245046015
-8.81173305917972208922
-38.3700155146785757629
8.91990722181552444799
1.36930639376291536086
2.43472260862864698881
0.0588817631741910652416
-2.17528435848716442201
0.102389571139415765608
1.33739246414942038075
3.54395491413067311326
2.21538333278676601959
-2.23850252466406590997
-3.68531443205344604103
-12.920478981213035283
-14.6463315911995919742
5.12337409876168994643
22.3093394156096084971
-5.65034280993474102011
3.42502081498890041185
9.07595913216064251256
5.67352832573342133652
-5.73273586243494982994
-4.37688471527912784487
-15.3450805920639658284
-17.3947992928006525229
4.7864383029398468946
20.8421783445344288138
-4.7079112216703198476
1.60271765279904949622
5.61902657903489726338
6.36958789344994173234
-5.05712951608142750885
-22.0208824630289668559
6.82108768659589560623
-2.13234371948691017718
-9.2851271196992602792
0.0410356440871730669046
-2.93805204033249931927
0.0
0.0
0.0
0.0
0.0
0.0
2.37170824512628466112
3.21119920635469967762
-1.35909225697767833448
-2.60090123923544923768
2.17214317563353184766
-5.88967070981544074451
-12.4153769681150137486
-2.32302360448166739219
10.51962333811265743
9.29148778662265623057
26.4388342460569468373
17.5019768253533025405
-11.8082817902418878346
-42.2157524150121005361
13.1783439677867123651
1.36930639376291533924
1.85398672621039842133
-0.784672280419598599898
-1.50163103060821781593
1.25408744717042813316
5.10060445462529862484
10.752031851947824813
2.01179745507201817194
-9.11026104904921882214
-11.8017745445131633778
-33.5818297518459239695
-22.2304962692303060478
17.0437866756577750516
60.9331900521245758996
-20.2169257333310832388
6.58485203611838120271
13.8808134334952038796
2.59721934647879651141
-11.7612964408565772692
4.15527966059946493567
11.8238061240065492686
7.82712198442319143796
-13.2020603902268873267
-47.1986460606339861726
19.3644707910126821095
14.7497795959185117887
41.9703482217147312927
27.783526879140344209
4.07069996384630947495e-15
1.45531586336117033779e-14
-10.958080832421436772
23.6165635804837692873
84.4315048300241782562
-5.64786170048001071629
31.2197302138513809298
0.0
0.0
0.0
0.0
0.0
0.0
2.37170824512628466112
4.21706326048145164986
0.101986205456937034908
-3.76770302980964036786
0.177343939378656061641
-1.54428779837768804688
-4.09220664733847835782
-2.55810432708529679178
2.5848000703929081332
-1.0713797535119822696
-3.75618955759919703437
-4.25792247021124978353
1.80238512086328864224
7.84834771848933330481
-0.494731789870622525614
1.36930639376291541525
2.43472260862864709189
0.0588817631741910788338
-2.17528435848716451302
0.102389571139415752975
-3.65061026025379544278
-9.67374837096198765384
-6.04721601314708722353
6.11032326202015816358
-0.594776611941213596031
-2.08524912996951680033
-2.3637862228019848392
2.98107321465486702675
12.9808545865491631799
-1.28703043122756021617
-2.13712404949217481937
-5.66316281894231227023
-3.54013434818768020564
3.57707831362061350463
2.46949356707472415255
8.65788803530972267308
9.81436518174039001018
2.63188273919348088758
11.46033145323960441
-2.48317319824514300623
2.07153220356756219172
7.26266070061954744875
8.23277039576602440843
-0.876909030033855856824
-3.81843308931250883451
-3.03605216817725895356
-1.61472226051326803726
-7.03118419176879613542
-0.179423536058718052953
1.10844453784791051345
0.0
0.0
0.0
0.0
0.0
0.0
2.37170824512628466112
4.49275676539841213245
0.613484570363960439824
-3.92546653667847602277
-0.583530668854044014735
-0.865346522166875933029
-2.42161019832922471502
-1.79361543865108391052
1.27367045571280922858
-1.6046241501992324826
-5.91617871888466172945
-7.45524314821637863127
1.34829934816382410863
6.1590663397455987898
0.294780146232052379598
1.36930639376291537725
2.59389432790628557323
0.354195481843314468507
-2.26636916164618609133
-0.336901588743284682841
0.74941207127302961001
2.09717594981658472327
1.55331653449181045824
-1.10303097069699734765
-0.555858111039420388864
-2.04942442555319527335
-2.58257198309810157196
-0.129740165268430745219
-0.592656434868150214574
0.247993178163441529938
0.967486823829082486878
2.70744250923544953962
2.00532302315846550079
-1.42400685995348970324
-0.717609735636662305459
-2.64579555649274078589
-3.33408609364026786777
-1.50744449825648383839
-6.88604550680098847306
0.602650007215721859435
-0.849087289831104157605
-3.13054752039630246593
-3.9449438667397550595
-1.1890882560373239152
-5.43178594777190423092
-0.178266276198689604902
-0.449433116054608329453
-2.05302211324853426947
-0.252668696770330887046
0.279335754485089230329
0.0
0.0
0.0
0.0
0.0
0.0
2.37170824512628466112
4.21706326048145157671
0.101986205456936905514
-3.76770302980964031495
0.177343939378656253673
-1.54428779837768841295
-4.092206647338479267
-2.55810432708529723381
2.58480007039290881162
-1.07137975351198187587
-3.75618955759919560252
-4.2579224702112480338
1.80238512086328875977
7.84834771848933371445
-0.494731789870622992272
1.36930639376291533924
2.4347226086286469145
0.0588817631741910008595
-2.17528435848716436172
0.102389571139415858161
4.62643559220875382531
12.2595869136626386909
7.66366536072064800368
-7.74364147471219091623
-0.666130943400946843494
-2.33541289668244108926
-2.64736560749109604126
-2.84032382516834719122
-12.3679721692075240262
1.71716026627971362479
4.27424809898435010406
11.326325637884625605
7.08026869637536072712
-7.1541566272412279699
7.31636265541640646245
25.6507040718279582628
29.0769961338116275595
0.380256955281622945945
1.65579973607127468015
-3.57112608130979465436
6.21459661070268845023
21.7879821018586486216
24.6983111872980796044
10.1857335231729113454
44.3529951131892386866
2.04253500777255129217
6.45888904205307602042
28.1247367670752010332
11.7465780431161243634
5.5422226892395580398
0.0
0.0
0.0
0.0
0.0
0.0
2.37170824512628466112
4.21706326048145163884
0.101986205456937015417
-3.76770302980964035989
0.177343939378656090568
4.21536163292787849626
11.1702824520952181583
6.98272358607657479283
-7.05559356032594333973
2.22528786623277198951
7.80171831546773266402
8.84383261608368300742
-1.13731482118738107007
-4.95235012692225214181
-2.19518215640949311897
1.36930639376291541525
2.43472260862864708553
0.0588817631741910675807
-2.17528435848716450842
0.102389571139415769675
1.33739246414942044967
3.54395491413067329589
2.21538333278676613375
-2.23850252466406602533
-1.73677577455422381483
-6.08902586303995556514
-6.90236731835932649676
-4.25293732809100072358
-18.5190892831016088254
-3.23072371313177582868
-0.849227283995449531994
-2.250366505723982811
-1.40674037064193951162
1.42142076480627771738
-1.95345017110829041746
-6.84867257380486094391
-7.76348381676504799381
-1.37057474056989593002
-5.96806254870695557762
0.892569327042374725308
0.327099668150790122479
1.14679071895343535848
1.29997325640363214657
1.08110717720883710464
4.70759825382124988146
1.51938721230558519011
-0.101316564270805125732
-0.441175205473894372865
-0.428286301033457353353
0.0276369935014096537741
0.0
0.0
0.0
0.0
0.0
0.0
2.37170824512628466112
4.21706326048145169283
0.101986205456937110892
-3.76770302980964039893
0.177343939378655948875
4.2153616329278785991
11.1702824520952185535
6.98272358607657529425
-7.05559356032594337956
2.22528786623277225495
7.80171831546773367349
8.84383261608368434579
-1.13731482118738082772
-4.95235012692225113409
-2.19518215640949311786
1.36930639376291533924
2.43472260862864698154
0.0588817631741911194346
-2.17528435848716441021
0.102389571139415682185
4.62643559220875370135
12.2595869136626386518
7.66366536072064857993
-7.74364147471219039639
7.32786319489014796172
25.6910242348107121229
29.1227020614103890006
6.53598760168434918497
28.4604565295037182802
2.65928039949370203287
1.6984545679908996217
4.50073301144796714927
2.81348074128388008046
-2.84284152961255631493
5.84204807602206640166
20.4818505354564243432
23.2177131343098092951
9.81671797045763368574
42.7461452020820870606
10.2816705935576893994
0.981299004452371292356
3.44037215686030935293
3.89991976921090024058
4.04749682988264314879
17.6245143963390070065
8.20009239807704386008
0.405266257083221258085
1.76470082189558079669
1.98812981746683238116
0.13818496750704869398
0.0
0.0
0.0
0.0
0.0
0.0
2.37170824512628466112
3.21119920635469967763
-1.35909225697767833447
-2.60090123923544923769
2.17214317563353184765
8.83450606472316111676
18.623065452172520623
3.48453540672250108837
-15.7794350071689861451
18.5829755732453126416
52.8776684921138941882
35.0039536507066054212
29.5207044756047192587
105.539381037530250169
39.5350319033601349965
1.36930639376291541525
1.85398672621039852425
-0.784672280419598643451
-1.5016310306082178993
1.25408744717042820277
5.10060445462529873102
10.7520318519478250368
2.01179745507201821386
-9.11026104904921901179
10.728885949557421967
30.5289361380417510962
20.2095420629366432075
17.0437866756577761156
60.9331900521245797034
22.825561311825417082
0.0
0.0
0.0
0.0
0.0
0.0
0.0
0.0
0.0
0.0
0.0
0.0
0.0
0.0
0.0
0.0
0.0
0.0
0.0
0.0
0.0
0.0
0.0
0.0
0.0
0.0
2.37170824512628466112
8.01377295396712512182
11.3473235322522793619
5.86843006250610952418
-5.23226285747808665627
-3.27548068009623989518
-15.3795898389013951623
-32.9135114083101914504
-38.0425810393223999288
2.87377866580814087092
17.2393467974488169166
48.7597024704660922061
-2.03113501232428239544
-14.819260906583030343
1.26065703259064497567
1.36930639376291541525
4.62675397219746225766
6.55138029592762874721
3.38813967630839477904
-3.02084836923585392091
-4.25497421785271093708
-19.9786732504104463425
-42.7559055110183435583
-49.418762408372118153
4.3138599043689075949
25.878167936817006601
73.1937111020171118467
-3.224859951846220265
-23.5287367524192776728
2.05874934385938175517
-1.83104936492060881495
-8.59745208646214031678
-18.3992122217991073139
-21.2664493108673729001
3.85557866942139224754
23.1290107960733121692
65.418005571975969908
-3.40631696927772623868
-24.852656072568611117
2.33567228041113256955
1.52066073455426796647
9.12220487824947310531
25.8012093476710080723
-2.68693906090308188994
-19.6040394863001439039
2.1918244264550968553
-1.01556750616214146394
-7.40963045329151711383
1.62084475618797243319
0.59730376663228710933
0.0
0.0
0.0
0.0
0.0
0.0
2.37170824512628466112
8.78707879272020101432
14.7483854091912665421
12.2949575200140196036
0.112260546417189220457
-2.85454629786068396478
-14.5924001607190725722
-35.5702260822874887273
-51.5295876549754845726
2.18261640177592939781
14.2013962017680575674
44.9668464852687671089
-1.34438896701774292779
-10.6142108084781761229
0.727185393844076271525
1.36930639376291537725
5.07322230636745983122
8.51498428610892666902
7.09849703385510782126
0.0648136566933386745932
-0.618027402556543165276
-3.15934731034270973637
-7.70117985140419639887
-11.1564829889364393486
0.252026833420604856202
1.6398359839918621637
5.19232418457569610754
-0.0970229165004069689813
-0.766014683438787760736
0.0359863442474263377222
0.797869945867106602143
4.07869983928083845869
9.94218043687885812689
14.4029576061323975285
-1.46414359295309122217
-9.52658618476820853809
-30.1646776424575370338
1.12730441941964833345
8.90028633572632506382
-0.673643474478986129479
-0.577466020654974366847
-3.7573362619775530538
-11.8971093042840002559
0.222307429504247577097
1.75516013515294129896
-0.082455073249284966281
-0.252072931315826811793
-1.99016452658965812436
0.350607243460536695336
0.129203630593265196413
0.0
0.0
0.0
0.0
0.0
0.0
2.37170824512628466112
8.01377295396712512182
11.3473235322522793619
5.86843006250610952418
-5.23226285747808665627
-3.27548068009623989518
-15.3795898389013951623
-32.9135114083101914504
-38.0425810393223999288
2.87377866580814087092
17.2393467974488169166
48.7597024704660922061
-2.03113501232428239544
-14.819260906583030343
1.26065703259064497567
1.36930639376291533924
4.62675397219746200082
6.55138029592762838354
3.38813967630839459096
-3.02084836923585375322
2.83664947856847396462
13.3191155002736309258
28.5039370073455624381
32.9458416055814121782
-3.6501891498506141467
-21.8969113311528519069
-61.9331401632452489598
2.9316908653147457326
21.3897606840175254281
-1.93397665635275257554
3.66209872984121713439
17.1949041729242783069
36.7984244435982096486
42.5328986217347400451
1.28519288980713098104
7.70967026535777211398
21.8060018573253272367
-2.27087797951848433014
-16.5684373817124086592
1.85242973963641558515
4.56198220366280244093
27.3666146347484105667
77.4036280430129994708
7.00199102253023594187e-16
5.10868689997975530806e-15
-1.0482638561306988462
4.06227002464856369314
29.6385218131660526768
-0.540281585395989855463
2.98651883316143319406
0.0
0.0
0.0
0.0
0.0
0.0
2.37170824512628466112
8.78707879272020101432
14.7483854091912665421
12.2949575200140196036
0.112260546417189220457
0.71363657446517119644
3.64810004017976919227
8.89255652057187473936
12.8823969137438748482
-0.545654100443982329084
-3.55034905044201425933
-11.2417116213171913576
-0.168048620877217913115
-1.32677635105977238755
0.0908981742305094987539
1.36930639376291541525
5.07322230636745997203
8.51498428610892690536
7.09849703385510801828
0.0648136566933386763922
-0.618027402556543139545
-3.15934731034270960483
-7.70117985140419607823
-11.1564829889364388841
-1.07111404203757141938
-6.96930293196541927428
-22.0673777844467245376
-0.0970229165004072099233
-0.76601468343878966302
0.184430014268060283082
-0.797869945867106485003
-4.07869983928083785987
-9.94218043687885666722
-14.4029576061323954139
-0.244023932158848632209
-1.58776436412803537565
-5.02744627374292479989
0.375768139806549378891
2.96676211190877450341
0.211965403607612054998
0.28873301032748723262
1.878668130988776847
5.9485546521420011415
0.222307429504247763795
1.75516013515294277298
-0.0446631646766960432824
-0.0840243104386089405132
-0.663388175529886067102
-0.097390900961260227242
0.0215339384322108802446
0.0
0.0
0.0
0.0
0.0
0.0
2.37170824512628466112
8.78707879272020101432
14.7483854091912665421
12.2949575200140196036
0.112260546417189220457
0.71363657446517119644
3.64810004017976919227
8.89255652057187473936
12.8823969137438748482
-0.545654100443982329084
-3.55034905044201425933
-11.2417116213171913576
-0.168048620877217913115
-1.32677635105977238755
0.0908981742305094987539
1.36930639376291533924
5.07322230636745969041
8.51498428610892643268
7.09849703385510762423
0.0648136566933386727943
2.47210961022617334636
12.6373892413708424485
30.8047194056167941344
44.6259319557457697646
1.19712745874787412076
7.7892209239613521342
24.6635398767345782214
-0.0970229165004069701425
-0.766014683438787769905
-0.211419772453630112601
1.59573989173421275409
8.15739967856167461598
19.8843608737577106439
28.8059152122647869301
2.19621538942963668372
14.2898792771523118341
45.2470164636863024698
1.12730441941964850983
8.90028633572632645643
0.124856333631881200392
0.866199030982461420934
5.63600439296632873916
17.8456639564259977192
1.33384457702548608859
10.5309608109176527362
0.827986360544904331312
0.336097241754435583126
2.65355270211954285575
0.603823585959813077671
0.107669692161054316407
0.0
0.0
0.0
0.0
0.0
0.0
2.37170824512628466112
8.01377295396712512182
11.3473235322522793619
5.86843006250610952418
-5.23226285747808665627
4.91322102014435984276
23.0693847583520927434
49.3702671124652871755
57.0638715589835998932
5.74755733161628179767
34.4786935948976341682
97.5194049409321853596
5.07783753081070593223
37.0481522664575754462
3.78197109777193472625
1.36930639376291541525
4.62675397219746225766
6.55138029592762874721
3.38813967630839477904
-3.02084836923585392091
2.83664947856847402367
13.319115500273631203
28.5039370073455630315
32.945841605581412864
3.31835377259146762707
19.9062830283207757865
56.3028546938593209856
2.93169086531474591562
21.3897606840175267634
2.18352203136601102233
0.0
0.0
0.0
0.0
0.0
0.0
0.0
0.0
0.0
0.0
0.0
0.0
0.0
0.0
0.0
0.0
0.0
0.0
0.0
0.0
0.0
0.0
0.0
0.0
0.0
0.0
2.37170824512628466112
12.0532796143215908466
33.2598257352610795359
65.2471550327558278445
99.9511866278822475366
-1.07665176222010764393
-7.39836874712126198933
-27.2130554466105496889
-70.6972499177369096256
0.310494379578124064781
2.68613929209104097877
12.3103678153919936068
-0.0721339032070591718899
-0.752052926678997072864
0.0147162719408448749434
1.36930639376291541525
6.95896422994639928268
19.2025693414530274708
37.670462522018823718
57.7068445054303402951
-1.39861166566784426793
-9.61076292235779386986
-35.3507959970388291456
-91.8384216096862215667
0.466086435441368994759
4.03219243276094252632
18.4792248473036689428
-0.114527953194308560122
-1.19404438907315332383
0.0240327975167125119089
-0.601866632104775183951
-4.13581386029327359333
-15.2125604635230229675
-39.5209641595877887176
0.416571923620984739445
3.60383403248923859054
16.5160915579452481493
-0.120972233290030790834
-1.26123110004892689698
0.0272654556747987175619
0.164298182369401702991
1.42137131075039680682
6.51403435745214241561
-0.0954241844911415446513
-0.994872508375459511249
0.0255862486563967890077
-0.0360669516035295953994
-0.376026463339498635002
0.018920921066800557253
0.00697262176294538613225
0.0
0.0
0.0
0.0
0.0
0.0
2.37170824512628466112
12.0532796143215911132
33.2598257352610813205
65.2471550327558341809
99.951186627882263244
-1.07665176222010749881
-7.39836874712126114678
-27.2130554466105473337
-70.6972499177369059698
0.310494379578123981081
2.68613929209104030902
12.3103678153919908466
-0.0721339032070591427222
-0.752052926678996783668
0.0147162719408448670093
1.36930639376291533924
6.9589642299463990503
19.2025693414530274352
37.6704625220188252852
57.7068445054303461605
0.932407777111897156614
6.40717528157186943425
23.5671973313592452866
61.2256144064575503497
-0.394380829988850991189
-3.41185513541310790764
-15.6362671784877326096
0.104116321085735117195
1.0854948991574127861
-0.0225762643338814606402
1.20373326420955089601
8.27162772058655098852
30.4251209270460607508
79.0419283191756186792
0.13885730787366235483
1.20127801082975292594
5.505363852648447027
-0.0806481555266874531768
-0.840820733365953984587
0.0216243269144955934226
0.492894547108205750184
4.26411393225119605395
19.5421030723564535556
2.95420271482263641005e-16
3.0799898242867430509e-15
-0.0122369015313203081678
0.144267806414118757757
1.50410585335799849156
-0.00630697368893344492225
0.0348631088147270820948
0.0
0.0
0.0
0.0
0.0
0.0
2.37170824512628466112
12.0532796143215897045
33.2598257352610718904
65.2471550327558006982
99.9511866278821802434
1.61497764333016287342
11.0975531206819016623
40.819583169915851674
106.04587487660541912
0.62098875915624929109
5.37227858418209154043
24.6207356307840284816
0.180334758017648462878
1.88013231669749808113
0.0441488158225348075606
1.36930639376291541525
6.95896422994639862326
19.2025693414530230566
37.6704625220188080451
57.7068445054303014434
0.932407777111897149938
6.40717528157186868072
23.5671973313592391108
61.2256144064575230347
0.358528027262592354712
3.10168648673919338623
14.2147883440797751009
0.104116321085735435753
1.08549489915741599367
0.025489330699543704894
1.06208407801012598771e-16
7.29826479210165627669e-16
2.68448479982546489709e-15
6.97406776559759886616e-15
9.80138309327589735288e-17
8.47934197052375548396e-16
3.88601658882626133276e-15
4.98105245711706688781e-17
5.19314068942536672545e-16
1.85819555501171660244e-17
5.11622955965001215181e-33
4.42613655880223847086e-32
2.02846401898960827586e-31
5.94299981117743468772e-33
6.19604679982342445122e-32
3.74127644265764796965e-33
1.98191640571085820193e-49
2.06630442424486098139e-48
2.77259797542985336611e-49
6.76130666976111277453e-66
0.0
0.0
0.0
0.0
0.0
0.0
2.37170824512628466112
14.0312152004022809993
47.7297077300919566899
123.123413695365020784
267.69852446362120596
0.0
0.0
0.0
0.0
0.0
0.0
0.0
0.0
0.0
0.0
1.36930639376291541525
8.10092587300982597738
27.5567596063107536726
71.0853360405646522271
154.555815160737325624
0.0
0.0
0.0
0.0
0.0
0.0
0.0
0.0
0.0
0.0
0.0
0.0
0.0
0.0
0.0
0.0
0.0
0.0
0.0
0.0
0.0
0.0
0.0
0.0
0.0
0.0
0.0
0.0
0.0
0.0
