0.0
2.23606797749978984926
-6.61437827766147711199
13.500000000000001786
-23.2163735324878009635
36.0555127546398975453
0.790569415042094887042
-6.54790042685439786199
15.9099025766973207788
-29.3150984988964364958
47.165930500733265555
-2.29128784747792010693
12.9903810567665802684
-28.7228132326901440673
49.9599839871871919266
4.50000000000000018531
-21.5580611373100997536
45.0693909432998665362
-7.41619848709566397198
32.2490309931942030998
11.0397010829098111731
1.36930639376291541525
-11.3412962222137564763
27.5567596063107569326
-50.7752400289747567449
81.6937880135325958537
-3.96862696659688637734
22.5000000000000027514
-49.7493718553310029794
86.5332306111357607169
7.79422863405994844886
-37.3396572024971890318
78.0624749799799812927
-12.8452325786651303266
55.8569601750757704311
19.1213231759729447865
-5.1234753829797998618
29.0473750965556303924
-64.2261628933256523145
111.713920350151552962
10.0623058987490549501
-48.2052901661218151292
100.778221853731880519
-16.5831239517770008136
72.1110255092797927719
24.6855220726643746586
11.9058808997906607935
-57.0372685180488080113
119.242400177118233629
-19.6214168703485880926
85.3229160308061872186
29.2083036138698119887
-22.2485954612869992868
96.7470929795826413511
33.1191032487294405118
36.6145462896920464719
0.0
2.23606797749978984926
-6.61437827766147711199
13.500000000000001786
-23.2163735324878009635
36.0555127546398975453
0.790569415042094887042
-6.54790042685439786199
15.9099025766973207788
-29.3150984988964364958
47.165930500733265555
-2.29128784747792010693
12.9903810567665802684
-28.7228132326901440673
49.9599839871871919266
4.50000000000000018531
-21.5580611373100997536
45.0693909432998665362
-7.41619848709566397198
32.2490309931942030998
11.0397010829098111731
1.36930639376291540632
-9.05737293608690203068
21.5140665776696835654
-39.3230426008040507506
63.0190112506861565668
-3.50242307804093805605
17.742370309571662171
-38.6454393028308217512
66.8380375832177337375
6.57342028629401145341
-29.2417307415505434485
60.4557265984417439172
-10.5817933232312558137
43.5538707238714253818
15.5273607122777584326
-3.31787548666547346721
12.5452178360200470979
-26.0068640641412448386
44.1064018500246826568
5.61185011468791164214
-20.2194315012456118974
40.2643214583443386224
-8.50339031471270724758
29.6857141873226468283
11.9925198415605837148
2.3599693981419181673
-1.37627904171524011329
-0.112015542191316970719
-2.77917289667800057785
1.22326995291726795264
3.14551077268971134205
4.40153805893599813514
-28.0834690973852017612
-7.36853063387524812116
-15.3670128223918385551
0.0
2.23606797749978984926
-6.61437827766147711199
13.500000000000001786
-23.2163735324878009635
36.0555127546398975453
0.790569415042094887042
-6.54790042685439786199
15.9099025766973207788
-29.3150984988964364958
47.165930500733265555
-2.29128784747792010693
12.9903810567665802684
-28.7228132326901440673
49.9599839871871919266
4.50000000000000018531
-21.5580611373100997536
45.0693909432998665362
-7.41619848709566397198
32.2490309931942030998
11.0397010829098111731
1.36930639376291538809
-4.39295242058902892753
9.17316988343461199973
-15.9344003657668850629
24.8798091224559341611
-2.55030222731264932614
8.02593820873306413101
-15.9680529321093570095
26.6148554062446363246
4.08018264674650683476
-12.7034632144096747612
24.4977419932204204185
-5.95920702063571434187
18.4274651266321056821
8.1874678404740033133
0.369672711782026528436
-9.20227011162055567243
22.3110962989394018683
-40.0886787061853360761
-1.75174657755012637825
15.9519264730423618543
-35.6250543810942680482
3.73217464602039714958
-24.4988559120686858736
-6.31060128168271832501
-6.92730549748835180908
23.8847950332965092213
-47.1334192919394452109
10.3765421486734046307
-34.946932986362856447
-14.5175990501798040643
4.69065057995097406214
2.07470246721768083497
-4.93108413031778098866
12.6916168843322328842
0.0
2.23606797749978984926
-6.61437827766147711199
13.500000000000001786
-23.2163735324878009635
36.0555127546398975453
0.790569415042094887042
-6.54790042685439786199
15.9099025766973207788
-29.3150984988964364958
47.165930500733265555
-2.29128784747792010693
12.9903810567665802684
-28.7228132326901440673
49.9599839871871919266
4.50000000000000018531
-21.5580611373100997536
45.0693909432998665362
-7.41619848709566397198
32.2490309931942030998
11.0397010829098111731
1.36930639376291536641
1.15258207138509862652
-5.49893526925984467039
11.8723811634489050431
-20.4639286892920109894
-1.41832473928423694105
-3.52593820873306373418
10.993115746576257056
-21.206528493048651762
1.11596977596012532026
6.95890056787164597513
-18.252743994822022325
-0.463409268696850643161
-11.4453451047476345455
-0.538938570084825610984
4.75380267119777282866
-14.1734062207641675376
27.8068940508782648507
-46.0632407524612838534
-7.49192011913479273412
22.2979270960296473687
-42.5238843925093470143
10.827219035148189582
-32.2119823474385695231
-14.7599079567657138215
-0.135440569317877338525
-16.0766354689116312608
38.6450549287889547332
-1.64675436610853809941
25.456653119467252172
4.12151832990810897954
-14.5892994961095317199
23.0342179329912408654
18.028914699647372887
-12.6916168843322328843
0.0
2.23606797749978984926
-6.61437827766147711199
13.500000000000001786
-23.2163735324878009635
36.0555127546398975453
0.790569415042094887042
-6.54790042685439786199
15.9099025766973207788
-29.3150984988964364958
47.165930500733265555
-2.29128784747792010693
12.9903810567665802684
-28.7228132326901440673
49.9599839871871919266
4.50000000000000018531
-21.5580611373100997536
45.0693909432998665362
-7.41619848709566397198
32.2490309931942030998
11.0397010829098111731
1.36930639376291534817
5.81700258688297172966
-17.8398319634949162361
35.2610233984860707308
-58.6031308175222333951
-0.466203888555948211141
-13.2423703095716617741
33.6705021172977217978
-61.4297106700217491748
-1.3772678635873792984
23.4971680950125146624
-54.2107286000433458238
4.15917703389869082865
-36.5717507019869542453
-7.87883144188858073032
8.44135086964527234057
-0.788491542257571747186
-11.2658937070113001175
28.0812775648530074509
-9.7845912830017301429
-3.19802509363507654895
21.760101818662188615
10.5271205853211180101
8.99736769486466980595
-10.6704282612436468044
20.5772845350518537551
-23.9818092974538805775
27.6791639336807181573
-25.5720317562354479278
29.5977389216798765566
30.6172128386778260478
27.745706318509548794
-53.4612555409135725467
-35.1685028232138335526
15.3670128223918385552
0.0
2.23606797749978984926
-6.61437827766147711199
13.500000000000001786
-23.2163735324878009635
36.0555127546398975453
0.790569415042094887042
-6.54790042685439786199
15.9099025766973207788
-29.3150984988964364958
47.165930500733265555
-2.29128784747792010693
12.9903810567665802684
-28.7228132326901440673
49.9599839871871919266
4.50000000000000018531
-21.5580611373100997536
45.0693909432998665362
-7.41619848709566397198
32.2490309931942030998
11.0397010829098111731
1.36930639376291533924
8.10092587300982617524
-23.8825249921359896033
46.7132208266567767251
-77.277907580368672682
1.10151559477437244763e-16
-18.0000000000000023545
44.7744346697979030259
-81.1249036979397761543
-2.59807621135331629384
31.5950945559591602457
-71.8174769815815831992
6.42261628933256534156
-48.8748401531912992946
-11.4727939055837670842
10.2469507659595983371
11.6189500386222538397
-44.9583140253279591575
90.7675602844981399569
-10.0623058987490531347
-25.9566947048348260659
76.5914486088362322928
8.29156197588849816297
45.0693909432998728194
-4.9371044145328722596
35.7176426993719709614
4.38748219369607602791
-62.0060480921014973794
-39.2428337406971620708
-21.3307290077015619063
40.8916250594177199759
88.9943818451479497694
-24.1867732448956092906
-99.3573097461882651147
183.072731448460088146
0.0
2.23606797749978984926
-6.61437827766147711199
13.500000000000001786
-23.2163735324878009635
36.0555127546398975453
0.790569415042094887041
-4.5699648407737068038
10.6767769066230228871
-19.3972045969457913181
30.9930994141049263933
-1.21463608525781208278
3.43721803592351555773
-6.64668826946142120666
10.9393399314778733152
0.145227927147328482206
3.12015725396820399141
-7.67178149566982289916
2.49109218257840713624
-12.8592172914453635923
-5.25006625617617835087
1.36930639376291541525
-10.1993345791503292587
24.535413091990220255
-45.0491413148894037543
72.3563996321093762174
-2.57001530092904142374
9.46908844702747841123
-19.5269542675549390882
33.0451685589432116179
1.04211686354791097977
1.88652610061700410983
-6.01487651658797647908
3.62097378144587296599
-20.3484824716414921017
-8.95504886547240792713
-4.52160875087502440899
23.2259787933912145372
-50.6887221129209815935
87.7328081672192496849
3.66433683840466338005
-9.18299672394885231002
16.6777521010294144591
2.412001079354236265
-18.745401682318508612
-10.7148415240938315435
9.27295575082437240279
-40.4094862643131822476
83.2717876748039160186
-2.71555677368390621417
0.433891811054499785551
-9.46258838823855835726
-15.2928201084003827023
60.641243004923129605
-1.30330765884733071707
22.2109412908123010241
0.0
2.23606797749978984926
-6.61437827766147711199
13.500000000000001786
-23.2163735324878009635
36.0555127546398975453
0.790569415042094887041
-3.92583222301335768956
8.9725621886841123808
-16.1673527217430908793
25.7262706570228049049
-0.864014698547578168398
0.945268714429351930658
-0.997451558521693876951
1.02227123549627374855
-0.870809744044415859144
7.211191578530268836
-15.990762159574057323
3.60996516435837644781
-14.8973257910351393069
-4.76484000539055577511
1.36930639376291540123
-6.79974087225020748831
15.5409335848722913453
-28.002676337946009367
44.559207867231864739
-1.49651735637071283819
3.8198698419728827159
-7.15682652692309646533
11.6075449080855364909
-0.752206220149162743431
6.33278503137694310747
-14.0609716884547063849
4.34007212296568686366
-17.0041320073217633901
-6.04922827362081255124
-1.9319955995113738021
3.80433249751533488807
-6.4358017857407744512
9.90551281347894885907
0.0050016741182822770779
0.226466072721979536561
-0.548841586413769991271
2.07569689493342951074
-4.57974281532688989523
-2.79442700091601723448
-1.14901398068338419754
9.67348892205604152619
-21.4784890356582310309
0.369211693277834529986
4.5201644003015841976
2.56748942234486635533
6.09750968223907162281
-22.2804921988558041544
3.74862760318607969146
-7.43885585760243626855
0.0
2.23606797749978984926
-6.61437827766147711199
13.500000000000001786
-23.2163735324878009635
36.0555127546398975453
0.790569415042094887042
-3.75705478749547512668
8.5260190673845551795
-15.321057872563211027
24.3462414108359854146
-0.772143899188844266325
0.342615106310520607436
0.357672686738814812919
-1.3495551831621258783
-1.10436791019779872874
8.00917339020413046266
-17.5624146964760077877
3.76524717615182393721
-14.767109489615743535
-4.38326234676413303644
1.36930639376291537725
-1.62018517460196432094
1.83711730708738146986
-2.03100960115898585022
2.20794021658195480281
-0.339791919268776165283
0.385287821097650331646
-0.425951712958160725733
0.463058331593123968669
-1.07060677611288746156
1.18360032479282424685
-1.2867092090447344973
1.78394708344942831357
-1.93935494325304641764
-1.17209217100959658419
2.13712404949217548052
-10.5097046096722453868
22.7937766669326353791
-39.3574733965788240674
-0.718729311422459835289
-1.27341779030016995669
4.08213854846773192111
-3.23365419574177989349
15.9927108972541035139
5.98366463657893069838
-4.14306440713512354051
4.58033004024781197651
-4.97934371915849073402
-2.51833547769044533125
2.73771929825682984165
4.90304545334980418533
-4.84416678153980541921
18.4460230317518211285
-3.54614803514376653971
6.65066722708745826274
0.0
2.23606797749978984926
-6.61437827766147711199
13.500000000000001786
-23.2163735324878009635
36.0555127546398975453
0.790569415042094887041
-3.92583222301335799121
8.9725621886841131789
-16.1673527217430923919
25.7262706570228073713
-0.864014698547578332596
0.945268714429353026426
-0.997451558521696345349
1.02227123549627807176
-0.87080974404441542959
7.21119157853026731212
-15.9907621595740542979
3.60996516435837612196
-14.8973257910351393211
-4.76484000539055637869
1.36930639376291535326
3.55937052304627701314
-11.8666989706975235552
23.9406571356280284741
-40.1433274340679401434
0.618027402556543250564
-2.82375586466106458794
6.05558108986580017109
-10.410364900950828014
-1.11561339059003852148
-4.26783275641373884005
11.8161318951755761501
-0.804933228576495222973
13.1610308562140217192
3.26732364806140214799
6.25760103662406631239
-5.48179723268988100057
3.83040090414419972269
-1.25502615080955044603
0.971094054517111265513
-0.841589240146092698367
0.612256951707244177963
-6.12306251145369847386
4.33324834390334048308
5.94766810215156979118
9.56248821950581513082
-18.9749346665543772387
31.5902266266147789495
3.80668611826140178454
-9.05984393365910060798
-12.2364590829932119907
3.85791857398695248962
-19.8457999779094168908
1.84697629152657402686
-9.92824062413392161148
0.0
2.23606797749978984926
-6.61437827766147711199
13.500000000000001786
-23.2163735324878009635
36.0555127546398975453
0.790569415042094887042
-4.5699648407737070193
10.6767769066230234572
-19.3972045969457923986
30.9930994141049281554
-1.21463608525781220008
3.43721803592351644233
-6.64668826946142322326
10.9393399314778768624
0.145227927147328855185
3.1201572539682023318
-7.67178149566981946787
2.49109218257840661259
-12.8592172914453621397
-5.25006625617617819859
1.36930639376291533924
6.95896422994640016141
-20.8611784778154561103
40.9871221125714297702
-67.9405191989454628878
0.932407777111896752323
-7.6122160528210025298
17.4741045958376810523
-30.8134856825082077448
-1.66499681293401524813
-1.19790640676724555221
5.2662679845979676223
-0.769900223046574199336
17.249038743541424365
5.17936363262472965506
9.04321750175004857873
7.84491157528572307762
-33.6843125003571797171
69.247065991806737389
0.50840432990915658724
-5.69398205916062330077
12.8847932739346786568
-5.99071601336620366447
-9.61068514183978861898
4.3503715700892937412
27.8188672524731161207
-0.597066966423835906062
-38.692964428529377526
5.34032929617335956607
-3.28732037607785389178
-22.7751880539491607539
61.1712804336015297628
-22.4839980648931584292
25.3037829541810719636
111.054706454061507905
0.0
2.23606797749978984926
-6.61437827766147711199
13.500000000000001786
-23.2163735324878009635
36.0555127546398975453
0.790569415042094887042
-0.530458180419241917686
-0.0107531360639487272353
0.857953738622045095536
-2.03641850901197280632
0.984192832618319590846
-7.16261773868852306756
16.2745979068816375837
-28.5931028425688170046
-2.96095488176106398091
6.76966330648059068332
-11.9203299321701989242
-0.426190239289469927543
8.84712382336290073982
5.95482825092779470943
1.36930639376291541525
-7.86712432140139271796
18.3649647448726844844
-33.354820197370820924
53.2867985679942650292
0.286347251255824721405
-9.42707071056824937245
23.0008482192926970808
-41.4141133340088883703
-5.39650283392557946872
17.1591499255899186667
-33.2557707176724767714
1.39375603050871431115
8.96810265668243016504
9.6585150497123637476
-3.29242601805919104685
13.3294675169339414655
-27.9975387608549922086
47.7363422907036129975
-5.08838703608545584375
28.6204699738820454768
-61.1116323603522528346
7.00548548967285009771
-10.2981186257877802933
8.66096594296607932861
4.91659319863950550139
-17.0786211576324076543
33.7553094358064163714
12.1678348559421268635
-50.8670503999933863662
-1.63233851952497167076
-5.90414089512094546498
18.7923228644408783567
-19.4801466996466541857
6.24394604277028110453
0.0
2.23606797749978984926
-6.61437827766147711199
13.500000000000001786
-23.2163735324878009635
36.0555127546398975453
0.790569415042094887042
0.475405873707510065713
-2.67201927602254717457
5.90162302634782252015
-10.2609883878207034316
1.53171587333338235578
-7.94171230201271683935
17.3546255954544319055
-30.0525272259130922737
-2.52609197754944958351
2.25168636503874921474
-1.74206887232680423598
-2.88498427212447588146
14.4894970378671689436
5.77361818551217227985
1.36930639376291539364
-4.06379747668200949531
8.30230775904922352855
-14.2839301310708010029
22.1884336567436340323
1.65540917049251024051
-6.78915016777797414997
14.2938412929173719016
-24.3944446215437378716
-2.87643887671034663855
5.71895370384702211444
-9.52928876937875847687
-2.51609465034090090107
10.7316286506173131234
5.60193633121790626037
-0.438669481501275108469
-1.24754499323453687015
3.79060560980718559633
-7.26657507464524204695
-1.35454364339161601029
-3.8482442638687361998
11.1572122865382408723
-1.87372444304030807764
-0.35807747821468754459
-0.411610849841392687888
-1.88614741803449646534
5.96349540134034777184
-11.5423660983798435581
-5.98717543430996701873
22.0875080475450361399
-2.90811685769848211625
1.90080478422755488424
-3.49952648589105178097
7.99186256053173073533
0.156954018453910214823
0.0
2.23606797749978984926
-6.61437827766147711199
13.500000000000001786
-23.2163735324878009635
36.0555127546398975453
0.790569415042094887041
0.475405873707510054693
-2.67201927602254714541
5.9016230263478224649
-10.2609883878207033415
1.53171587333338234978
-7.94171230201271683487
17.3546255954544319037
-30.052527225913092276
-2.52609197754944959091
2.25168636503874926929
-1.74206887232680435577
-2.8849842721244758556
14.4894970378671689032
5.77361818551217229622
1.36930639376291536086
0.823427127478080432081
-4.62807314487445947408
10.2219109287528271897
-17.7725532235797209815
2.65300971537315331729
1.90386234668032435583
-8.89295239442611530982
18.5230593767546377685
1.04922499451337121347
-3.69889275085501685693
7.33325098821182436303
-2.36085825582241555497
-5.42982187936940226586
-2.63486106458959106568
3.42502081498890041185
-5.62855799358585687835
8.63399771775200827557
-12.5318974117255749866
8.35760066600067757042
-14.5854237918819308296
22.8297570539447935874
1.81381087458008882584
-4.36685100798740604536
-9.73080066159297353369
1.60271765279904949622
-5.65015200610551649352
11.2017259145301357991
5.02233023070211911606
-21.0386107274110912319
1.9789762018169482615
-2.13234371948691017718
0.884968188933202210901
-9.24294871010526673626
-2.93805204033249931927
0.0
2.23606797749978984926
-6.61437827766147711199
13.500000000000001786
-23.2163735324878009635
36.0555127546398975453
0.790569415042094887042
-0.530458180419241917686
-0.0107531360639487272353
0.857953738622045095536
-2.03641850901197280632
0.984192832618319590846
-7.16261773868852306756
16.2745979068816375837
-28.5931028425688170046
-2.96095488176106398091
6.76966330648059068332
-11.9203299321701989242
-0.426190239289469927543
8.84712382336290073982
5.95482825092779470943
1.36930639376291533924
4.62675397219746241695
-14.690730130697917155
29.2928009950528409043
-48.8709181348303418576
2.83664947856847387375
5.88592527097550639595
-19.0859646355569434796
37.158186181899853759
2.24546517763572533835
-13.6755467235251494602
29.4686947707821626849
-3.89478678322638012189
-6.24919557781761167893
-4.87733898608989503904
6.58485203611838120271
2.12968693339544725654
-15.6157154508867141389
34.2758812347389326065
14.3320537327703741217
7.15036487601007036611
-37.7711673656119229515
5.08567116867338247263
-8.21106042316488941025
-11.5485159068111131195
14.7497795959185117886
-4.66337202463496606223
-10.1192709314167651407
41.7104674058184692249
-7.70483931289415933839
27.0229478102012538059
23.6165635804837692873
-13.3000663573156311346
83.5684484990665939619
31.2197302138513809297
0.0
2.23606797749978984926
-6.61437827766147711199
13.500000000000001786
-23.2163735324878009635
36.0555127546398975453
0.790569415042094887042
4.27211556719318357982
-12.7171689252939080341
24.9393329404068193734
-41.3052473565267043477
3.59838286233752051576
-4.1984048679021420354
4.80488570055086821738
-5.43658959904582622556
3.45675423905345133297
-14.6958074069383795291
30.1618574982801050913
-4.36282965686778699934
-3.64091031225846179926
-10.7074292162945878027
1.36930639376291541525
-5.09435707541432895377
11.0289121685254561639
-19.4514294327629258871
30.6149296621202924715
3.68227971534106178243
-18.411863479708570995
40.0289547531994005212
-69.1813685013404747318
-0.20913031004941089255
-19.8951944415351222158
47.8839965557704506562
-11.9637852091425785711
11.5401568396287137805
-14.7346814619447106685
-1.83104936492060881495
5.04424066836125422359
-9.67821292105877985468
15.8720113772318866879
-7.95847380687778928058
25.3668202600221864032
-49.1907360244925153239
-12.1631316129213094343
51.7989880203103233664
-0.3205970229071040268
1.52066073455426796647
-3.68387982717382526396
6.61743100351112425579
8.76717130987566407028
-23.5036969811028576596
21.4151978144828832949
-1.01556750616214146394
2.28773592335034462162
-7.23159909861017145087
0.59730376663228710933
0.0
2.23606797749978984926
-6.61437827766147711199
13.500000000000001786
-23.2163735324878009635
36.0555127546398975453
0.790569415042094887041
5.0454214059462594809
-14.7631438620287615422
28.8168936236186112443
-47.6282766788510238751
4.01931724457307647767
-2.14050463699063498005
-0.973662957593162428765
5.41574279417493039208
5.51676102382233837627
-15.7311005680369327756
29.6669345753581683699
-1.43704453187567167139
-12.7141536043664801343
-12.2865308550378741687
1.36930639376291537725
-1.62018517460196497635
1.8371173070873832039
-2.03100960115898913661
2.20794021658196016183
4.84711692041105585482
-5.49611397731181852481
6.07618262259039624777
-6.60550692033069303954
6.99769115446040315905
-7.73623865271135523251
8.41017808908925686289
3.39130107617561052201
-3.68673295702439259853
-4.38050229783347620176
0.797869945867106602143
-2.0317977442236621824
3.80380443976129394545
-6.16707668201826567438
3.82770254412523058753
-11.1016942000228589805
21.0309996707829735838
7.29088945894445305315
-26.4210676093019381449
4.31430897089889515839
-0.577466020654974366847
0.638412706564056985442
-0.694027782436552082052
-3.70936997276920229233
4.03251030245500402131
-11.308659594974818936
-0.252072931315826811793
0.530079495268226351825
-1.95005025852130700058
0.129203630593265196413
0.0
2.23606797749978984926
-6.61437827766147711199
13.500000000000001786
-23.2163735324878009635
36.0555127546398975453
0.790569415042094887042
4.27211556719318357982
-12.7171689252939080341
24.9393329404068193734
-41.3052473565267043477
3.59838286233752051576
-4.1984048679021420354
4.80488570055086821738
-5.43658959904582622556
3.45675423905345133297
-14.6958074069383795291
30.1618574982801050913
-4.36282965686778699934
-3.64091031225846179926
-10.7074292162945878027
1.36930639376291533924
1.85398672621039865276
-7.35467755435068883453
15.3894102304449458674
-26.1990492289563692999
5.100604454625298424
8.45300891930131278102
-29.019026780335854262
57.2123149138615556552
10.3970505722982743351
8.63202480688890024077
-35.639640257144848232
12.5926064725902112668
-12.2237576240935545233
3.50522693439193682325
3.66209872984121713439
-1.18440380603362812018
-2.79218736302936476741
8.38611236754315407415
17.2021405035627070407
-2.44928546083707422179
-18.9514410183371064747
37.4823242928007518502
-2.17131256430491195261
46.133449901519142049
4.56198220366280244093
-3.04073495941648936093
0.692995997849070437037
27.1971602832613443425
-15.5936534409054741721
75.8206978353871473688
4.06227002464856369314
-3.23245545888061823544
29.466677979836661061
2.98651883316143319406
0.0
2.23606797749978984926
-6.61437827766147711199
13.500000000000001786
-23.2163735324878009635
36.0555127546398975453
0.790569415042094887042
8.31162222754764846593
-23.4046989679808796484
45.194491275974655787
-74.3347652796436035472
5.79721178021365250987
11.3879061858049050158
-37.4110459241232022528
73.0503364973239661657
17.3589727155602866249
1.48936205613418152242
-28.5975024477600239137
31.9627216619615097314
-24.5960272128532862356
39.4418701093024715639
1.36930639376291541525
-2.76214681766539241298
4.85846382140792039325
-7.75710831524434305676
11.5453285980051812834
6.53864226752592785818
-14.6301542567506623
26.1462718925262458289
-41.4328788139055196734
14.9558211258403467765
-39.3624201104380113831
72.5716246576691964886
19.7942879758531299594
-69.980977243514388514
9.66062712319666455924
-0.601866632104775452813
1.00312982959518098315
-1.55215425582115938554
2.26547864630363562924
-4.03388386044015820689
7.10909589971426748266
-11.18473444406580205
-13.8374789078827819201
26.1770138833786951546
-31.9501580874794254941
0.16429818236940184978
-0.252763462625454868223
0.367568070081506087133
1.40196747821470315125
-2.24431945746377993402
6.1847387544515283993
-0.0360669516035296437342
0.0530267971709751845295
-0.372749327521078192169
0.00697262176294539859131
0.0
2.23606797749978984926
-6.61437827766147711199
13.500000000000001786
-23.2163735324878009635
36.0555127546398975453
0.790569415042094887041
8.31162222754764873252
-23.4046989679808803537
45.1944912759746571237
-74.3347652796436057271
5.79721178021365265499
11.3879061858049064392
-37.4110459241232060209
73.0503364973239731248
17.3589727155602877988
1.48936205613418478079
-28.5975024477600333996
31.9627216619615141523
-24.5960272128532828324
39.4418701093024821962
1.36930639376291533924
-0.478223531538536962691
-1.18422920723315551212
3.69508911292636767691
-7.12944816484126567786
7.0048461560818760795
-0.726718137455811220511
-9.16861066420969749471
22.9762151978825798599
20.1993955992398128913
0.496865676865488748165
-30.3203124902273341482
43.4530108483432824021
1.22391445836978123083
76.320197918388470965
1.20373326420955143373
-1.04422801023269783143
0.711284999612713651972
-0.195139243937230503659
8.20662502875398199123
-6.42329584310803308426
3.52652636852159084177
29.755216359000092718
-21.2132421617074214831
76.2637974409698243516
0.492894547108206190549
-0.473790436916799659265
0.422279291249709675713
4.23771049614116231548
-3.88665688112470346287
19.1470499221407700975
0.144267806414118951096
-0.143017753503491718802
1.49730428377325024218
0.0348631088147271443902
0.0
2.23606797749978984926
-6.61437827766147711199
13.500000000000001786
-23.2163735324878009635
36.0555127546398975453
0.790569415042094887041
10.2895578136283395241
-28.6378246380551775401
55.1123851779253009647
-90.5075963662719427089
6.87386354243376079775
23.38268590217984332
-68.9347517584563440849
131.144957966366376058
27.0000000000000044452
36.4828726939093973562
-126.194294641239625009
74.1619848709566462484
40.3112887414927460904
165.595516243647165292
1.36930639376291541525
-1.62018517460196519548
1.83711730708738371566
-2.03100960115899006624
2.20794021658196164711
7.93725393319377275469
-9.00000000000000104345
9.94987437106620018312
-10.8166538263919694255
25.980762113533163798
-28.7228132326901472724
31.2249899919919941005
64.2261628933256628115
-69.8212002188447254556
133.849262231810633007
0.0
0.0
0.0
0.0
0.0
0.0
0.0
0.0
0.0
0.0
0.0
0.0
0.0
0.0
0.0
0.0
0.0
0.0
0.0
0.0
0.0
2.23606797749978984926
-4.28335883488173459361
4.13763258130470035779
-0.893604794014855826545
-4.36817443371636255782
0.790569415042094887042
-5.22927670280060324146
6.67314625194073047393
-3.10530056042239657017
-4.34675694148665517552
-2.02212490692289296169
8.23217921147645658356
-7.05699360931312352271
-1.24820368991993057478
3.50484783359821570472
-10.721584806072805043
5.20921902778392665427
-5.0976067028001249693
12.4018145337344353838
6.69685077293058161031
1.36930639376291541525
-9.05737293608690103365
11.5582283546991692335
-5.37853834342369936793
-7.52880387080758440994
-3.50242307804093786073
14.258552651289521238
-12.2230714800192026993
-2.16195220913626842434
6.07057452058981981404
-18.5703296217766073538
9.02263202387631236047
-8.82931380625347799709
21.4805728784741674379
11.5992857894226722548
-4.52160875087502414012
18.4077123198219753801
-15.779917427205738519
-2.79106830042703403443
7.8370780067184823588
-23.9741924529076942513
11.6481678558102267073
-11.3985951100196464869
27.7313003417750551004
14.9746135634447860025
9.27295575082437130001
-28.3666470573573245019
13.7822980723819389662
-13.486999617225076753
32.8121170622077798717
17.7182017124850022865
-15.2928201084003799743
37.2054436012033184773
20.0905523187917490728
22.2109412908122957412
0.0
2.23606797749978984926
-3.52424126487876021912
1.83934166719593994599
2.53037596438124982623
-6.68501593798071426122
0.790569415042094887042
-4.79985495762703775674
4.19590180246554286569
1.56794938226372939885
-8.46045686857112915256
-1.93446956024533459906
6.86836512643851354568
-2.3526755863629432343
-7.31350093019025677721
3.20757641101352403723
-8.0034138448948187358
-1.61563167170897785002
-4.46301236945272406727
8.07377378941615184672
5.60901121937442619847
1.36930639376291540123
-5.28588908892902441406
4.24684114715627746532
2.1421269811154600959
-9.45964185275846283175
-2.73257216148379963984
7.33545564450775927217
-2.02022135993459521825
-8.41645586385695188318
4.18933651572842971026
-8.32752953429760821524
-2.44377101540732874977
-5.59138877564830048873
8.15204219845068677391
6.84793113464164782188
-1.9319955995113738021
1.07512970410576676356
0.8353836680754213142
-2.62500859541291874291
2.36856062529042142091
-0.714671541596286819893
-2.00850089008100719136
-2.71476006631067030684
0.113085474962891853225
2.97384996806141783747
-1.14901398068338419753
7.6952995994531261569
-0.179129121483694316519
2.13855801235958649293
-8.32788643606992049435
-3.09475301843805834666
6.09750968223907162281
-9.89319576052064167176
-7.55937520644653730606
-7.43885585760243626855
0.0
2.23606797749978984926
-3.32533514960214351403
1.2981152006552506004
3.17101121139982693317
-6.76242991511501022178
0.790569415042094887042
-4.68733666728178271544
3.58992533716720876177
2.52385480353276362209
-8.87109783327919932681
-1.91150186040565112257
6.52610291707265869555
-1.29031025425023312164
-8.28336913110848515132
3.13186231057222728919
-7.35173668142033140269
-3.01013498701832535175
-4.30592602803538111396
7.08576286373961069228
5.3473376479424206627
1.36930639376291537725
-0.00888969345139707206129
-1.01273773679882585192
1.13197156197627396624
-0.399770182403525268326
-1.65540917049250960447
-0.61195370724780368572
1.55060277293043269532
-0.995401907470366631873
1.80818154807371840544
1.31439944683142056064
-1.81084985802820202251
-1.86452066354763181544
-2.00470459304425539146
1.85237209829242502921
2.13712404949217548052
-7.29640487536706861795
1.4426107202842784882
9.26108822994097076733
-3.50152851130452998878
8.21949148616728761674
3.36543322621171198008
4.81417165238638882588
-7.92212371788267280513
-5.978505239721544562
-4.14306440713512354051
-3.01166747925653449742
4.14917827330713621441
4.27215353775815636893
4.59335527182547149746
-4.24431767782460841768
-4.84416678153980541921
7.97148322170705802946
6.01575485393522397628
6.65066722708745826274
0.0
2.23606797749978984926
-3.52424126487876057462
1.83934166719594093593
2.53037596438124859083
-6.68501593798071395261
0.790569415042094887042
-4.79985495762703795784
4.19590180246554396474
1.56794938226372759458
-8.46045686857112819861
-1.93446956024533464011
6.868365126438514163
-2.35267558636294519445
-7.31350093019025483289
3.20757641101352417336
-8.00341384489481992254
-1.61563167170897522002
-4.46301236945272435139
8.07377378941615366454
5.60901121937442667457
1.36930639376291535326
5.07322230636745986019
-6.08821885260293623106
0.179447669791174867181
8.31235064021476300806
-0.618027402556543319882
-8.26940392463611395273
5.00992548390961417981
6.12774858158729352251
-0.485546307038525970196
10.60943164593100708
-1.23057865964620959685
1.72630668629806101203
-11.80229951720427539
-2.96189416976950126716
6.25760103662406631238
3.35790314422418558021
-6.47210574352746455543
2.96909153554160810447
-6.68431103373334780368
-6.29213835021974194858
6.97241167904671559217
6.73234415260127877873
9.0351110668975786979
-6.5244725402357025949
9.56248821950581513078
-2.51176501731138493946
-8.16746844307526788837
-10.9184204660660781976
0.036016706420875764975
11.9222162528171839818
3.85791857398695248955
-12.008308362252492664
-5.3076419620616039754
-9.92824062413392161155
0.0
2.23606797749978984926
-4.28335883488173484758
4.13763258130470118841
-0.89360479401485724809
-4.36817443371636115313
0.790569415042094887042
-5.22927670280060338513
6.67314625194073134635
-3.10530056042239841872
-4.34675694148665302642
-2.02212490692289299102
8.23217921147645705511
-7.05699360931312527499
-1.24820368991992785217
3.50484783359821580638
-10.7215848060728060153
5.20921902778392936568
-5.09760670280012519109
12.4018145337344369873
6.6968507729305819988
1.36930639376291533924
8.10092587300982717843
-12.5069882129577199374
7.50498005434532698823
5.41480747129533920448
3.17513921572600412935e-16
-14.0193913343928661701
14.3898514492421106455
-0.72022708842724282129
-2.02352484019660728482
19.3520737842323287113
-12.2990261907219424619
4.4146569031267401462
-23.4466673948689202406
-6.95957147365360505272
9.043217501750048041
17.4814445224241936296
-24.1718201629018730615
8.37156411982022465835
-7.83707800671848117222
-27.0018745750935644662
24.3375878996144662315
5.69929755500982087363
35.3459516608416511247
-2.99492271268895349271
27.8188672524731128124
35.5314506544437104632
-43.8109466245456592159
-26.973999234450150068
-50.8316709518408639169
24.8054823974789971186
61.1712804336015188507
71.2591995499860219181
-60.2716569563752417629
111.054706454061481491
0.0
2.23606797749978984926
-3.52424126487876021912
1.83934166719593994599
2.53037596438124982623
-6.68501593798071426122
0.790569415042094887042
-2.17778675378599788596
1.57992141804161227528
1.07116169264619216872
-3.96206172090575829079
-0.507196411314992819038
-1.1443178811690334541
1.00480837356314360358
0.464843528268819938404
-1.07192513214292695244
3.88440318571069044928
0.350027381508482746432
2.35712108113942590807
-2.68783629987879250372
-1.763248706121985323
1.36930639376291541525
-6.79974087225020734755
5.75717812629821451456
2.42894748744623748812
-12.0567915021843711177
-1.49651735637071297277
0.396268607447722350354
0.887445042160170431982
-1.68021196344547843057
-1.24636049373692141815
6.26580977807223990456
0.132409584382862019963
4.02623912820545521285
-5.61882108189362455568
-3.56117898870519420715
-3.52773549124558680001
10.0335816476897371965
-2.91839751580453380746
-11.3214620761745617899
0.454709353227806379084
4.60172185530643744931
-1.12943143736458346829
4.53461279945490512164
-8.99380104146195973432
-5.67884498736331873467
5.64448411042208849977
-10.8446285476826794802
-3.35153378387332976088
2.28676296536241839643
-9.48150595610268934985
-7.56249157437796362234
-7.26267618414986772943
9.44988844835753726783
-6.02487712047773741991
8.2296070522489889457
0.0
2.23606797749978984926
-2.86731792129633246191
0.148125889673632246458
4.27912477042107675693
-6.30660449440008094104
0.790569415042094887042
-1.24875685185224777852
0.20449485678798619436
1.70689939100315473318
-2.69406096958219533851
-0.127921542060729007297
-2.26511305305438217759
0.431665839671676996736
2.84449239476442787348
-1.52501819855869263483
2.88158179625722308767
2.86098464455306912772
1.91035056650062148015
0.381672356810451710192
-0.171932665633307514496
1.36930639376291539219
-2.16291031370785470574
0.354195481843313435615
2.95643646862583907822
-4.66625047800463416034
-0.221566610231741626686
-0.714042592379183697681
0.301985303855035964735
0.693340020902813132732
-1.52969278029197652042
1.52858368034293353873
2.43655504302901478805
1.82940872085129882397
0.350406734954008793879
-0.214368145643350515896
-0.286041263834388425661
-2.5790737190941444248
0.620010474954146219516
3.08125021331291068528
-0.539605416354855466121
-2.49662668765535142192
-0.106198078624356052331
-0.366696674715993259067
2.35505040910558846777
0.745749179719132629902
-2.3366443185718119053
2.33495014041522476208
3.72189930653561484253
-2.04805602519737923526
3.17986881418199297273
2.85620257733902720921
2.07044763210497144966
1.76023365814436592749
3.02208597836462451628
0.706974737876202625364
0.0
2.23606797749978984926
-2.86731792129633256094
0.148125889673632480606
4.27912477042107657
-6.30660449440008112203
0.790569415042094887041
-1.24875685185224791859
0.204494856787986357562
1.7068993910031547342
-2.694060969582195609
-0.127921542060729064482
-2.2651130530543820584
0.431665839671677168541
2.84449239476442751945
-1.52501819855869258585
2.8815817962572233183
2.86098464455306882498
1.91035056650062158231
0.381672356810451305294
-0.171932665633307743149
1.3693063937629153623
2.59389432790628621553
-2.72497511755020055285
-0.970349102173059095316
4.7325067855716351829
0.749412071273029124697
1.01969069274601969387
-0.827624347098695054748
-0.50431962192247415282
-0.711379711843806217418
-3.72953614199980622252
-0.279380365715984105686
-0.471271438701927847079
1.51879353511598701082
0.776871242198182494974
3.47454299915602437409
-0.401513199799403149071
-3.12485437646649560777
4.42790788161486637647
1.97482488762818271126
-0.0272101084790262080262
-2.52649701971371030847
-3.46518408862839025604
-1.9093885301801902475
0.943000629138723261411
1.28898123382930510953
-3.36385779665687120079
-2.71345701620685440356
0.897702294234226592565
-4.76309720563694717314
-2.17101144870884811648
-2.98423673425253458686
-5.19651328260775325122
-4.59864847424535303046
-3.43451977271347049965
0.0
2.23606797749978984926
-3.52424126487876021912
1.83934166719593994599
2.53037596438124982623
-6.68501593798071426122
0.790569415042094887042
-2.17778675378599788596
1.57992141804161227528
1.07116169264619216872
-3.96206172090575829079
-0.507196411314992819038
-1.1443178811690334541
1.00480837356314360358
0.464843528268819938404
-1.07192513214292695244
3.88440318571069044928
0.350027381508482746432
2.35712108113942590807
-2.68783629987879250372
-1.763248706121985323
1.36930639376291533924
6.587074089688643142
-7.59855583174487264576
-0.107372836539604604899
10.9095002896406733114
1.23605480511308662151
-0.468870106712399819334
-0.655037095835193294766
1.50229677948269402577
-0.601660330495377586896
-7.40437389308722224057
1.70092176874795023078
-1.92849804822315893081
7.59996780867445299406
2.84670709387368143398
7.05547098249117264535
12.9835514353270364165
-12.3616793627274148771
-4.09234941641029311027
3.86104105521512037903
6.7003600247825802966
-4.5086870315276216272
-4.33373775801877080896
-17.36924062575621622
-0.491444240608444720547
16.9334523312662600857
24.7548766826160751991
-19.0469360952403452764
13.2653672414379470954
24.1692346504045714386
-11.8102877296348363041
29.0507047365994554521
43.7449386983602961887
31.5434681449216482716
41.1480352612449123147
0.0
2.23606797749978984926
-3.32533514960214351403
1.2981152006552506004
3.17101121139982693317
-6.76242991511501022178
0.790569415042094887042
2.33596963328012532838
-2.672019276022546089
-0.281611272733377432744
4.08933778300260800338
1.91150186040565144731
-2.9097398209252199778
-0.25008580123244940309
4.7163801247841256026
-0.782965577643056146804
-4.17978039512790427337
0.831501854232961518673
-3.22944452102653610126
0.921035969242682207837
0.66841720599280062116
1.36930639376291541525
-4.06379747668200947173
2.60259767127680616604
2.75170815631089374573
-7.88248117427864024111
1.65540917049251038518
-8.78363322446888059233
2.45146357488160579831
10.2627111909604886482
-3.16431770912900696009
-4.38479650652774748299
3.19634260641537639302
-4.66130165886908300011
5.13409834866874677366
3.01010465972518844313
-2.13712404949217478404
3.25318801821342931039
0.279604425881628094837
-5.27307328337312321478
-5.25229276695679470417
9.63803346172881896967
5.08346545059280149363
-1.20354291309660021747
11.8042174693456336164
7.32366891865889080709
2.07153220356756212322
-1.67844150061955246225
-2.03280314187492532396
7.12025589626359686497
-5.90520765823870451869
7.250709366283713659
-1.61472226051326795717
0.460517984621342353
-7.01838066292442734642
1.10844453784791044014
0.0
2.23606797749978984926
-2.86731792129633257561
0.148125889673632515275
4.27912477042107654232
-6.30660449440008114882
0.790569415042094887041
2.87075680862533051834
-2.46214510487295376927
-1.6937966685228682851
5.44550158467836883691
2.11445767051594028103
-1.64302664983683778091
-1.70741118237972219915
4.53970087486200391007
-0.178161627220487549663
-4.54510385159270478575
-1.21864975243163527745
-3.26991555178175908244
-1.90120938648802369803
-0.655020794448075046819
1.36930639376291537725
0.215492007099215655146
-1.18538981785344343123
0.993043683226389974544
0.0331281537835003196142
2.69136943428257084807
1.55843332128130263415
-2.68011938884677285641
0.96377398655283400851
0.999357897004438042233
0.981467235534158167924
-0.9619454776923663446
-1.62288039917583304837
-2.23356542840058719451
-1.25239327696050157519
0.967486823829082490664
-1.09702694253578967359
-0.733293561259122847585
2.53260718284872650001
2.57715745751908706783
-3.34852489970192685017
-4.35096498671454260715
1.24241901884267603326
-5.22078228355747441437
-2.88499085949865280294
-0.84908728983110416425
-0.833886796287580151485
0.817300469698966109056
-3.24328405618172121871
-4.46372212397732606578
-4.95033981677166123988
-0.449433116054608334729
-0.0649840711529386032474
-2.06749083149393543977
0.279335754485089234701
0.0
2.23606797749978984926
-3.32533514960214379657
1.29811520065525135122
3.17101121139982609401
-6.7624299151150102419
0.790569415042094887042
2.33596963328012509539
-2.67201927602254623405
-0.281611272733376666491
4.08933778300260721899
1.91150186040565137487
-2.90973982092522057371
-0.250085801232448452369
4.71638012478412526011
-0.782965577643056388721
-4.17978039512790401468
0.831501854232962492996
-3.22944452102653608911
0.921035969242683603701
0.668417205992801181174
1.36930639376291533924
4.04601808977921478997
-4.62807314487445800157
-0.487765032358344432504
7.08294080947158809841
3.3108183409850199687
10.6194943462122905963
-7.10327189367290629995
-7.27650546854938399063
4.06840848316586924099
5.04199622994345819512
-4.10176753542948088925
0.932260331773818407663
-9.14350753475725828424
-4.39938373344451147601
4.27424809898435003339
5.62327453503406033993
-5.7258542902609790877
-1.41789827295729382239
12.2553497895658553709
22.3646513813346497641
-12.4500129059704375511
13.2389720440625769208
27.3325924751974792982
2.8397899888677435716
6.21459661070268824473
7.70177645913262056155
-6.26555340473935100417
22.7848188680435167787
38.0586945610170111921
33.0703085730501134854
6.45888904205307570006
9.14114350791969614925
29.0761484606869305839
5.54222268923955767328
0.0
2.23606797749978984926
-3.52424126487876057462
1.83934166719594093593
2.53037596438124859083
-6.68501593798071395261
0.790569415042094887042
6.79346687517361938506
-7.37050309138626147855
-0.628568450442784928643
11.4289352538753911053
4.37613553180566205572
9.56663085485443188839
-8.50072982224090684362
-3.76266076820576589377
9.04949307843629603901
8.45090799559084347886
-9.42891747807880887713
9.61241937967649984067
2.51977247884249959248
3.0646496497493084737
1.36930639376291541525
-1.62018517460196538644
0.589648126418608602041
1.44760783178409333155
-3.17079525569775738166
4.84711692041105595324
-5.93263725766700615376
-0.314445668205226242362
9.20286636664391216163
6.93468444610525188789
-12.2457876086889827418
-4.28677541331476209476
2.47460489313659460147
-20.5168705888925535464
-8.83154315949350575784
-0.79786994586710657679
0.341150349176196105997
0.401627856861859838349
-1.00086845417523214087
-4.07172647628407898581
1.06645808157733772686
3.47820404091127488051
-10.0105200381986249602
1.66687278408238084516
-15.0229459397720478713
0.288733010327487299052
0.0121899962344648858291
-0.260429115330249919362
1.89173622463530983801
0.493004701038333134616
6.17713585640397791454
-0.0840243104386089695115
-0.036679608319526335876
-0.669494933032687963394
0.0215339384322108901536
0.0
2.23606797749978984926
-3.52424126487876057462
1.83934166719594093593
2.53037596438124859083
-6.68501593798071395261
0.790569415042094887042
6.79346687517361938506
-7.37050309138626147855
-0.628568450442784928643
11.4289352538753911053
4.37613553180566205572
9.56663085485443188839
-8.50072982224090684362
-3.76266076820576589377
9.04949307843629603901
8.45090799559084347886
-9.42891747807880887713
9.61241937967649984067
2.51977247884249959248
3.0646496497493084737
1.36930639376291533924
1.40751839204040083257
-2.43102583186526638574
0.87396681912253961766
2.02350404315405897786
5.46514432296759899279
8.80708359731674651188
-8.88707465004480152219
-2.15882933587216013665
12.2542674321137507364
24.0680851319679665549
-14.7496481219403481836
20.0245883376159267893
41.7655382389015334789
25.0944667800565693169
1.59573989173421293766
1.00834669669507413759
-1.73416457845813455092
0.634144074634512317129
8.38747688472700542381
8.7425630596769366131
-8.88196412237948670697
22.8346126906030570985
32.686443224537528739
42.5277431801136940721
0.866199030982461620229
0.699362687736381759041
-0.885322650182725026863
5.74931115040734362831
6.72334632564354250073
19.5976334553573815437
0.336097241754435699119
0.360091206687040410383
2.69745791232300247451
0.107669692161054365952
0.0
2.23606797749978984926
-4.28335883488173596016
4.13763258130470482709
-0.893604794014863475417
-4.36817443371635499964
0.790569415042094887041
9.63024595160144293844
-14.1679426432242950331
8.05215366216978423132
6.86273929748684766114
6.06637472076867996939
23.8680585302891886912
-28.6769268189725880365
6.23955089004659489297
21.029087001589301753
49.6564422637596328671
-49.2112819241303724065
50.9760670280012732987
96.0628286174548299861
100.452761593958776135
1.36930639376291541525
-0.478223531538537948455
-0.474379929129273370928
1.06322085546081157564
-1.05699819975612143712
7.00484615608187651489
-0.478322633793317632678
-4.33355993844580471777
5.7643585951270138552
20.235248401966072899
3.90872081227857985408
-16.3819708342281202664
44.1465690312674157816
19.6609451639474628221
81.1950005259587658445
1.0621269614310988404e-16
-7.25268413173525729344e-18
-6.57086643595257513027e-17
8.74034995604538722401e-17
7.36372588465424913864e-16
1.4224064883960598572e-16
-5.96149551897449530901e-16
2.81140931217631982282e-15
1.25207837286201349343e-15
7.87929017327243886271e-15
5.11664272064148667591e-33
9.88350994951062158349e-34
-4.14231098890638564405e-33
4.4651237600460466082e-32
1.98857024051691861756e-32
2.11173927863385235622e-31
1.9821564849730367439e-49
8.82765542432434863311e-50
2.08320601605761373559e-48
6.76239873215964767479e-66
0.0
2.23606797749978984926
0.477245418759707750346
-4.17965031776393196326
1.39196046842818768145
5.248383467309065118
0.790569415042094887042
-2.53627226256429392139
-4.55182590838109121047
4.56943061197379850811
5.25019190436967799915
-1.47241767745386015207
1.18771013779421488955
7.81971199401868847383
0.283560201546936807759
1.8582975573245311234
0.887080052469094074906
-8.54331884074499494113
-1.968046965040314503
-2.91134372913882639425
1.88262056682667314042
1.36930639376291541525
-4.39295242058902899824
-7.88399374052440771682
7.914485981599167108
9.09359912785508281821
-2.55030222731264936551
2.05717430332421258984
13.5441384741961062046
0.491140676083765544888
3.21866578486722630494
1.53646772125733649491
-14.7974622974307736517
-3.40875733513155462982
-5.04259525716549082945
3.26079447311791625092
-3.29242601805919104685
2.65580060567350684686
17.4854075830962178157
0.634059886372491779579
4.15527966059946418601
1.98357129880497469099
-19.1034416813605104528
-4.40068679674229517825
-6.50996248422215080339
4.20966756326362583833
4.9165931986395055014
2.34699321183935198167
-22.6034970237438936143
-5.2069628379921010884
-7.70269148832872499663
4.98094583291883290144
-5.904140895120945465
-8.73403118741648207627
5.64786170048002061374
6.24394604277028110455
0.0
2.23606797749978984926
1.66266757480107246684
-3.99517267460454260449
-1.87928955048815732801
6.23908121505873497796
0.790569415042094887042
-1.86569622647979260285
-5.75201358590507415016
1.10998625988325070523
8.6460493317046169415
-1.33553691727509446368
-0.00830902878393759371012
7.32222755899372096986
6.0460107267954069448
1.52885044920399636428
2.07611382178920148099
-5.7265848947083570808
-1.46862217652995357502
-3.60321150221313391622
1.27427246025936059276
1.36930639376291539364
-0.0088896934513972719548
-4.26306968884161831442
-0.40804722788506865312
6.51653702752940040525
-1.65540917049250965952
-1.74933296112912407355
4.37979794502446869217
5.61719167689897434458
1.64401499347394946367
3.31082195085178664114
-2.28243125462858302138
-1.45869007892946040826
-4.2663812696556282683
1.20289139610921833014
-0.438669481501275108469
-2.90737923893146298462
-5.43879261324248546135
-1.14903687961068450902
0.0829149794533035848028
1.91367613306194963917
6.16258374065517295025
0.121718404245398900906
-0.849739691716143510825
-0.210442319321046059053
-1.88614741803449646534
-2.73443241126299897625
6.44268872776613233268
1.79248770663688710699
4.50818828295235105069
-1.54520266327133483755
1.90080478422755488424
6.84377476275469796166
-1.45023646105931587455
0.156954018453910214823
0.0
2.23606797749978984926
1.66266757480107245385
-3.99517267460454261144
-1.87928955048815729194
6.23908121505873498512
0.790569415042094887042
-1.86569622647979261019
-5.7520135859050741405
1.10998625988325074827
8.6460493317046169227
-1.33553691727509446518
-0.00830902878393758182515
7.32222755899372098146
6.04601072679540688784
1.52885044920399636771
2.07611382178920147091
-5.72658489470835711583
-1.46862217652995357997
-3.60321150221313391268
1.27427246025936059848
1.36930639376291536086
4.878334910708692552
4.38083321519000262988
-3.94252148908926117093
-6.31175788525057210885
-0.657808625611866440539
-4.38046049570219454473
-8.2116306253847951777
-1.74537093954288172854
0.121349443323265316434
2.87843395128574224596
9.29841683668823676265
0.18682596549332672701
-1.27185342689681841064
-0.320049538567216626986
3.42502081498890041185
7.33100970072352667429
0.961389319394741974569
-7.61600952605368890042
-2.8657141793353729612
-8.42403093968110874144
-5.55598225834846044279
2.24607048290091774156
8.40058844115171657091
-1.6850235386358929019
1.60271765279904949622
1.74074560600056273508
-7.5691072195910413043
-1.58828955946190716468
-3.61902311844361548166
1.40346215054348140306
-2.13234371948691017718
-10.7182609481787069443
1.34930185372372739576
-2.93805204033249931927
0.0
2.23606797749978984926
0.477245418759707750346
-4.17965031776393196326
1.39196046842818768145
5.248383467309065118
0.790569415042094887042
-2.53627226256429392139
-4.55182590838109121047
4.56943061197379850811
5.25019190436967799915
-1.47241767745386015207
1.18771013779421488955
7.81971199401868847383
0.283560201546936807759
1.8582975573245311234
0.887080052469094074906
-8.54331884074499494113
-1.968046965040314503
-2.91134372913882639425
1.88262056682667314042
1.36930639376291533924
8.10092587300982594382
6.31464917968521047347
-10.9177480428156028232
-6.58542423351422648227
7.07848499468325044741e-17
-7.43319022929812495902
-14.5500372017321152836
4.06398984844084383457
-1.07288859495574216121
4.5693195063510130139
18.8393707100181018229
1.70437866756577736222
-1.05072374804696591122
-1.95647668387074978676
6.58485203611838120271
23.4770207559163136054
21.3812366028144127586
-17.0078847749123749199
-4.15527966059946343636
-21.6640409492081174467
-34.7576856502068890925
2.20034339837114699368
17.0893605460948369509
-0.841933512652724711984
14.7497795959185117887
53.6134710837802942146
59.6481995292643555205
-10.4139256759841984313
-48.1434996614694739315
6.97332416608636319566
23.6165635804837692873
96.8053498501137519812
-16.9435851014400522197
31.2197302138513809298
0.0
2.23606797749978984926
1.66266757480107246684
-3.99517267460454260449
-1.87928955048815732801
6.23908121505873497796
0.790569415042094887041
0.925149412879130132462
-0.815919855687726543335
-0.908372395233912805804
1.32046194469008594178
0.183607031013981401929
-1.15982435845857911373
-4.14177166913611286795
-2.08419174163678970287
-0.964253371659636443984
-1.96383501141540990921
1.25977349600921856969
0.458002286291799617595
2.09801622711010066071
0.343800814108549137398
1.36930639376291541525
-1.62018517460196454501
-7.11292473272782800914
0.757252684968036727528
10.7459668773943672126
-0.339791919268776169421
-2.74657448947457649836
-5.54831661550116466962
-1.42377019867425939191
-1.52265216313131706338
-2.43099815399357842271
4.39764871813524522636
1.04917545527363478159
4.18560745294444575082
0.403542833755217734165
-2.13712404949217481937
-1.61994596178867355251
7.37834817080922914405
7.94080581551480617921
-1.03203494422980481088
0.106956089728655554025
9.28697819601928105355
1.82264858732463315407
5.89453226014026590087
-0.0573285544100964311361
2.07153220356756219172
4.07838546037172927761
-3.21164068182887551629
1.97119332847158241266
4.36221667646790932221
-1.15960700553511133831
-1.61472226051326803726
-4.83454110248778471805
-2.18467515403712557203
1.10844453784791051345
0.0
2.23606797749978984926
1.98757548622752171276
-3.78758006940043922305
-2.76894498227861355506
5.93321807842400134384
0.790569415042094887041
1.4975855884661377129
0.204494856787987464649
-1.30848884555949214664
-0.194510222951348972187
0.432673261083438297259
-0.642055270966788759973
-4.48406788775710919331
-3.69129061979001634049
-0.962774490119539205016
-2.65640678791954680679
-1.05269633580946174545
0.0998740257899127696687
1.10205807866131670438
0.547448843002382140799
1.36930639376291537725
2.59389432790628613983
0.354195481843315568813
-2.26636916164618632621
-0.33690158874328631677
0.749412071273029147386
2.09717594981658382488
1.55331653449181065002
-1.10303097069699601355
-0.555858111039420388864
-2.04942442555319563153
-2.58257198309810294342
-0.129740165268430424856
-0.592656434868148849797
0.247993178163441403864
0.967486823829082486878
1.05019381306375533985
-2.80747843120443735727
-4.15599481619521644505
0.71760973563666364567
0.648315040694487398387
-4.31427162074564192596
-0.725806610271640139126
-2.90289713812256046598
-0.301325003607861681566
-0.849087289831104157605
-3.13054752039630301306
-3.94494386673975715443
-1.18908825603732342584
-5.43178594777190289963
-0.178266276198689109692
-0.449433116054608329453
-1.49945273406236419253
-0.758006090310991126377
0.279335754485089230329
0.0
2.23606797749978984926
1.66266757480107238062
-3.99517267460454265061
-1.87928955048815708857
6.23908121505873502553
0.790569415042094887041
0.925149412879129843948
-0.815919855687727031526
-0.908372395233912560361
1.32046194469008666196
0.183607031013981261474
-1.15982435845857930094
-4.14177166913611251209
-2.08419174163678903105
-0.964253371659636398739
-1.9638350114154094893
1.25977349600921960024
0.458002286291799793348
2.0980162271101010393
0.343800814108548966604
1.36930639376291533924
6.48963039185925981131
7.23068825907621213074
-5.10782140194236682387
-10.5411877351155385952
1.31561725122373352323
5.33241303217522494635
7.1647659630747240158
-0.209548014017771756932
0.261744607789157422164
-1.98966387265837765322
-9.40880054842832629355
-0.908426065787114684909
-3.5727250356028048543
0.0265870012969348303713
4.27424809898435010406
15.3695424950382679114
17.9987512153722795494
-2.79042912534703200438
3.81483414411187439112
17.0997721262468830512
28.5496091480905160951
-0.428977196587224886781
-3.90999945702806643791
-1.14528143747474597716
6.21459661070268845023
24.9722573421064723035
36.1427222648929991364
7.33763116466746814693
36.1723453474088059184
0.166089845130401005982
6.45888904205307602042
30.3213798563562186886
9.74132642513771114976
5.5422226892395580398
0.0
2.23606797749978984926
1.66266757480107245385
-3.99517267460454261144
-1.87928955048815729194
6.23908121505873498512
0.790569415042094887042
5.15761007408211519036
6.6699196470497395951
-3.96931689445897908447
-9.78916733701604958687
2.48746680353620808669
7.99050238161626936892
7.89830696205255986788
-2.65361104846803321866
2.3324142480851163242
6.58794145576581222444
3.55737348685869136345
0.20706801338410764252
-1.03915152515477651148
-1.35664955243032027924
1.36930639376291541525
0.823427127478080389744
-2.79097328071201752792
-1.00998444563405952014
4.33181942100438094049
2.65300971537315340967
2.54671338578522021911
-7.71273122773886603686
-9.27946440023729796483
1.14201254963238202197
-1.11889681889057795563
-13.8726256125236413437
-1.74507179388790378442
-10.0671005605015316364
-2.71825702038677246527
-0.849227283995449531994
-1.6119333257043887445
0.317312966556210024546
2.110463307959536279
-2.50634952362414257658
-6.40628028121436125023
-1.40406985005589010237
-3.10170840873998017204
-9.47443822328326704401
-1.58622866818130880468
0.327099668150790122479
0.94699175976156103406
0.581887899658697224814
1.25981279904353207591
4.56162664733680794694
2.23895468694675138113
-0.101316564270805125732
-0.38640601431414186155
-0.478283503457638986624
0.0276369935014096537741
0.0
2.23606797749978984926
1.66266757480107251747
-3.9951726746045425774
-1.87928955048815746862
6.23908121505873495002
0.790569415042094887041
5.15761007408211528034
6.66991964704973988154
-3.96931689445897893761
-9.78916733701605003694
2.48746680353620812342
7.99050238161626973353
7.8983069620525607063
-2.65361104846803284302
2.33241424808511646401
6.58794145576581295883
3.55737348685869272371
0.207068013384107831304
-1.03915152515477571969
-1.3566495524303202003
1.36930639376291533924
4.04601808977921469425
2.90873680706040156822
-3.34058427134027004293
-4.12704027872555224979
3.31081834098501991104
13.2568284420080923771
17.5917799212462872469
-0.702679599138953516135
4.44907487070354025282
20.7208951906613313002
36.0929603555747086842
4.0281220674812504953
20.008467806903635268
2.1468137067486981367
1.6984545679908996217
5.13916619146756244926
4.53753407848203297305
-2.1537989864592963542
5.28914872350621317431
20.9242428280469248981
29.5771271010189796063
8.0855843022875460735
39.2397695275057687609
7.80287259833400097733
0.981299004452371292356
3.64017111605218445713
4.61800512595583797408
3.86879120804794748007
17.7704860028234495126
7.48052492343587485152
0.405266257083221258085
1.81947001305533366638
1.93813261504265042074
0.13818496750704869398
0.0
2.23606797749978984926
0.477245418759707750356
-4.17965031776393196326
1.39196046842818768143
5.24838346730906511802
0.790569415042094887041
8.28374373148328752041
7.74455955978450408648
-11.7397624631830462539
-8.32824063310582415073
4.41725303236158076272
22.1861958655551652092
26.9436713887785659672
-14.9287544025281757413
11.1497853439471881169
49.3293482822375178737
69.1772290136865853289
19.6804696504031467624
90.9826623918361182249
28.2393085024000967133
1.36930639376291541525
1.85398672621039852425
-0.784672280419598643451
-1.5016310306082178993
1.25408744717042820277
5.10060445462529873102
10.7520318519478250368
2.01179745507201821386
-9.11026104904921901179
10.728885949557421967
30.5289361380417510962
20.2095420629366432075
17.0437866756577761156
60.9331900521245797034
22.825561311825417082
0.0
0.0
0.0
0.0
0.0
0.0
0.0
0.0
0.0
0.0
0.0
0.0
0.0
0.0
0.0
0.0
0.0
0.0
0.0
0.0
0.0
2.23606797749978984926
6.13713285890176936164
4.80514245137638917449
-4.50048009811675518313
-10.9883092106972096647
0.790569415042094887042
0.665443569177323059175
-4.55182590838109174731
-12.2330700544530240072
-10.3075530558391030548
-0.818870170024059954854
-2.51755595068876181532
-0.92141064713513327479
8.53323014474854758846
0.57475573316162813623
2.69091003298360185541
4.58203848729364616543
-0.338522502054047042496
-2.0753109354624544904
0.180093861798663562731
1.36930639376291541525
1.15258207138509849936
-7.88399374052440864667
-21.1882988668620105475
-17.853205594425167889
-1.41832473928423701183
-4.3605348174903028665
-1.59593005547296954733
14.7799881633828106948
0.995506131777440199924
4.6607928957244420117
7.9363234622286370529
-0.586338173062949081071
-3.59454398172426635612
0.311931718766572957742
-1.83104936492060881495
-5.62942624289918039506
-2.06033684218623003131
19.0808826713081241162
1.28519288980713074918
6.01705775508753552273
10.2457495331089001289
-0.756959326506161340637
-4.6405363261427269927
0.402702117312264189989
1.52066073455426796647
7.11947874772322690067
12.1229343351055804499
-0.895646353634360611335
-5.49075662836647145442
0.476483570968499284709
-1.01556750616214146394
-6.22593280638736553382
0.540281585395990802264
0.59730376663228710933
0.0
2.23606797749978984926
7.04848252975752079375
8.16824753231066727428
-0.274035693138011659866
-12.0920233127087852068
0.790569415042094887042
1.18098079501270699037
-3.19673896817695780454
-12.682502513824109911
-17.2129639117815912493
-0.713636574465170974689
-2.63999270649734794568
-2.7671122579448112075
4.63747437892337159407
0.436523280355185850735
2.33925505394487875818
5.24125598555513617355
-0.224064827836290472469
-1.54143750977683177432
0.10388362769201089292
1.36930639376291537725
5.07322230636746000538
8.5149842861089274773
7.0984970338551094931
0.0648136566933403932226
-0.618027402556543307473
-3.15934731034271056372
-7.70117985140419878104
-11.156482988936443661
0.252026833420605001169
1.63983598399186315686
5.19232418457569946801
-0.0970229165004070694359
-0.76601468343878857652
0.0359863442474263956809
0.797869945867106602143
2.95160157591586107569
3.09372555506876690766
-5.18485397759313596175
-0.488047864317697111488
-2.61536665866534362573
-5.85990233558947134569
0.250512093204366297997
1.72337952746449621837
-0.116145426634307946686
-0.577466020654974366847
-3.75733626197755316817
-11.8971093042840011124
0.222307429504247679395
1.75516013515294215858
-0.0824550732492850516524
-0.252072931315826811793
-1.73411719849893602796
0.116869081153512247802
0.129203630593265196413
0.0
2.23606797749978984926
6.13713285890176936164
4.80514245137638917449
-4.50048009811675518313
-10.9883092106972096647
0.790569415042094887042
0.665443569177323059175
-4.55182590838109174731
-12.2330700544530240072
-10.3075530558391030548
-0.818870170024059954854
-2.51755595068876181532
-0.92141064713513327479
8.53323014474854758846
0.57475573316162813623
2.69091003298360185541
4.58203848729364616543
-0.338522502054047042496
-2.0753109354624544904
0.180093861798663562731
1.36930639376291533924
8.10092587300982575911
20.9867543323796657774
27.9645782194787999175
11.8115088559534602148
3.93661105878638483459e-17
-2.29902293264651255018
-12.6560384481998115728
-31.2529089661735166696
-0.331835377259146751729
-0.67953629006028731763
3.32424747654322583403
0.293169086531474548673
1.45556791332251411144
-0.187159031259943778109
3.66209872984121713439
20.1629300164872382287
53.1372998232110869312
82.8802306039102370613
-1.28519288980713051732
-9.40228277562800453251
-33.3662541815417425424
0.378479663253080567896
3.64368236471347546516
-0.0805404234624527944066
4.56198220366280244093
29.3693407652746567714
91.0819030555784270933
-1.79129270726872057841
-14.1132828579336673408
0.667076999355898724393
4.06227002464856369314
30.8222194600702042568
-1.62084475618797148638
2.98651883316143319406
0.0
2.23606797749978984926
7.04848252975752079375
8.16824753231066727428
-0.274035693138011659866
-12.0920233127087852068
0.790569415042094887042
3.8030489988537471628
8.97256218868411287331
12.4887300169190662052
8.66261222909939172328
0.713636574465171032028
3.14404637333855839992
5.82983438925834294201
4.12246126741025247884
-0.109130820088796417391
-0.897953879991677328667
-3.65538481607541911074
-0.168048620877217853136
-1.24142724169619790356
0.0129854534615013397833
1.36930639376291541525
3.55937052304627703963
1.48903498734556413174
-7.43412084360412842605
-14.8744571936809533437
0.618027402556543488267
1.84977746927715367678
-0.256005659946810530885
-11.6024974267888730433
-0.44104695848605871728
-2.97818789032085848921
-9.89892368441636306244
-0.242557291251017782042
-1.71793138353235511303
0.0584778094020678609496
-0.797869945867106485003
-3.51515070759834918628
-6.51795299597381116641
-4.60905181426962897998
-0.732071796476545672044
-4.06309050539569696839
-9.83860105635830063785
-0.0626280233010916849164
-0.239998471510109459083
0.1422781476270272242
0.28873301032748723262
1.71296995623053008614
4.70765981299695512957
0.370512382507079577625
2.66181895425855471052
0.140860750134195400156
-0.0840243104386089405132
-0.620713620848099039567
-0.136347261345764311825
0.0215339384322108802446
0.0
2.23606797749978984926
7.04848252975752079375
8.16824753231066727428
-0.274035693138011659866
-12.0920233127087852068
0.790569415042094887042
3.8030489988537471628
8.97256218868411287331
12.4887300169190662052
8.66261222909939172328
0.713636574465171032028
3.14404637333855839992
5.82983438925834294201
4.12246126741025247884
-0.109130820088796417391
-0.897953879991677328667
-3.65538481607541911074
-0.168048620877217853136
-1.24142724169619790356
0.0129854534615013397833
1.36930639376291533924
6.58707408968864262281
15.5409335848722892063
21.6311149113143440686
15.0040845070676306929
1.23605480511308671855
7.62826446175097916688
23.359545214159408587
45.0719463935982039238
0.567060375196361418653
3.79810588231679134913
12.4950857767042167462
0.0485114582502036019763
0.185902016654777680107
-0.0854675675876376904693
1.59573989173421275409
8.72094881024416328958
23.3085883146627561448
38.599821004127553364
1.70816752511193964388
11.8145531358846502414
40.4358616810709266318
0.688908256312007446026
5.69352575230744249393
0.0551690776512963695946
0.866199030982461420935
5.80170256772457550001
19.0865587955710437311
1.18563962402265427476
9.62430199181204079866
0.642462445734012887873
0.336097241754435583126
2.69622725680132988328
0.564867225575308993088
0.107669692161054316407
0.0
2.23606797749978984926
6.13713285890176936164
4.80514245137638917449
-4.50048009811675518313
-10.9883092106972096647
0.790569415042094887041
6.68288581561247900347
20.4509753490144628565
30.3345701714121575386
15.3828432542001194532
2.45661051007218003502
15.5167169062858074722
46.6060351710598874151
82.6635619932292420665
3.44853439896976924312
23.7150534629632267014
79.1912509917576006211
3.38522502054047072296
26.6715975891453030139
2.70140792697995340337
1.36930639376291541525
4.62675397219746225766
6.55138029592762874721
3.38813967630839477904
-3.02084836923585392091
2.83664947856847402367
13.319115500273631203
28.5039370073455630315
32.945841605581412864
3.31835377259146762707
19.9062830283207757865
56.3028546938593209856
2.93169086531474591562
21.3897606840175267634
2.18352203136601102233
0.0
0.0
0.0
0.0
0.0
0.0
0.0
0.0
0.0
0.0
0.0
0.0
0.0
0.0
0.0
0.0
0.0
0.0
0.0
0.0
0.0
2.23606797749978984926
10.8977371125432137882
28.2368752850828498857
50.43487148867905067
66.7667630772529593758
0.790569415042094887042
3.35844800941363355734
6.67314625194073618792
6.07852424307820805784
-5.52872476827992029741
-0.269162940555026904756
-1.70618097587527884791
-5.58587038410845250723
-12.2275534170854860994
0.0620988759156248088554
0.510345139909312432041
2.18591968325216045314
-0.0120223172011765278169
-0.120736192101138892892
0.00210232456297783921667
1.36930639376291541525
5.8170025868829725753
11.5582283546991791304
10.528312824050609143
-9.57603219972529020166
-0.466203888555948100093
-2.95519213712343210809
-9.67501130977012072763
-21.1787437706545029464
0.107558408178777458786
0.883943711718776301507
3.78612395265760911977
-0.0208232642171470088708
-0.209121219031568715661
0.00364133295707765290552
-0.601866632104775183951
-3.8151366439740525762
-12.4903858923693618788
-27.3416406391129876884
0.138857307873661579815
1.14116642482386355819
4.88786500510663977829
-0.0268827185088957296722
-0.269974332882619716697
0.00470094063358598524792
0.164298182369401702991
1.3502463230105055822
5.7833998678462993909
-0.0318080614970471808883
-0.319437938544534523608
0.00556222796878191028426
-0.0360669516035295953994
-0.362208576303416798672
0.00630697368893351898164
0.00697262176294538613225
0.0
2.23606797749978984926
10.8977371125432141024
28.2368752850828519108
50.4348714886790574908
66.7667630772529750847
0.790569415042094887042
3.35844800941363373507
6.67314625194073726717
6.07852424307821136736
-5.52872476827991378919
-0.269162940555026868477
-1.70618097587527867593
-5.58587038410845221836
-12.2275534170854863689
0.0620988759156247921154
0.510345139909312308961
2.18591968325216000666
-0.0120223172011765229556
-0.120736192101138847175
0.00210232456297783808323
1.36930639376291533924
8.10092587300982668301
26.8469103282068821612
64.8126122199870634382
124.989721210586038042
2.33242153854205746545e-16
-0.248395503662497821
-2.10858735590948483809
-9.43406343257422983455
-0.0358528027262592130223
-0.263606414370939499644
-0.943166283841662270264
0.0104116321085735152743
0.10057172911582762706
-0.00218479977424659335894
1.20373326420955089601
8.59230493690577282842
33.1472954981997288869
91.2212518396504515937
-0.138857307873661517332
-1.26138959683562846538
-6.12286270019019160838
0.0134413592544478367086
0.150436033800355623401
-0.000940188126717190702455
0.492894547108205750184
4.33523891999108765312
20.2727375619623004441
-0.063616122994094403357
-0.675434569830925476113
0.00778711915629467330693
0.144267806414118757757
1.51792374039408045103
-0.0189209210668005956061
0.0348631088147270820948
0.0
2.23606797749978984926
10.8977371125432124422
28.2368752850828412101
50.434871488679021449
66.7667630772528920766
0.790569415042094887041
5.33638359549432446171
19.9135332313796110985
53.0901065465994212354
111.008636164442097168
0.807488821665081426565
5.97901019305606137198
24.0619720175904862018
69.363214625348957955
0.372593255493749548595
3.33089802454483794082
15.8770568977753717538
0.120223172011765624308
1.27645135619180169198
0.0315348684446677125872
1.36930639376291541525
6.95896422994639882478
19.2025693414530244056
37.6704625220188128348
57.7068445054303133165
0.9324077771118969854
6.40717528157186772541
23.5671973313592364403
61.2256144064575188896
0.358528027262592228176
3.10168648673919237372
14.2147883440797709281
0.104116321085735380634
1.08549489915741544717
0.0254893306995436869021
1.06208407801012598771e-16
7.29826479210165637654e-16
2.68448479982546498186e-15
6.97406776559759924543e-15
9.80138309327589648808e-17
8.47934197052375484812e-16
3.88601658882626110526e-15
4.98105245711706600883e-17
5.19314068942536587639e-16
1.85819555501171611058e-17
5.11622955965001215181e-33
4.42613655880223850995e-32
2.02846401898960831601e-31
5.94299981117743433815e-33
6.19604679982342414033e-32
3.74127644265764752951e-33
1.98191640571085820193e-49
2.06630442424486099479e-48
2.7725979754298532438e-49
6.76130666976111277453e-66
0.0
2.23606797749978984926
13.228756555322954224
45.000000000000003881
116.081867662438999463
252.388589282479277141
0.790569415042094887042
4.67707173346742699977
15.9099025766973188966
41.0411378984550069282
89.2328414878737353201
0.0
0.0
0.0
0.0
0.0
0.0
0.0
0.0
0.0
0.0
1.36930639376291541525
8.10092587300982597738
27.5567596063107536726
71.0853360405646522271
154.555815160737325624
0.0
0.0
0.0
0.0
0.0
0.0
0.0
0.0
0.0
0.0
0.0
0.0
0.0
0.0
0.0
0.0
0.0
0.0
0.0
0.0
0.0
0.0
0.0
0.0
0.0
0.0
0.0
0.0
0.0
0.0
