-1.50000000000000668959
-10.1414159363196677325
4.03618727030534988923
-2.24468464817616849735
1.34991331419048842428
-0.898819165357962519541
-10.1414159363196640501
-9.02887583739279776543e-15
3.22515126995942421333e-15
-3.24472594865313827344e-16
-1.12843224443338256196
4.03618727030534663845
4.57241745455317047268e-15
-1.60734528401853491779e-15
-2.45781987292583350271
-2.24468464817616681088
-1.40193609732377583315e-15
-2.45781987292583074167
1.34991331419048770305
-1.12843224443338326888
-0.898819165357962411506
-10.1414159363196635633
-7.0316125864044349456e-15
2.61019287436392893116e-15
-1.17445158539607715878e-15
-1.12843224443338344748
-6.75264626289492443004e-15
1.07839068339274398711e-14
-1.34396525157865563141e-14
-10.0883770882506409435
5.70469775997755907785e-15
-1.20530970708021954177e-14
-10.3402995116729582601
-3.14761646262372921831e-15
-10.0883770882506401972
-1.12843224443338475543
4.03618727030534989306
3.16633494993411240384e-15
-2.91430257211086949164e-15
-2.45781987292583186624
4.18831052222429121773e-15
-8.25732885435637850797e-15
-10.3402995116729579483
-3.8128396547493843328e-15
-10.3402995116729567259
-2.45781987292583400623
-2.24468464817616664004
4.36225180509455479749e-16
-2.45781987292583359755
2.46085791588441460095e-16
-10.0883770882506414145
-2.4578198729258326208
1.34991331419048917426
-1.12843224443338431582
-1.12843224443338490015
-0.898819165357962882856
-0.808024545317695449804
-1.70483469029842075366e-15
-2.52342677742945417954
1.15282815853592899783
-0.653547507429799395998
-0.0908584963847862203347
4.23080183371647921474
1.70842017902242825836e-15
-1.86678159993073308137e-15
1.23005879810011643879e-15
1.13764807476392153396
-1.56381583321646145381
-4.3526802071728702721e-17
1.4715400252172929585e-15
0.683831346011438003564
0.796196615777494719133
-9.02628735649032057696e-16
0.768348278742316411062
-0.481558845786760199569
-0.929631399730499357973
0.127067596742460667667
4.23080183371647918702
2.01783093101772412304e-15
-1.5487258577578734079e-15
1.42645522358592125602e-15
1.13764807476392106461
0.595779701321688773621
-1.01317881135537164725e-15
5.54773103218018971772e-15
3.39208796951486693276
-0.617229938232221796767
-1.45472211042354745465e-15
4.22561374361151243031
0.26720713906776364282
-3.22326341563778937549
-1.48722582998228765754
-1.56381583321646253451
1.54161407953024330903e-17
6.38397780098096465897e-16
0.683831346011438028792
-0.617229938232222453048
-3.60657066942799424703e-16
4.22561374361151216078
0.3083248175292470057
-4.35271100244913999338
-2.1050485294513046537
0.79619661577749542901
1.93833775897425057053e-16
0.768348278742316131404
0.267207139067765591648
-3.22326341563778866633
-2.10504852945130392542
-0.481558845786760049999
-0.929631399730500042156
-1.4872258299822881396
0.127067596742460942566
-0.275757526427098896484
1.72125695283023276119
-2.85231243053783769114e-16
-1.75296196636786621965
0.786356672223241272019
-0.837176663688732481508
-0.62728055909116282366
1.09466261703818125585e-15
-3.90777029479558250036e-16
-5.23436288265323535376e-16
0.399676368778311280115
-0.920693890795559206196
-5.63365552916651314573e-16
3.73471341348824575004e-16
-1.6735785469026725803
0.855338508422998476131
-1.72124731349032626076e-16
0.899942526583266237778
-0.454261634394404334356
0.14914869763037529415
-0.033328015761757403223
-0.627280559091162907428
5.90238840201880970849e-16
-6.12048783008950328197e-16
-6.08653095929553861974e-16
0.399676368778311662476
-5.38947954267749804885
-3.12638771890914021309e-15
1.48217034385817246739e-15
-6.08474556553328698281
4.05434622135105654293
1.90284040312163389695e-15
1.99338472668161777766
-1.73526662138974044687
1.85774782285941870279
-0.49668138035617812137
-0.920693890795558847099
-6.8548497575875699417e-16
8.47936281501374322329e-16
-1.67357854690267278111
4.05434622135105740218
1.9760591764680895617e-15
1.99338472668161815346
-1.88273409751919836733
2.53900436870982528326
-0.925688064253017451874
0.855338508422997800204
-1.30756107026180029309e-16
0.899942526583266600473
-1.73526662138974094021
1.85774782285941960902
-0.925688064253017379551
-0.45426163439440450999
0.149148697630375989778
-0.496681380356178191188
-0.0333280157617576195333
0.837176663688731526809
-0.786356672223239925557
1.75296196636786588255
1.32029482607452615207e-17
-1.72125695283023344764
0.275757526427100285371
-0.399676368778310776412
-7.04489529618341885872e-16
8.19965957433413593029e-16
1.02792704773408968358e-15
0.627280559091160544023
1.67357854690267256576
4.90190043499698479377e-16
-1.22355996277169043689e-15
0.920693890795560077433
-0.899942526583266526481
5.77930241558009792859e-16
-0.855338508422998279163
-0.149148697630375096842
0.454261634394403982671
0.0333280157617574141861
-0.399676368778311158773
-6.19273412520081532925e-16
1.04123938352281901595e-15
1.53232818490278585058e-15
0.627280559091160627781
6.08474556553328599535
3.06214931326034769819e-15
-3.88303227862653506468e-15
5.38947954267750163891
-1.99338472668161934062
-5.88040696037306216651e-16
-4.05434622135105591344
-1.85774782285941855685
1.73526662138974016784
0.496681380356178136594
1.67357854690267276656
1.57056824048253650071e-17
-1.10145679375526432902e-15
0.920693890795559718332
-1.99338472668161971643
-6.61291225689006131643e-16
-4.05434622135105677274
-2.53900436870982545297
1.88273409751919801901
0.925688064253017484224
-0.899942526583266889177
5.36563415850562257558e-16
-0.855338508422997603226
-1.8577478228594194631
1.7352666213897406612
0.925688064253017411912
-0.149148697630375792489
0.45426163439440415829
0.496681380356178206391
0.033328015761757630512
0.0908584963847846502349
0.653547507429801677461
-1.15282815853593153405
2.52342677742945802424
-2.97217861841530629411e-15
0.808024545317697560045
-1.13764807476392116865
-8.82341021173449744809e-16
1.2809718577657831744e-15
-3.74187644368685475517e-15
-4.2308018337164768054
-0.683831346011438531538
-6.77896591183810650312e-16
4.19161671671258467365e-16
1.56381583321646093091
-0.768348278742316678077
5.6972678022455731184e-16
-0.796196615777494506571
0.92963139973050031496
0.481558845786759427496
-0.127067596742460702304
-1.13764807476392069928
-1.07872575877148225876e-15
9.62929793064988637666e-16
-4.05128739666631016448e-15
-4.23080183371647677768
-3.39208796951486943089
-1.38971920662144953658e-15
-7.39863030248133716594e-17
-0.595779701321689467793
-4.22561374361151333856
1.29714909091395489552e-15
0.617229938232222458949
3.2232634156377899216
-0.267207139067764083084
1.48722582998228765375
-0.683831346011438556714
1.5528713394080476196e-16
3.60225524520689365642e-16
1.56381583321646201157
-4.22561374361151306896
2.03116138743990919751e-16
0.61722993823222311519
4.35271100244914176933
-0.308324817529248196538
2.10504852945130461226
-0.768348278742316398437
-5.26717163558914088125e-16
-0.796196615777495216455
3.22326341563778921245
-0.267207139067766031882
2.10504852945130388397
0.929631399730500999165
0.481558845786759277955
1.48722582998228813584
-0.127067596742460977219
0.898819165357964978171
-1.34991331419049308057
2.24468464817617390048
-4.03618727030535765118
10.1414159363196804955
1.49999999999999755076
1.12843224443338203472
1.09202410266484574824e-15
-3.47157000715105873437e-15
1.03854622208784010177e-14
10.1414159363196636063
2.4578198729258338492
1.3190164642367776007e-16
-2.05095072705123690136e-15
-4.03618727030534814908
2.45781987292583139387
-8.5793779007435092623e-17
2.2446846481761672314
1.128432244433383351
-1.3499133141904875503
0.898819165357962516918
1.12843224443338292027
1.94195901015911161056e-15
-2.8566108318360370887e-15
8.38829424272252407608e-15
10.1414159363196631195
10.0883770882506439948
3.39138951378721636133e-15
2.34739966107146068229e-15
1.63520560937970199237e-16
10.3402995116729644999
2.00453037472318357606e-15
-2.7788663366059814823e-15
10.0883770882506406955
3.15573548129976686529e-15
1.12843224443338465019
2.45781987292583221272
1.43893339371655372275e-15
-6.44897984795300280102e-16
-4.03618727030535140373
10.340299511672964188
-1.79119258870008394134e-15
-1.26247764864301429983e-15
10.340299511672960066
1.46262135357944640484e-15
2.45781987292583397229
2.45781987292583424981
-1.92395456900073932406e-15
2.24468464817616706052
10.0883770882506419128
-2.38015959360268868728e-16
2.45781987292583258682
1.12843224443338439797
-1.34991331419048902145
1.12843224443338479497
0.898819165357962988223
0.563846975653045985143
-3.28699404135770729956
2.78125607936700472102
-2.32277392791479563351
1.79489292921675906776
-0.83147736593304290774
-8.82255618714743906987
-7.26982839112032013033
2.96452234422402928811
-1.37545531904344235345
-0.527377226316240786663
-2.66755971019694188419
0.629021964770011763553
-0.294520479889591912817
0.908804455232522703789
0.396311426067817071966
-0.156863545477967481225
0.711146961757087778294
-0.0690448446934429987963
1.18034696451890162857
-0.334297516778406521584
-3.28699404135770514761
-8.28721857611575103886e-16
6.71517188337921246999e-16
-1.820695384770624817e-15
-1.42377447581066595372
-7.26982839112031825133
-1.61901861847656182419e-15
-1.43270100113323714751e-15
-3.22326341563778763163
0.629021964770010656529
4.71917612927919561183e-15
4.22561374361151320101
-0.15686354547796674492
3.39208796951486976598
1.18034696451890210856
2.78125607936700448696
9.69763484765932570408e-16
-1.41517796456398270311e-15
-2.02592920831947996023
2.96452234422402775701
-7.34470203676554676033e-16
-4.35271100244914005549
-0.294520479889592647396
4.22561374361151398266
0.711146961757088939646
-2.32277392791479390147
-4.21336457464966751921e-16
-2.02592920831948120844
-1.37545531904343983739
-3.22326341563778857163
0.908804455232522002658
1.79489292921675856312
-1.42377447581066612015
-0.527377226316241198665
-0.831477365933043140088
0.00312460083544277503557
0.782330355209521283791
-0.9567324902525757817
0.887467509034571112101
-0.740794543530244622163
0.457444880274678494885
1.48342370621102527653
0.298543804440571248717
-2.26390731780160316377
0.906270766150206732252
-0.477633707313428392728
1.90404791153519100538
0.0836094469818018235887
0.0836094469818000627143
-0.42003807166319756525
-0.297519246040707806275
-0.0681268518900682353067
-0.342043887865946784433
0.0978248971976721973849
-0.201693159750628015692
0.0800998107123985564337
0.342424686920097901569
-9.15445804604497872106e-17
2.57379005587699034603e-16
1.23254001450711770402e-16
0.0332136943297796365872
3.19126737086735211322
8.40936570273123324175e-16
-1.40702511284364598849e-15
0.499647718784927524889
-0.118042169997967045911
-1.22717280713729884575e-15
-3.15755633730968781598
-0.232700282158099932482
0.499647718784928018919
0.0894173116419643608394
-1.1346754125121260687
-2.0546538448624460301e-16
2.79528615800654650504e-16
0.867762224996182550334
-2.02053619312418148015
7.71008100486754514092e-16
0.715514208172670816228
0.0612747997944350798872
0.715514208172672051541
0.929230625171562415789
1.13113152350059850862
-5.74642673303360288027e-16
0.744953577094999521176
1.0360781250559381599
0.180134939537764948095
0.66283670540866625632
-0.940177977189669247319
-0.500288480243765952238
-0.813279726905840377109
0.298045597549297701717
0.154954234098785588658
-0.627663291133674744512
0.708459404155511142603
-0.708459404155511072185
0.627663291133674969935
-0.154954234098785930011
-0.473782415299767616916
1.55859989413344476123
5.34980841791634976621e-16
-1.55859989413344522575
0.4737824152997679846
-0.863586301009011763896
0.0762769160765904677093
-0.0762769160765904140694
0.863586301009010921659
-0.16902886350329392486
1.23365649536371127074e-16
0.169028863503294272745
-0.0519930959062856393454
0.0519930959062855274385
3.44468668338897081331e-17
-0.111604191651665655523
-4.57269940362841202978e-16
2.66215430608719769992e-17
1.80189153722234656319e-16
0.111604191651666807095
-1.27968811450491813237
4.80585450811625458665e-17
7.55827201979874675806e-16
1.27968811450491792084
-1.64817982250514349161
8.37277928395154073698e-17
1.64817982250514456847
0.854404264518807655047
-0.854404264518807390984
-1.63446528906613794057e-19
0.927297149343800282682
4.39719976356465143742e-16
-4.09055264450254806991e-16
-0.927297149343800054446
1.16639581833442717397
-1.50226483435816194344e-15
-1.16639581833442523664
1.60249189553779049237
-1.60249189553779014672
-2.11060558018191730797e-16
-0.271515129889216759069
2.27638015947382311989e-16
0.271515129889215934153
-0.637524603142278655862
0.637524603142278257392
-1.13127456145833969507e-16
-0.181101498323677919859
0.181101498323678171346
1.5459098026085233307e-16
-8.14087314903675914724e-17
-0.457444880274677865102
0.74079454353024411551
-0.887467509034571188331
0.956732490252576051759
-0.782330355209521327563
-0.00312460083544298475985
0.477633707313428163655
-0.906270766150206359772
2.26390731780160430792
-0.29854380444057437416
-1.48342370621102381358
0.420038071663197811207
-0.0836094469818009024407
-0.0836094469818012110173
-1.90404791153519112668
0.342043887865947115668
0.0681268518900680877164
0.297519246040708024924
0.201693159750627931587
-0.0978248971976722954461
-0.0800998107123985244012
-0.0332136943297802446211
7.36253371377320941396e-16
-4.3875040876392524933e-16
-4.05804221212341965076e-16
-0.342424686920097433015
-0.499647718784926486772
-7.59055812477083840121e-16
9.87484827758466911277e-16
-3.1912673708673523908
3.15755633730968909228
-1.35054095797114320891e-16
0.118042169997967722467
-0.499647718784928086378
0.232700282158099875434
-0.089417311641964504001
-0.867762224996182179973
-7.28456144603830989918e-16
5.89466765532616944575e-16
1.13467541251212599243
-0.715514208172671869292
1.12125106987670537782e-15
2.02053619312418031502
-0.715514208172672219944
-0.0612747997944349036763
-0.929230625171562476894
-0.744953577094999865742
8.27387385795064599306e-16
-1.13113152350059861744
-0.180134939537764729082
-1.03607812505593834808
-0.662836705408666057769
0.500288480243766636086
0.940177977189668510489
0.813279726905840400552
-0.298045597549297722828
0.831477365933045154877
-1.79489292921676373711
2.32277392791480218419
-2.78125607936701282153
3.28699404135771524222
-0.563846975653047644985
0.527377226316242432683
1.37545531904344382004
-2.9645223442240354058
7.26982839112033314385
8.82255618714744247968
-0.908804455232524148872
0.294520479889593345572
-0.629021964770014012226
2.66755971019694633658
-0.711146961757088260261
0.156863545477968182196
-0.396311426067817352152
-1.1803469645189034519
0.0690448446934434862604
0.334297516778406998662
1.42377447581067004659
-1.40262837132449487287e-16
-1.55307317950060530171e-17
2.90635092978073174387e-15
3.2869940413577090311
3.2232634156377954787
2.54551183613852639906e-15
-1.97015755254316703833e-15
7.2698283911203324806
-4.2256137436115200248
-1.86850089919469386812e-16
-0.629021964770011892043
-3.39208796951487078085
0.156863545477966892913
-1.18034696451890277577
2.02592920831948322067
1.47090659615835655936e-15
-7.9731070474695292926e-16
-2.78125607936700814056
4.3527110024491470146
-8.83080655799814818153e-16
-2.96452234422403089198
-4.22561374361151647763
0.294520479889593605283
-0.711146961757088623901
2.02592920831948406887
-2.09432427829968384436e-15
2.32277392791479761137
3.2232634156377906435
1.37545531904344162556
-0.908804455232522075488
1.42377447581066669211
-1.79489292921676028899
0.527377226316240806072
0.831477365933044064673
-0.73152747599912533881
0.703897776933359406272
0.553557323210330758553
-1.51572394648772637862
1.93012840241933024523
-1.23297980884842017496
0.289287096605822946647
-5.16406410553696151028
4.57509561578329102849
-3.26853829814428830768
1.39701404264193810223
-9.61591095827209431374
-5.96917684639212441323
1.88345193647227970714
0.640530549642207096397
-1.89148799427656765218
0.710534020721712430659
-1.99544641938668581246
-0.0387120737986251958758
0.338271818117360252007
-0.502303070780954068796
0.703897776933359982475
1.03792502965427269796e-15
-4.36685415657617253246e-16
-7.90138798482259434637e-16
-0.910298161793080939017
-5.16406410553696103605
-2.30830971189713773777e-15
1.27253002828832042295e-15
1.85774782285942035289
-5.96917684639212379682
1.17439512795666665843e-15
1.99338472668161739855
0.710534020721710606256
-6.08474556553328891705
0.338271818117359840176
0.553557323210330142124
-4.46390281441861890361e-16
6.09648123986075785736e-16
-1.40121940641502062285
4.57509561578328953372
1.48565377754150174858e-15
2.53900436870982647223
1.88345193647227974343
1.99338472668161543285
-1.99544641938668662928
-1.51572394648772525756
-7.90128063133615916473e-16
-1.4012194064150211135
-3.26853829814428698655
1.85774782285942033671
0.640530549642207604245
1.93012840241932905023
-0.910298161793080989427
1.39701404264193769207
-1.23297980884841947042
0.279319446214678775928
-0.43214497455061009047
0.0914980035765989930326
0.356173147343186411812
-0.650740192913175457718
0.369113266790432879059
-0.486203953304496604298
1.50308860783751384625
-1.84468243841252365857
1.50308860783751367091
-0.598747097006889408691
2.13300220639525899003
0.239346332431986670038
-1.92095935448911364243
0.525202010846480736533
1.42454280223974767757
-0.0555112862959316899716
0.955084304585610197079
0.141459337829179046443
0.0416374407491583007411
0.124365212115892933135
-0.236239222998481830023
-5.75352685411288478861e-16
1.6263841032167411665e-16
-1.36970861568590811332e-16
0.0163018718881941754881
0.119236427254547464552
5.26396267950469543648e-16
4.66327852127079347099e-16
-0.854404264518807942055
2.82486290905946241926
3.51651234381243729216e-16
1.6481798225051451596
0.119236427254547937532
1.27968811450491757948
-0.124635031346815226954
0.154167473988622303025
5.24723194942904213601e-16
-4.70405790183228427434e-16
0.392039175574082986698
-1.80364536749457720568
-1.55358397687524743294e-15
-1.60249189553779012979
-1.80364536749457839658
-1.16639581833442553904
-0.773129675355177975843
0.419965539471913585919
-2.69567379036412240553e-16
0.444213387883823196371
1.8402897027673097296
0.637524603142278325043
0.691480669361129983769
-0.830329390345151314038
-0.286610759182575886667
-0.649227892021472873163
0.465338568832957058939
-0.36911326679043251944
0.650740192913174949808
-0.356173147343186161085
-0.0914980035765992600518
0.432144974550610477238
-0.279319446214678865411
0.598747097006889854241
-1.50308860783751370976
1.84468243841252352411
-1.50308860783751348066
0.486203953304495534403
-0.525202010846480387544
1.92095935448911400089
-0.239346332431986683977
-2.13300220639525878517
-0.95508430458561058589
0.0555112862959315932833
-1.42454280223974711697
-0.0416374407491583094191
-0.141459337829179260626
-0.124365212115892891652
-0.0163018718881951738084
7.24643875048599112126e-16
-1.49414407384658947637e-16
3.42518729026746095145e-16
0.236239222998482150264
0.85440426451880919336
-7.13793933016287507232e-16
-6.67946022017821091618e-16
-0.119236427254548598178
-1.64817982250514467296
-6.38113715871339481924e-16
-2.8248629090594630567
-1.27968811450491678952
-0.119236427254548628562
0.124635031346815161749
-0.392039175574082655328
-8.62210013247504211212e-16
5.18380132846617300003e-16
-0.154167473988622454998
1.60249189553779015241
2.04351919313179901694e-15
1.80364536749457694662
1.16639581833442712625
1.80364536749457733082
0.773129675355178404269
-0.444213387883823157151
6.80762276368448888375e-16
-0.419965539471913924807
-0.637524603142278977428
-1.84028970276730968928
-0.691480669361130178846
0.286610759182576657464
0.830329390345150669815
0.649227892021472899841
-0.465338568832957077688
1.2329798088484189862
-1.93012840241932892183
1.51572394648772573738
-0.55355732321032998738
-0.703897776933360832988
0.731527475999126146855
-1.3970140426419381765
3.26853829814428781803
-4.57509561578329121891
5.16406410553696243246
-0.289287096605822833165
-0.64053054964220748177
-1.88345193647227963646
5.96917684639212650677
9.61591095827209287278
1.9954464193866857782
-0.710534020721712269319
1.89148799427656693475
-0.338271818117360420254
0.0387120737986256197513
0.502303070780953950982
0.910298161793082998072
-1.34218365387578278264e-15
6.16078101516548611179e-16
-5.85064524119503464411e-16
-0.703897776933360326986
-1.85774782285942155536
1.15091046026264294559e-15
3.56817382788569772152e-16
5.1640641055369617965
-1.99338472668161884456
3.06206674819461730106e-15
5.96917684639212104208
6.08474556553328860407
-0.710534020721710407277
-0.338271818117359809919
1.40121940641501912682
2.05957166746996106942e-15
-1.14104740260394784496e-15
-0.553557323210329653187
-2.53900436870982678736
-2.88332371415064755844e-15
-4.57509561578328784122
-1.99338472668161658904
-1.88345193647227855614
1.99544641938668661928
1.40121940641502183284
-1.41739264684095215455e-15
1.51572394648772607995
-1.8577478228594205688
3.26853829814428724842
-0.640530549642207609215
0.910298161793080651418
-1.93012840241932815664
-1.39701404264193769391
1.23297980884841947345
0.334873592907776856501
-0.0614045506609503125216
-0.321867872484012473516
-0.259411976941059539869
1.24786534501156354268
-1.1996517930866625695
-0.825068746021863630051
0.710534020721709491559
1.88345193647228126993
-3.26853829814428691688
2.38439003681373282353
-0.138526027908703528962
-5.96917684639212316086
4.57509561578328958199
-2.37106245491072449312
-9.61591095827209359287
-5.16406410553695993517
1.47425121400589004523
-1.43196985622441014469
1.33117833602452075107
-0.455769949572025757333
-0.0614045506609500482288
-7.83063328241358166976e-16
-1.34071139041829942296e-16
-2.86683142593113701607e-16
-0.413616781436903039271
0.710534020721708848025
2.14407149579699117813e-15
-2.63983379470891613024e-15
1.73526662138974041308
-5.96917684639212209941
-2.19558228667031645787e-15
-4.05434622135105710986
-5.16406410553695864224
5.38947954267750461185
1.33117833602452185052
-0.321867872484012853815
6.6030719998860754108e-17
4.53383536993735061086e-16
-0.475531342162003429202
1.88345193647228067353
-1.38067045755771187211e-15
1.88273409751919749435
4.57509561578328823585
-4.05434622135105743187
1.47425121400589021518
-0.259411976941059002334
-1.53327082880404334505e-16
-0.475531342162003571196
-3.26853829814428648878
1.73526662138974083992
-2.37106245491072457931
1.2478653450115622872
-0.413616781436903030731
2.38439003681373330817
-1.19965179308666182003
-0.37734506956227922631
0.275940547562800279727
0.0779941837972504828886
-0.0779941837972503778662
-0.275940547562800915982
0.37734506956227988508
0.838619440727915984106
-0.974397618040274062501
-2.61859332157137448944e-16
0.97439761804027429513
-0.838619440727916090301
-1.18498675507527846655
2.34751676478340430059
-2.34751676478340463113
1.18498675507527861732
2.86078040178776683627
-3.19843596995826355932e-16
-2.86078040178776640552
0.701093351001504174947
-0.701093351001503799822
-3.1585376363993672379e-17
0.0562036173121840631119
3.38997468897321996067e-16
9.04314005681924708541e-17
-2.55108770642475125767e-17
-0.0562036173121846780368
-0.232700282158099324306
-1.17939123377364962537e-15
2.24563419554884395262e-16
0.232700282158100490145
-0.118042169997968232393
1.09757650505533390444e-15
0.118042169997966758467
3.19126737086735243824
-3.19126737086735290931
6.03679374299415654613e-17
0.0614684001753797292929
-3.5952845930444172487e-16
7.95100035034278013258e-18
-0.0614684001753794385334
0.0612747997944336245064
9.96555555639042128709e-16
-0.061274799794434253876
-2.02053619312418030359
2.02053619312418020323
-1.2565277624935873055e-16
-0.0821168716863338045892
2.0095064864602903966e-16
0.0821168716863336888609
1.03607812505593826922
-1.03607812505593843524
1.15925176355291345111e-16
-0.312991246662074253198
0.312991246662074235822
-3.48603555525082830683e-17
3.6557891707320827388e-18
1.19965179308666130154
-1.2478653450115622942
0.259411976941059026868
0.321867872484012656213
0.0614045506609515393814
-0.334873592907778480208
-2.38439003681373340651
3.26853829814428747882
-1.88345193647228009749
-0.710534020721711445266
0.825068746021865515982
2.37106245491072426828
-4.57509561578329084952
5.96917684639212621225
0.138526027908701718812
-1.47425121400589056229
5.16406410553696264738
9.6159109582720915627
-1.33117833602452115346
1.43196985622441003642
0.455769949572025743281
0.413616781436904731203
-6.17149387705136990836e-16
-2.23260840885958468452e-16
-6.29325907473264861265e-17
0.0614045506609513116082
-1.73526662138974175716
1.94543145994973846696e-15
2.81904210349650055924e-15
-0.710534020721712067919
4.05434622135106025243
-1.24053190184697272228e-15
5.96917684639212165613
-5.38947954267750511637
5.16406410553695943213
-1.3311783360245218912
0.475531342162001850042
1.71661026116574533759e-15
-5.88643748280308497274e-16
0.321867872484012903054
-1.882734097519195915
-3.13491615495163757505e-15
-1.88345193647227848502
4.05434622135105766294
-4.57509561578328750061
-1.4742512140058902704
0.475531342162003981119
-9.48522451543442558264e-16
0.259411976941059080935
-1.73526662138974124182
3.26853829814428720362
2.37106245491072452508
0.413616781436902482927
-1.24786534501156141156
-2.38439003681373335503
1.19965179308666182596
-0.243439020393621688297
0.0426988897549800973362
0.0273156157456498876237
0.140456176490205069123
0.402254173414260311549
-0.958544962675504733559
0.584502662736359368689
-0.156863545477969560227
-0.294520479889594048322
-1.37545531904343956986
2.27645177500351881451
-0.756516732468115753648
0.629021964770017887131
2.9645223442240308196
-3.11897054369229201278
-0.144132932767483108943
-7.26982839112033204746
4.34507191258346865182
-8.82255618714744442022
-7.51779587507418632958
1.37187152097074311797
0.0426988897549799386885
1.90797445954795265468e-17
-1.64540793560453514046e-17
-6.75568956434921700253e-17
0.0634513541716213913222
-0.156863545477969163721
-4.05121266889004116154e-16
-1.90655210653806954711e-16
-0.267207139067766563056
0.6290219647700155033
-2.30325990909879320987e-16
0.617229938232224820415
-7.26982839112032693877
-0.595779701321695644587
-7.51779587507418728774
0.0273156157456494668941
-6.71506222310678037392e-17
-3.33892411249553701047e-16
0.0791193211318234187903
-0.294520479889594389066
-2.56668178571976801201e-16
-0.308324817529250088035
2.96452234422402911745
0.617229938232225391156
4.34507191258346616261
0.140456176490205361605
2.37558758403722448745e-16
0.0791193211318233053532
-1.37545531904343965476
-0.267207139067766120702
-3.11897054369229051862
0.402254173414259236717
0.0634513541716213273301
2.27645177500351845232
-0.958544962675503660031
0.958544962675505911388
-0.402254173414259988577
-0.140456176490206068231
-0.027315615745649115995
-0.042698889754980242244
0.243439020393621177367
-2.27645177500352466697
1.37545531904344387644
0.294520479889594096471
0.156863545477967720502
-0.584502662736357354471
3.11897054369229845923
-2.96452234422403725799
-0.629021964770014702287
0.756516732468113803928
-4.34507191258347730866
7.26982839112033967382
0.144132932767488184357
7.51779587507420083292
8.82255618714744490335
-1.37187152097074430762
-0.0634513541716207629964
-3.87063750020339356993e-16
-6.59925158077146499353e-17
2.16525368912447604999e-17
-0.0426988897549797781992
0.267207139067765728983
1.7133155270605198917e-15
-4.72160108174057536808e-18
0.156863545477968351834
-0.617229938232224617226
-9.76200643263921293288e-16
-0.629021964770012861377
0.595779701321693695583
7.26982839112033809799
7.51779587507419437515
-0.0791193211318238560283
5.17383617900220693676e-16
2.78655327878021119031e-16
-0.0273156157456493151249
0.308324817529250976392
-9.51035901658801609139e-16
0.294520479889594289417
-0.617229938232225401994
-2.96452234422403262232
-4.34507191258347011094
-0.0791193211318229671678
-4.48980241041097231256e-16
-0.14045617649020570703
0.267207139067765046392
1.37545531904344281907
3.11897054369229345699
-0.0634513541716216999957
-0.402254173414259441603
-2.2764517750035207694
0.958544962675504686209
1.80637393654184948037e-22
1.71982873520424465671e-21
-2.37771064678930922897e-21
9.47219970520834923016e-22
-1.82965777173161466721e-21
4.32783349053448845483e-21
-3.18511531953318625559e-21
-9.59751272921638640026e-21
5.33097967824628175506e-21
5.98863471286090680201e-21
-8.97705940898945802629e-21
1.53616249346908989599e-21
1.39855296454355631069e-23
-8.29107733614082759713e-21
1.0426566876412829683e-20
-1.39579019871835978671e-20
1.30251529529273978785e-20
-2.01856419321062835065e-20
4.03814060323257422667e-20
3.61912802664370594524e-20
-8.0864435313913730148e-21
1.62457428507364372296e-21
-4.46228830001667110791e-21
-1.53256362411991841378e-22
7.14387181956899353001e-21
-2.71923600191627529217e-21
-3.59632746734077897319e-21
8.99219178918702845018e-21
-1.2702186861679204079e-20
5.22609366441192311834e-21
-1.46153856150090760205e-23
2.93341439998205122148e-21
-4.70877986804116430445e-21
1.68001386431138649479e-20
1.0475106872120723744e-20
3.94720454097213457008e-20
5.66959779426614486563e-22
-2.53649544740620777902e-21
-9.82045519902111770388e-22
-6.52742693085518005173e-22
1.35591177604263027191e-20
4.53518649695062208431e-21
-2.50944372522644806344e-21
-4.9088323595487090767e-21
-8.81274364641939748069e-21
-1.75040887233731247351e-20
-8.11615263881864042102e-21
1.59523294682709737604e-21
9.62868246854708852976e-22
4.16683456839636218408e-21
7.92363876624234420588e-21
7.44111038284678680309e-21
1.32522929905098964603e-21
1.10471021256665245919e-21
-3.66706797981218620401e-21
1.52692750928435204717e-21
0.563846975653044716182
-3.28699404135770460272
2.78125607936700448844
-2.3227739279147959392
1.79489292921675935444
-0.831477365933043416982
-3.28699404135770309732
-2.17123255147864181328e-15
1.19599244181025260888e-15
-1.62313486261310634128e-15
-1.42377447581066525567
2.78125607936700316316
1.92974871516611682677e-15
-1.42173497360765859482e-15
-2.02592920831948112447
-2.32277392791479448242
-2.01084695168300062426e-15
-2.02592920831947949249
1.79489292921675807233
-1.42377447581066573633
-0.831477365933043038987
-8.82255618714743629115
-7.26982839112032389439
2.96452234422402956246
-1.3754553190434429273
-0.527377226316239648763
-7.26982839112032260339
-4.50872345669472551823e-15
-2.10900619746878985077e-16
-3.22326341563778533293
2.96452234422402843908
-1.9787505306150737276e-16
-4.35271100244913778607
-1.37545531904344240963
-3.22326341563778472754
-0.527377226316240961025
-2.66755971019694283933
0.629021964770011588196
-0.29452047988959240002
0.908804455232522828058
0.629021964770011484336
4.22266258683479796189e-15
4.2256137436115167535
-0.294520479889592006637
4.22561374361151576489
0.908804455232522719968
0.396311426067816207328
-0.156863545477968820725
0.711146961757088525405
-0.156863545477968943646
3.39208796951487053488
0.71114696175708845393
-0.0690448446934429039212
1.18034696451890189693
1.1803469645189021441
-0.334297516778406906057
0.00312460083544309438388
0.782330355209521137741
-0.956732490252575794734
0.887467509034571166223
-0.740794543530244638764
0.457444880274678439631
0.342424686920097895286
1.70971078241283736353e-20
6.6987877032325291148e-17
2.67288794867056747989e-16
0.0332136943297796281067
-1.1346754125121258899
-1.9265505680900830371e-16
3.60757974649195570566e-16
0.867762224996182511484
1.13113152350059861514
-6.80735420567733654236e-16
0.744953577094999615932
-0.940177977189669586314
-0.500288480243766234748
0.298045597549297711822
1.4834237062110250174
0.298543804440571689578
-2.26390731780160305169
0.906270766150206779512
-0.477633707313428448537
3.1912673708673525862
1.35988059766898739356e-15
-1.06731779597524821004e-15
0.499647718784927819741
-2.02053619312418101746
7.69175254612499230157e-16
0.715514208172670726084
1.03607812505593812503
0.180134939537765126669
-0.813279726905840489289
1.90404791153519062277
0.0836094469818013865799
0.0836094469818002337904
-0.42003807166319740075
-0.11804216999796748827
-1.30039686090080567233e-15
-3.1575563373096879692
0.061274799794435292079
0.715514208172672001643
0.662836705408666329363
-0.297519246040707566477
-0.0681268518900682535995
-0.34204388786594703286
-0.232700282158100124272
0.499647718784927854027
0.929230625171562262233
0.0978248971976720257391
-0.201693159750627842658
0.0894173116419646117971
0.0800998107123986014362
0.154954234098785409206
-0.62766329113367470121
0.7084594041555110818
-0.708459404155511011385
0.627663291133674926631
-0.15495423409878575056
-0.111604191651665540982
-2.31136790897845747689e-16
2.6618768321779529387e-17
-4.59606436158390772031e-17
0.111604191651666692555
0.927297149343799974103
3.22409081870869299398e-16
-2.91745779634986559379e-16
-0.927297149343799745867
-0.271515129889216455041
2.27627312251569177328e-16
0.271515129889215630119
-0.181101498323677739997
0.181101498323677991498
-8.14158747913703423277e-17
-0.473782415299767444432
1.55859989413344483711
5.34979884561590461324e-16
-1.55859989413344530164
0.47378241529976781212
-1.27968811450491780944
6.70618534504205903727e-16
1.33237747249841987482e-16
1.27968811450491759791
1.16639581833442680338
-1.50226328579347461691e-15
-1.16639581833442486603
-0.637524603142278008011
0.637524603142277609533
1.54600837424171928978e-16
-0.863586301009011706746
0.0762769160765907690965
-0.0762769160765907154568
0.863586301009010864509
-1.64817982250514338278
8.37172791334490738818e-17
1.64817982250514445964
1.60249189553779021286
-1.60249189553778986721
-1.13131521338823128878e-16
-0.169028863503293936847
1.23357991641606086744e-16
0.169028863503294284727
0.854404264518808141153
-0.854404264518807877102
-2.11061468528370247578e-16
-0.0519930959062854377564
0.0519930959062853258579
-1.57294991057830925102e-19
3.44426921116175502849e-17
-0.457444880274677809847
0.740794543530244132107
-0.887467509034571242448
0.956732490252576064801
-0.782330355209521181516
-0.00312460083544330410972
-0.0332136943297802361432
5.92222613041380012745e-16
-2.48356634951574241749e-16
-4.97340278053906603916e-16
-0.342424686920097426734
-0.867762224996182141119
-8.09683364908988042804e-16
5.76654844931416333664e-16
1.13467541251212581363
-0.744953577094999960494
9.33494816315444277737e-16
-1.13113152350059872396
0.500288480243766918593
0.940177977189668849478
-0.298045597549297732928
0.47763370731342821946
-0.906270766150206407037
2.26390731780160419585
-0.298543804440574815005
-1.48342370621102355445
-0.499647718784926781633
-1.09873276349647550538e-15
4.68576332154752007143e-16
-3.19126737086735286378
-0.715514208172671779123
1.12307798142141657609e-15
2.02053619312417985231
-0.180134939537764907654
-1.03607812505593831322
0.813279726905840512723
0.420038071663197646707
-0.0836094469818010735244
-0.0836094469818007740061
-1.90404791153519074408
3.1575563373096892455
-6.18180769602361586874e-17
0.118042169997968164836
-0.715514208172672170049
-0.0612747997944351158761
-0.662836705408666130815
0.342043887865947364101
0.0681268518900681060263
0.297519246040707785134
-0.499647718784927921469
0.232700282158100067235
-0.929230625171562323339
0.20169315975062775855
-0.0978248971976721238098
-0.0894173116419647549678
-0.0800998107123985693973
0.831477365933045664133
-1.79489292921676402381
2.32277392791480248989
-2.78125607936701258898
3.28699404135771254541
-0.563846975653046376011
1.42377447581066934852
-3.3782516025564303308e-16
-5.39967032322130254766e-16
4.24876569042229604554e-15
3.28699404135770698083
2.02592920831948438494
1.47744434594605925036e-15
-1.75724115518690671823e-15
-2.78125607936700681677
2.0259292083194823529
-5.04767091536212512123e-16
2.32277392791479819236
1.42377447581066630829
-1.79489292921675979821
0.831477365933043963598
0.527377226316241294765
1.37545531904344439387
-2.96452234422403568013
7.26982839112033690788
8.82255618714743970098
3.22326341563779317999
1.32371616487092243012e-15
9.19537242305626837893e-16
7.26982839112033683263
4.35271100244914474525
-1.41969173924239058188e-15
-2.96452234422403157402
3.22326341563778679944
1.37545531904344419785
0.527377226316240568404
-0.908804455232524273162
0.294520479889593832772
-0.629021964770013836797
2.66755971019694729178
-4.22561374361152357724
3.09580714583543764666e-16
-0.629021964770012719734
-4.22561374361151825988
0.294520479889592964467
-0.908804455232522792766
-0.711146961757089007327
0.156863545477969521677
-0.396311426067816487501
-3.39208796951487154975
0.156863545477969091617
-0.71114696175708813815
-1.18034696451890372026
0.0690448446934433913612
-1.18034696451890281134
0.334297516778407383151
-0.60345433534831970978
0.417006955789983180583
0.875234670005567369828
-1.81082720728291207603
2.15233600531292547029
-1.29973119002741394664
0.142569172421840328951
-2.91435454830489496263
2.51333541466820820701
-1.75357950857262116202
0.158789083066270635379
-0.94691259647193799403
0.286106997127851349945
-0.245740923639995183458
0.921692578557425143021
0.256944943929934100674
-0.103303370319948947673
0.895232842037430169971
-0.0490539818857804286275
0.0614097845894703927184
0.114289027456988607587
0.142569172421840334359
-2.91435454830489619628
2.51333541466820833249
-1.75357950857262079992
0.158789083066270826652
-12.4695543575095267223
-5.84192951777818618941
2.20759409276126794275
-0.297200420329006320672
-2.2458034967511644688
0.387028751812350384885
0.554626906435694416113
0.239232111841144044386
0.485949776585579460137
-0.230392200796474089018
-0.946912596471938108826
0.286106997127852029289
-0.245740923639995498976
0.921692578557425250153
-2.24580349675116375443
0.387028751812350749381
0.554626906435694308
0.363865313778327174999
-3.1981552918036171786
-0.416402057360827163711
0.256944943929933780015
-0.10330337031994916651
0.895232842037430416827
0.239232111841143538826
0.485949776585579552771
-0.416402057360827000175
-0.0490539818857802276533
0.0614097845894705556134
-0.23039220079647405003
0.114289027456988323981
0.235203923982920502503
-0.406077386859378464404
0.0687429616153719307416
0.365610051352516490169
-0.651259935481998531676
0.318982270807024394353
-0.386383589561449554503
0.784143940908264528944
-0.962349491200076429092
0.784143940908264104632
-0.313558278198637333605
-0.0476338849411629167641
0.0355409906270318408266
0.0355409906270322699753
-0.2503319450819444912
-0.231417640408100630068
-0.0289595959772482361099
-0.191526080086248094739
0.071204975768554764637
0.0387868118649400615134
-0.137516348491914765188
-0.3863835895614495485
0.784143940908264647241
-0.962349491200076429922
0.784143940908264030941
-0.31355827819863732016
1.86294636900622204765
0.549203731437528214343
-2.043622090881810246
0.311770103756754835909
1.46645677115402382795
9.36208842885701040732e-16
0.83060266254407789099
-0.425087696750822257893
-0.116428806632599541312
0.113568147163342734411
-0.0476338849411629039979
0.0355409906270316615736
0.0355409906270323081415
-0.250331945081944445806
1.46645677115402346381
4.98117377770306038268e-16
0.830602662544077913396
-0.00460837549634864125345
0.754394678887749392404
-0.221787878846060353855
-0.231417640408100611548
-0.0289595959772480809019
-0.191526080086248181145
-0.425087696750822056638
-0.116428806632599346948
-0.221787878846060340995
0.0712049757685546530797
0.0387868118649400054974
0.113568147163342620585
-0.137516348491914681922
-0.318982270807024659226
0.651259935481998570795
-0.365610051352516284032
-0.0687429616153722095068
0.40607738685937842495
-0.235203923982920030318
0.31355827819863777983
-0.784143940908264627952
0.962349491200076488071
-0.784143940908263806979
0.386383589561448503552
0.250331945081944692152
-0.0355409906270317064909
-0.0355409906270325460032
0.0476338849411628429687
0.191526080086248164806
0.0289595959772482216299
0.231417640408100674735
-0.0387868118649401092856
-0.0712049757685547033236
0.137516348491914784927
0.313558278198637766384
-0.784143940908264554263
0.9623494912000764889
-0.784143940908263925274
0.386383589561448497549
-0.311770103756754684295
2.04362209088181152121
-0.549203731437529621778
-1.86294636900622192407
-0.830602662544078051579
-9.23660850942870897663e-16
-1.46645677115402394636
0.11642880663259982986
0.425087696750822106836
-0.113568147163342731356
0.250331945081944646759
-0.0355409906270317446556
-0.0355409906270323667541
0.0476338849411628301998
-0.830602662544078073978
-4.8557025211982229343e-16
-1.46645677115402358223
-0.754394678887749283328
0.00460837549634852324648
0.221787878846060464557
0.191526080086248251214
0.0289595959772480664215
0.231417640408100656214
0.116428806632599635494
0.42508769675082190558
0.221787878846060451696
-0.0387868118649400532701
-0.0712049757685545917665
-0.113568147163342617531
0.137516348491914701661
1.29973119002741379685
-2.15233600531292521142
1.8108272072829117334
-0.875234670005566812888
-0.417006955789983352255
0.603454335348319041664
-0.158789083066270580725
1.75357950857262103181
-2.51333541466820845719
2.91435454830489436878
-0.142569172421839070829
-0.921692578557425191247
0.245740923639994692086
-0.286106997127850324528
0.946912596471937703449
-0.895232842037430170184
0.103303370319949032775
-0.256944943929934369444
-0.061409784589470407623
0.0490539818857804973566
-0.114289027456988633216
-0.158789083066270771997
1.75357950857262066972
-2.51333541466820858267
2.91435454830489560244
-0.142569172421839076232
0.297200420329005575142
-2.20759409276126787146
5.84192951777818966859
12.4695543575095237813
-0.554626906435694170265
-0.387028751812350755291
2.24580349675116427495
-0.485949776585579363737
-0.23923211184114404517
0.230392200796474079347
-0.921692578557425298381
0.245740923639995007607
-0.28610699712785100386
0.946912596471937818265
-0.554626906435694062145
-0.387028751812351119809
2.24580349675116356062
3.19815529180361822047
-0.363865313778327800004
0.416402057360827135919
-0.895232842037430417048
0.103303370319949251609
-0.256944943929934048781
-0.485949776585579456385
-0.239232111841143539621
0.416402057360826972387
-0.0614097845894705705235
0.049053981885780296387
0.230392200796474040352
-0.114289027456988349606
0.356677421140591938189
0.0145967524084801307364
-0.273811465164999286196
-0.516693735737721035067
1.69738458519333377883
-1.47873712139423655909
-0.619463079658027904258
0.163140061165534520325
1.91613921742036508681
-2.9635831984378566773
1.87848608351701015672
-0.0423323535155867759124
-2.53302498366963070833
1.91613921742036426706
-0.245178605848504839247
-0.750791757671097359943
0.16314006116553530265
-1.20110861450879982877
0.00820021147564611859269
0.126200944060146861746
0.201723187041806720812
-0.335721796719640520874
0.236152572914919183954
0.786595248555914184447
-1.33197079255502641914
0.497869359099770898307
-0.20397471149966893064
-4.60944376349407901581
3.81278571553109231651
-0.69444618941274893475
-12.5936930772237708775
-4.60944376349407905092
-0.379800569778512445486
-1.7625746056331130346
1.51584068741983899114
0.138060618580127210697
0.179163810819907113799
0.217319010547813907019
-0.262877406876261741494
0.64105058799633349252
-1.66484978242348446558
0.466051085242077759757
-1.86536930241405145383
-1.74112669850007449453
1.86549883305295972967
1.04275011182891865713
0.0902519686685251906566
-0.0895072574180084013547
0.440357166841415309063
0.387387865994592265289
-0.943911521936816514198
0.259280832171819732183
-0.0427225640317790815317
0.0549031425223065527373
0.0092705318745063563212
-0.0670638537767772415022
-0.456498619298939477187
0.352345090063578117245
0.0588058649956959851099
-0.0588058649956960457852
-0.352345090063577943965
0.456498619298939104581
0.722464911250553531213
-0.813103536885512917655
4.03365747189371734802e-16
0.81310353688551170099
-0.722464911250552484358
-0.597027691760616966859
0.997890481827108379073
-0.997890481827108510085
0.597027691760617044236
-0.116376846556535222032
3.03808515135797237666e-17
0.116376846556534903882
0.0196937972979291931809
-0.0196937972979293561819
3.31102962533375388434e-17
0.427126425361980687728
-0.428198910389354357257
1.48607628610602332552e-16
0.428198910389353668153
-0.427126425361979983519
-1.20923163765908664243
2.04362209088181204117
-2.04362209088181191872
1.20923163765908612502
2.42880626235410006635
-1.20171352546557073255e-15
-2.42880626235409967371
1.07880242809795719331
-1.07880242809795730739
-1.23312077134747106307e-16
0.0285440662358840743595
-0.0762079836563281025072
0.0762079836563283452051
-0.0285440662358840952618
-0.0401493661233804289733
-6.27744782365995447039e-16
0.0401493661233803190286
1.43091578052699147879
-1.43091578052699178811
-4.35974563873738674596e-17
-0.0302617987598120983395
-5.89016479104757809716e-17
0.0302617987598121419773
-0.39612810077357399715
0.396128100773573898071
-1.18364825913698885883e-16
0.0747813352984026573979
-0.0747813352984025854658
3.71921305796289962206e-17
-1.82205045112689214387e-17
1.47873712139423978733
-1.69738458519333668858
0.516693735737721710794
0.273811465164999880806
-0.014596752408479931467
-0.356677421140592725918
-1.87848608351701534342
2.96358319843786373898
-1.91613921742036889816
-0.163140061165534049677
0.619463079658028815574
0.245178605848504602686
-1.91613921742036811382
2.53302498366963610526
0.0423323535155869658812
1.20110861450880183289
-0.163140061165535495557
0.750791757671098350618
-0.126200944060147006817
-0.0082002114756455799091
-0.201723187041806981323
-0.497869359099772853395
1.33197079255502981489
-0.786595248555915460107
-0.236152572914919751975
0.335721796719641025778
0.694446189412750772842
-3.81278571553110156478
4.60944376349408958538
0.203974711499669823806
0.379800569778513146784
4.6094437634940882298
12.5936930772237790715
-1.51584068741983968611
1.76257460563311484749
-0.138060618580126919071
-0.641050587996334042073
0.262877406876261014555
-0.217319010547813781751
-0.17916381081990731125
1.86536930241405367835
-0.466051085242076864235
1.66484978242348572696
-1.86549883305296033874
1.74112669850007628543
-1.04275011182891929775
-0.44035716684141584019
0.0895072574180086103246
-0.0902519686685252486031
0.94391152193681732333
-0.387387865994592059052
-0.259280832171819468602
-0.0549031425223067297014
0.0427225640317788598532
-0.00927053187450660733222
0.0670638537767774419545
-0.343155852817688954472
0.028196090259689216599
0.0274706170412485018578
0.176739001462424235136
0.659077563310038484845
-1.5977767875767123362
0.691740561644463382118
-0.103303370319947320195
-0.245740923639996610111
-1.7535795085726185892
3.09251398250259340315
-0.630522565104637282573
0.286106997127850528148
2.51333541466820972608
-2.94195873078351168086
0.00981989378063853119588
-2.91435454830489585058
2.00991008251769353679
-0.639761182787681933213
0.0745822688698847732626
-0.606578936183762260601
0.247241506516953859106
-0.0136979421993471855637
-0.160887301736977573181
-0.47733535986677056173
0.972068809972111043218
-0.667038654309061982387
0.387028751812349419035
2.20759409276127020371
-2.78965763362855991142
0.0181038210504383150789
-5.84192951777818698687
4.53387160779238911585
-12.7680981619501009836
-6.10562191917225245576
-1.34085453378918681206
0.00363601430237075899619
-0.0405989544939287374352
-0.160887301736977648191
0.25885587314875902932
0.280255866796527049497
0.387028751812352010276
-0.30701572343442964827
-2.32941294373296609764
0.404149167125818610656
-2.85096050800713069888
-0.0743581694948798508144
-0.0136979421993483827646
-0.0339977831341318422445
0.307358963731211954023
0.129396911838150928003
0.55446418997064242302
-0.0286990410458461615777
-0.0280075270524939104526
-0.146878879083452881964
0.0341892167445899435855
1.59777678757671121991
-0.659077563310036554507
-0.176739001462425503121
-0.0274706170412473323607
-0.0281960902596910302699
0.343155852817690381405
-3.09251398250259448693
1.75357950857262009916
0.24574092363999588029
0.103303370319948716129
-0.691740561644464468222
2.94195873078351073642
-2.51333541466820846784
-0.286106997127851824992
0.630522565104637930774
-2.00991008251769389872
2.91435454830489638078
-0.00981989378063848936443
-0.0745822688698843356299
0.639761182787681355283
0.606578936183762255082
-0.972068809972111490268
0.47733535986677105377
0.16088730173697736344
0.0136979421993478438014
-0.247241506516954504323
2.78965763362855901013
-2.20759409276126788768
-0.387028751812352377929
0.667038654309063632018
-4.53387160779239103236
5.84192951777819076428
-0.0181038210504399301871
6.10562191917225296171
12.7680981619501003176
1.34085453378918684395
-0.258855873148758726287
0.160887301736977105541
0.0405989544939288642533
-0.00363601430237077993928
0.307015723434429208586
-0.387028751812351108424
-0.280255866796527294568
-0.404149167125817925112
2.32941294373296513525
2.85096050800713070898
0.0339977831341319332387
0.0136979421993483881949
0.0743581694948798925736
-0.129396911838150993435
-0.307358963731211975201
-0.554464189970642410319
0.0280075270524939404939
0.0286990410458460871482
0.146878879083452897442
-0.0341892167445899315
4.05587477760769508812e-16
-8.05530371013166797536e-17
-5.47685165022447861148e-17
-5.47670565806856406615e-17
-8.05557193664503984603e-17
4.05589250657830792601e-16
-8.59035532501039992152e-16
2.71880142261407699673e-16
1.88175573102802709774e-16
2.71884179955247559601e-16
-8.59039851245557798408e-16
9.64173501019461024134e-16
-5.62984529043062864143e-16
-5.6298725671085344282e-16
9.64177993256973854978e-16
-9.61369618272774947517e-16
1.22684870275306349861e-15
-9.61370564034424905217e-16
1.23566009908967919772e-15
1.23566032094889640359e-15
-7.57209569378696461277e-18
-2.50344777248207974123e-16
4.49061932884627166947e-17
5.08868133915753674084e-17
4.49056196238471539687e-17
-2.50348244511056457345e-16
7.73648098404476089847e-16
-2.84124387494595669464e-16
-2.84138385111238535955e-16
7.73655477080770985815e-16
-1.47675778413764013377e-15
1.04377074190037507366e-15
-1.47676064291086935445e-15
3.83393585337225602601e-15
3.83393340239630687265e-15
1.70717006659417082895e-15
-4.60135145203668925544e-17
2.74526866098578296365e-17
2.74514035451119393241e-17
-4.60139630231215789309e-17
4.7486681549239116752e-18
-1.07377815392588354348e-16
4.74534088826705044954e-18
1.05837181884106595e-16
1.05828625906326428425e-16
8.60171021474795616625e-16
1.07500504803693934099e-17
4.94094950826614354437e-18
1.07545678966510557407e-17
7.13366736898063307548e-18
7.13813039569496890099e-18
8.35966507808101100951e-17
-1.23778171657760438848e-17
-1.23772437984621214947e-17
-1.0091073876589665203e-16
4.98363564351158344643e-17
-0.731527475999124915744
0.703897776933359151676
0.553557323210330905975
-1.51572394648772654159
1.93012840241933004461
-1.23297980884841962982
0.703897776933359239044
1.32520170171784877628e-15
-3.78553540633302943585e-16
-9.22384628511844905548e-16
-0.910298161793080804012
0.553557323210330668436
-1.89719127221425055398e-16
7.4790389263045782521e-16
-1.4012194064150210139
-1.51572394648772563864
-8.19250677628337953001e-16
-1.40121940641502062804
1.93012840241932858371
-0.910298161793080793695
-1.23297980884841952982
0.289287096605822509061
-5.16406410553696182143
4.57509561578329000578
-3.26853829814428811887
1.39701404264193746549
-5.16406410553696071646
-4.4638056182738532198e-15
3.42846715104641303456e-15
1.85774782285942099756
4.57509561578328826291
2.71221107410585254354e-15
2.53900436870982648568
-3.26853829814428690937
1.85774782285942056709
1.39701404264193744956
-9.61591095827209382792
-5.96917684639212345834
1.88345193647227960238
0.640530549642207499922
-5.96917684639212406637
2.61553840220527337941e-15
1.99338472668161866271
1.8834519364722789399
1.99338472668161890849
0.640530549642208318224
-1.89148799427656751898
0.710534020721712791265
-1.99544641938668597798
0.710534020721712063875
-6.08474556553328936314
-1.99544641938668610765
-0.0387120737986248158721
0.338271818117359084397
0.338271818117359389152
-0.502303070780953968195
0.279319446214678638658
-0.432144974550610003667
0.0914980035765989153491
0.356173147343186373667
-0.650740192913175415081
0.369113266790432782252
-0.236239222998481797082
-6.10919363378489853318e-16
2.35850072216101830209e-16
-4.35227964813724383879e-17
0.0163018718881940137797
0.154167473988622204325
5.43015508732935800295e-16
-4.82045764304423126138e-16
0.392039175574083039942
0.419965539471913826185
-2.27080284130466044297e-16
0.444213387883823307447
-0.83032939034515135303
-0.286610759182576056402
0.465338568832957001538
-0.486203953304496472722
1.50308860783751366067
-1.84468243841252335952
1.50308860783751355634
-0.598747097006889290212
0.119236427254547477257
3.72224158616987380156e-16
-5.57200951619293607633e-16
-0.854404264518807850849
-1.80364536749457731013
-1.19294093116936806883e-15
-1.60249189553779050092
1.84028970276730979401
0.637524603142278400596
-0.649227892021472942588
2.13300220639525881799
0.239346332431986544306
-1.920959354489113617
0.525202010846480589243
2.82486290905946217978
3.92396857145903568654e-16
1.648179822505144463
-1.80364536749457715296
-1.16639581833442526808
0.691480669361130144208
1.42454280223974779847
-0.0555112862959319097102
0.955084304585610452571
0.119236427254547595465
1.27968811450491761019
-0.773129675355177865821
0.141459337829178823045
0.0416374407491582816304
-0.124635031346815532319
0.124365212115892884061
-0.369113266790432422634
0.650740192913174907171
-0.356173147343186122941
-0.0914980035765991823662
0.432144974550610390439
-0.279319446214678728142
-0.0163018718881950121007
6.31200980434907298939e-16
-2.2262626935056754058e-16
3.78090371112292077298e-16
0.236239222998482117325
-0.39203917557408270857
-8.5056085107215413335e-16
5.00092774088720091057e-16
-0.154167473988622356296
-0.444213387883823268227
6.38281446835606522315e-16
-0.419965539471914165071
0.286610759182576827198
0.830329390345150708801
-0.465338568832957020283
0.598747097006889735765
-1.50308860783751359519
1.84468243841252322506
-1.50308860783751329508
0.486203953304495402825
0.85440426451880910216
3.09749824500435439755e-16
-5.13758826821650398569e-16
-0.119236427254548610891
1.60249189553779052355
1.68288309034419343258e-15
1.80364536749457705105
-0.637524603142279052973
-1.84028970276730975368
0.649227892021472969263
-0.525202010846480240254
1.92095935448911397546
-0.239346332431986558237
-2.13300220639525861313
-1.64817982250514397639
-6.78866742282843977489e-16
-2.82486290905946281722
1.16639581833442685529
1.80364536749457608717
-0.691480669361130339286
-0.955084304585610841389
0.0555112862959318130286
-1.42454280223974723785
-1.27968811450491682023
-0.119236427254548286484
0.773129675355178294249
-0.0416374407491582903159
-0.141459337829179037233
0.124635031346815467108
-0.12436521211589284257
1.23297980884841844105
-1.93012840241932872119
1.51572394648772590033
-0.553557323210330134814
-0.703897776933360578393
0.731527475999125723783
0.910298161793082863076
-1.20997097046022978099e-15
5.57940505055087524796e-16
-8.72385383596288030258e-16
-0.703897776933359583543
1.40121940641501951786
1.92127504890585021503e-15
-1.39772757951465396804e-15
-0.553557323210330179507
1.40121940641502134736
-1.388295257628819136e-15
1.51572394648772646103
0.910298161793080455689
-1.93012840241932769011
1.23297980884841953285
-1.39701404264193753976
3.26853829814428762919
-4.57509561578329019619
5.16406410553696274358
-0.289287096605822395561
-1.85774782285942220005
-1.00502150477708431292e-15
2.51220870642640318587e-15
5.16406410553696147692
-2.53900436870982680085
-4.10990497204509242164e-15
-4.57509561578328657039
-1.8577478228594207992
3.26853829814428717123
-1.39701404264193745138
-0.640530549642207885302
-1.88345193647227953165
5.96917684639212555183
9.61591095827209238696
-1.99338472668162010867
1.62094255031398743058e-15
5.96917684639212131164
-1.99338472668162006466
-1.88345193647227775258
-0.640530549642208323191
1.99544641938668594372
-0.710534020721712629986
1.8914879942765668015
6.08474556553328905016
-0.710534020721711864943
1.99544641938668609764
-0.338271818117359252612
0.0387120737986252397835
-0.338271818117359358854
0.502303070780953850342
0.356677421140591708916
0.0145967524084802502422
-0.2738114651649992791
-0.516693735737720924598
1.6973845851933335646
-1.47873712139423611862
-0.335721796719640323328
0.236152572914919165491
0.786595248555913992828
-1.33197079255502661151
0.497869359099770850835
0.179163810819906944794
0.217319010547813839072
-0.262877406876261709465
0.641050587996333443523
0.0902519686685253617625
-0.0895072574180081310445
0.440357166841415265994
-0.0427225640317794057986
0.0549031425223061450998
-0.0670638537767769177289
-0.619463079658027724751
0.163140061165534425021
1.91613921742036493944
-2.96358319843785618057
1.87848608351700984033
-0.2039747114996687604
-4.6094437634940768329
3.81278571553109126719
-0.694446189412749094614
-1.66484978242348448882
0.466051085242076365187
-1.86536930241405144842
0.387387865994592517323
-0.943911521936815711782
0.00927053187450607377272
-0.0423323535155866265228
-2.53302498366963007864
1.91613921742036428192
-0.245178605848504766189
-12.593693077223769625
-4.60944376349407801814
-0.379800569778512713054
-1.74112669850007416063
1.8654988330529582148
0.259280832171819595922
-0.750791757671097576572
0.163140061165534996046
-1.20110861450879957434
-1.76257460563311345551
1.51584068741983796998
1.04275011182891856126
0.00820021147564624277552
0.126200944060146530233
0.138060618580127425931
0.201723187041806608474
-0.456498619298939351565
0.352345090063578043535
0.0588058649956960243578
-0.0588058649956960850325
-0.352345090063577870258
0.456498619298938978958
0.427126425361980626109
-0.428198910389354322453
1.48607770335217884973e-16
0.428198910389353633346
-0.427126425361979921903
0.0285440662358841219949
-0.076207983656328165071
0.0762079836563284077647
-0.028544066235884142897
-0.0302617987598121407152
-5.89070334495667519542e-17
0.0302617987598121843524
0.0747813352984026232104
-0.074781335298402551274
-1.82223949790229563122e-17
0.722464911250553472572
-0.81310353688551288178
4.03365048961613004614e-16
0.813103536885511665113
-0.722464911250552425716
-1.20923163765908679609
2.04362209088181118318
-2.04362209088181106074
1.20923163765908627868
-0.0401493661233805407433
-6.27749039945015974851e-16
0.0401493661233804308021
-0.396128100773573777236
0.396128100773573678151
3.71943844818142278466e-17
-0.59702769176061703786
0.997890481827108380713
-0.997890481827108511728
0.597027691760617115239
2.42880626235409977438
-1.20171300114784035236e-15
-2.42880626235409938174
1.43091578052699100455
-1.43091578052699131386
-1.18364943701987412602e-16
-0.116376846556535109616
3.03774556882705651859e-17
0.116376846556534791465
1.07880242809795716111
-1.07880242809795727518
-4.35975950640474369022e-17
0.0196937972979291684568
-0.0196937972979293314542
-1.23310322608461688699e-16
3.31072932603436395774e-17
1.47873712139423934685
-1.69738458519333647434
0.51669373573772160032
0.273811465164999873708
-0.0145967524084800509729
-0.356677421140592496644
-0.497869359099772805918
1.33197079255503000725
-0.786595248555915268486
-0.236152572914919733511
0.335721796719640828232
-0.641050587996333993073
0.262877406876260982529
-0.217319010547813713806
-0.179163810819907142253
-0.440357166841415797117
0.089507257418008340024
-0.0902519686685254197048
-0.054903142522306322072
0.0427225640317791841113
0.0670638537767771181869
-1.87848608351701502702
2.96358319843786324223
-1.91613921742036875078
-0.163140061165533954361
0.619463079658028636068
0.694446189412750932702
-3.81278571553110051544
4.60944376349408740249
0.203974711499669653568
1.86536930241405367295
-0.466051085242075469664
1.66484978242348575017
0.943911521936816520914
-0.387387865994592311077
-0.0092705318745063247895
0.245178605848504529631
-1.91613921742036812867
2.53302498366963547558
0.0423323535155868164904
0.379800569778513414344
4.60944376349408719702
12.593693077223777819
-1.86549883305295882389
1.74112669850007595152
-0.25928083217181933234
1.20110861450880157846
-0.163140061165535188943
0.75079175767109856724
-1.51584068741983866495
1.76257460563311526838
-1.04275011182891920188
-0.126200944060146675304
-0.00820021147564570409462
-0.138060618580127134305
-0.201723187041806868977
-0.436177120567208721026
0.0386012706341106304446
0.0483179912673337744263
0.196837200112508865766
0.784480118282348820411
-1.94407569022719352676
0.60801762888139533065
-0.0895072574180069313678
-0.262877406876262686071
-1.33197079255502491154
2.52771397553848278271
-0.26592117867466095896
0.217319010547813386605
0.78659524855591406068
-0.936659275209634760014
0.0876658072433079918566
0.236152572914920340534
-0.42797893915362209128
0.0964231778309695424086
0.250835975406962364829
0.0773579749259135383168
0.608017628881395282708
-0.0895072574180069629847
-0.262877406876262682873
-1.33197079255502485149
2.52771397553848279952
-1.115700741842921
0.466051085242075997742
3.81278571553109615342
-4.80387290120516845668
0.179832655989039418056
-4.60944376349407856448
3.71978458491494185245
-1.70706331933718213103
0.0439036339109856663088
-0.133259126353532762715
-0.265921178674661027491
0.217319010547813172689
0.78659524855591419761
-0.936659275209635037053
0.179832655989039183933
-4.60944376349407896588
3.71978458491494158517
-12.833039409655758031
-5.3578878927290946017
-2.17533455991084614449
0.087665807243307934434
0.236152572914920625526
-0.427978939153621763889
-1.70706331933718136859
0.0439036339109864285689
-2.17533455991084545672
0.0964231778309691411955
0.250835975406962067572
-0.133259126353533099327
0.0773579749259137297562
1.94407569022719565256
-0.784480118282348438159
-0.196837200112510658568
-0.0483179912673319513431
-0.0386012706341127328507
0.436177120567210235986
-2.52771397553848791129
1.33197079255502931231
0.26287740687626170798
0.0895072574180076296686
-0.608017628881396029847
0.936659275209635361554
-0.786595248555914824161
-0.217319010547813973367
0.265921178674661206118
0.427978939153622888676
-0.236152572914920527494
-0.0876658072433080710234
-0.250835975406962751504
-0.0964231778309693255319
-0.077357974925913655147
-2.5277139755384879281
1.33197079255502925226
0.262877406876261704783
0.0895072574180076612792
-0.608017628881395981908
4.80387290120517426007
-3.81278571553110026879
-0.466051085242077136281
1.1157007418429223348
-3.71978458491494745405
4.60944376349408713132
-0.179832655989037697262
-0.0439036339109866636551
1.70706331933718435901
0.133259126353533005312
0.936659275209635638596
-0.786595248555914961089
-0.217319010547813759451
0.265921178674661274644
-3.71978458491494718677
4.60944376349408753271
-0.179832655989037463131
5.3578878927291002514
12.8330394096557654052
2.17533455991084766259
0.427978939153622561283
-0.236152572914920812498
-0.0876658072433080135976
-0.0439036339109874259213
1.70706331933718359656
2.17533455991084697482
-0.250835975406962454259
-0.0964231778309689243107
0.133259126353533341921
-0.0773579749259138465827
-3.34306474257254400318e-22
-1.92489003112354128614e-22
8.93119308135634304243e-22
-1.57115752980342781646e-22
-1.32890670846769637036e-21
1.72645309670932330616e-21
1.3943237250786233639e-21
7.02569304712410490319e-23
-2.57471718665158753853e-21
3.62051429113274409866e-21
-2.38550402619496624753e-21
-2.22519494039047156632e-21
4.79929100516851351975e-22
-1.33884468482770011868e-21
4.74319476790775942892e-21
1.31852064104520969829e-22
2.20856323678731294207e-21
-1.75175426621477023249e-21
1.78538866925326326066e-21
9.21171379789530230106e-22
2.63256510110468705495e-22
1.00314103225136407757e-21
-1.77842148332543507186e-21
9.56495446399701053567e-22
1.33371038867158887883e-21
-3.08977836091481138076e-21
-6.16392802866550374137e-21
1.2457076598774677637e-20
-6.59381546157051082179e-21
8.63102949894482490377e-21
1.08017536324283604658e-21
-6.96860513550328451949e-21
3.92010419521454576836e-21
4.28844543484016346796e-21
-3.98067798021889074198e-22
8.5397513634781692984e-22
-1.72003641439678392318e-21
3.61914997159915255856e-21
-1.72981786441089271787e-21
1.06048842548492208543e-21
6.50919591957917224788e-21
1.34021908359202110066e-21
-1.38233619857202761482e-21
-3.02465100008220871074e-22
-7.43379848052990788562e-21
-3.91538471086467896212e-23
-7.93316326687843869815e-22
3.16565727690641350437e-21
1.65909281359095216452e-21
4.71132293561557439914e-21
4.29600262828951205042e-21
7.76243291661132871195e-22
3.78290104881724949942e-22
1.3208950815712306557e-22
-4.03038278666641052421e-23
5.90340442479374392579e-22
0.334873592907777457918
-0.061404550660950662223
-0.32186787248401240323
-0.259411976941059649052
1.24786534501156333741
-1.19965179308666213457
-0.0614045506609504415408
-9.59560650343430017316e-17
-4.71170537358539851112e-17
-1.85018427634272804133e-16
-0.413616781436902895372
-0.321867872484012725674
-1.67713728555456900308e-17
8.943783413342105482e-16
-0.475531342162003617401
-0.259411976941059120952
-1.23214578661612113815e-16
-0.475531342162003603837
1.24786534501156244421
-0.413616781436902886458
-1.19965179308666226958
-0.825068746021865032592
0.710534020721709699908
1.88345193647228048296
-3.26853829814428691037
2.38439003681373275138
0.71053402072170966776
1.30271122731103812024e-15
-1.37294036159321144435e-16
1.73526662138974104382
1.88345193647228053687
-4.02056290040020997946e-16
1.8827340975191987687
-3.26853829814428727484
1.7352666213897408859
2.38439003681373329046
-0.138526027908701591439
-5.96917684639212315238
4.57509561578328886735
-2.37106245491072518377
-5.9691768463921231281
-2.49844549690164725344e-15
-4.05434622135105707044
4.5750956157832880376
-4.05434622135105709935
-2.37106245491072408877
-9.61591095827209533611
-5.16406410553695966771
1.47425121400589057148
-5.16406410553695994858
5.38947954267750849678
1.47425121400589007348
-1.43196985622441112062
1.33117833602452245733
1.33117833602452318713
-0.455769949572025315799
-0.37734506956227928668
0.275940547562800316347
0.0779941837972504441584
-0.0779941837972503391368
-0.275940547562800952601
0.37734506956227994545
0.056203617312184164981
2.33976705188556816564e-16
9.04261207702527241224e-17
7.9504311216557275144e-17
-0.0562036173121847799055
0.0614684001753796881996
-2.47967228722474322233e-16
-1.03632532389307243123e-16
-0.061468400175379397443
-0.082116871686333805913
2.00947677584681816161e-16
0.0821168716863336901834
-0.312991246662074282375
0.312991246662074264992
3.65839624469329984437e-18
0.838619440727916358009
-0.974397618040274126905
-2.61862610563027324066e-16
0.974397618040274359528
-0.838619440727916464201
-0.232700282158099352085
-4.59501857289389928709e-16
-4.95336892596954323171e-16
0.232700282158100517918
0.0612747997944339020933
9.96543028261717232734e-16
-0.0612747997944345314748
1.0360781250559385264
-1.03607812505593869242
-3.48622545375512406582e-17
-1.18498675507527917121
2.34751676478340420164
-2.34751676478340453216
1.18498675507527932198
-0.118042169997968030348
1.09760644052470258754e-15
0.118042169997966556445
-2.02053619312418040327
2.02053619312418030292
1.1592761922340631354e-16
2.86078040178776746001
-3.19861585812278036336e-16
-2.86078040178776702925
3.19126737086735394194
-3.19126737086735441303
-1.25667039304835280567e-16
0.701093351001504971361
-0.701093351001504596212
6.03855198335431011514e-17
-3.15955876493323570751e-17
1.19965179308666086662
-1.24786534501156208892
0.259411976941059136048
0.321867872484012585929
0.0614045506609518890673
-0.334873592907779081616
0.413616781436904587305
-7.188214311440254862e-16
-3.10204158695275307448e-16
-7.50026767682721203947e-16
0.0614045506609517049047
0.475531342162002038251
1.27564817119643964724e-15
-5.05821041257072431815e-16
0.321867872484012774922
0.475531342162004013762
-9.78639252775837262482e-16
0.259411976941059199565
0.41361678143690233867
-1.24786534501156156856
1.19965179308666227549
-2.38439003681373333437
3.2685382981442874723
-1.88345193647227931051
-0.710534020721711653591
0.825068746021866918514
-1.73526662138974238791
-5.57070176248001384855e-16
3.66035601621924268524e-15
-0.710534020721712887616
-1.88273409751919718932
-4.11349505822547478018e-15
-1.88345193647227834836
-1.73526662138974128781
3.26853829814428798971
-2.3843900368137333373
2.37106245491072495894
-4.57509561578329013489
5.96917684639212620373
0.138526027908699781296
4.05434622135106021299
-9.37806564870150539806e-16
5.96917684639212268479
4.05434622135105733043
-4.57509561578328730235
2.37106245491072403454
-1.47425121400589108853
5.16406410553696237994
9.61591095827209330592
-5.38947954267750900128
5.16406410553696073844
-1.47425121400589012865
-1.33117833602452285976
1.43196985622441101232
-1.33117833602452322785
0.45576994957202530177
-0.343155852817688464505
0.0281960902596892033254
0.0274706170412484921776
0.176739001462424213868
0.659077563310038170593
-1.59777678757671134299
0.247241506516953661705
-0.0136979421993474105026
-0.160887301736977742497
-0.477335359866770648046
0.972068809972110643579
0.0036360143023708059526
-0.0405989544939285670923
-0.160887301736977652896
0.258855873148759046071
-0.0743581694948797617755
-0.0136979421993480482899
-0.0339977831341318596518
-0.0286990410458462937183
-0.0280075270524942337873
0.0341892167445901276301
0.691740561644462449131
-0.103303370319947122123
-0.245740923639996550837
-1.75357950857261768936
3.09251398250259234032
-0.667038654309061415078
0.387028751812349228397
2.20759409276126843301
-2.78965763362855919936
0.280255866796526800299
0.3870287518123510808
-0.307015723434429964249
0.307358963731212136628
0.12939691183815177527
-0.146878879083452923147
-0.630522565104636309925
0.286106997127850123683
2.5133354146682087426
-2.94195873078351122001
0.018103821050437919261
-5.84192951777818388314
4.53387160779238741395
-2.3294129437329652754
0.40414916712581766793
0.554464189970642142944
0.0098198937806375967644
-2.91435454830489224537
2.00991008251769324319
-12.7680981619500975585
-6.10562191917224809908
-2.8509605080071296411
-0.639761182787681315025
0.074582268869886080206
-1.34085453378918589524
-0.606578936183762453005
1.5977767875767102267
-0.65907756331003624025
-0.176739001462425481857
-0.027470617041247322679
-0.0281960902596910169965
0.343155852817689891439
-0.972068809972111090624
0.477335359866771140096
0.160887301736977532764
0.0136979421993480687446
-0.247241506516954306923
-0.258855873148758743038
0.160887301736977110266
0.0405989544939286939304
-0.00363601430237082689126
0.0339977831341319506494
0.0136979421993480537419
0.0743581694948798035388
0.0280075270524942638262
0.0286990410458462192859
-0.0341892167445901155411
-3.09251398250259342411
1.75357950857261919932
0.245740923639995821023
0.103303370319948518062
-0.69174056164446353524
2.78965763362855829808
-2.20759409276126611697
-0.387028751812352187262
0.667038654309063064707
0.307015723434429524583
-0.387028751812350178928
-0.280255866796527045369
-0.129396911838151840686
-0.307358963731212157795
0.146878879083452938621
2.94195873078351027556
-2.51333541466820748435
-0.286106997127851420531
0.63052256510463695813
-4.53387160779238933047
5.84192951777818766051
-0.0181038210504395343617
-0.404149167125816982419
2.329412943732964313
-0.554464189970642130243
-2.00991008251769360511
2.91435454830489277559
-0.00981989378063755493303
6.10562191917224860506
12.7680981619500968925
2.85096050800712965122
-0.0745822688698856426077
0.639761182787680737086
1.3408545337891859271
0.606578936183762447511
8.92170812413738810377e-22
1.28040264663220735337e-21
-4.44840611117675694525e-22
1.96814152192746484776e-23
-3.60668741941766322054e-21
4.95815601845633254906e-21
2.62169813416908539233e-22
-1.09140287391553161277e-21
-1.40459062061484606682e-21
5.28881633721976590416e-21
-5.5069574463185534694e-21
-1.78621501828489159134e-21
2.37295618724227698398e-21
-2.50424369817750195848e-21
1.97867566995600260076e-21
1.17457741367463696474e-22
5.49868621995675988587e-21
3.91727323831885001235e-23
1.78711184717915390235e-21
1.16045965611221300509e-21
-4.90641217586090814544e-24
-1.47155393794440899941e-21
2.38468517370853124557e-22
-2.72690225223366927684e-21
9.09820748061185551065e-21
-7.77321479572777874565e-21
1.81929330486535309313e-21
6.18870299406002318153e-21
-1.23102910216489081315e-20
1.24476402860079845621e-20
-1.19616086109281407814e-21
8.01554842483736767191e-21
-9.75283054016328099172e-21
2.60022394836653135345e-21
3.09392646604863850518e-22
8.75165795339234185623e-22
1.17879075458917211117e-21
-2.91123515612175168598e-22
-5.23736136777036464794e-21
5.65750983706490903321e-21
2.37559847155640048985e-21
5.60200523368521437138e-21
-7.51287728188527266011e-21
1.43249421398783677093e-20
9.76605263065502914904e-21
1.77853691375278922093e-21
1.41530621080904412715e-21
2.9606491839465055939e-21
-4.93516333427552160661e-22
1.26363800724062633784e-20
8.66391235230474111262e-21
7.20430195344745584828e-21
6.1595117232467108755e-22
-1.60162595419357646336e-22
4.61082508193210129795e-23
1.20251124032232561256e-21
-0.243439020393620825425
0.0426988897549798033481
0.0273156157456497810044
0.14045617649020479266
0.402254173414259743457
-0.958544962675503391909
0.0426988897549798673023
3.69463133681563447272e-16
1.12488520632062423789e-16
2.07320704943098856478e-16
0.0634513541716213627304
0.0273156157456493420097
1.14022297392728504033e-16
-4.17897683252178201143e-17
0.0791193211318231882551
0.140456176490205217334
2.10622241679398693856e-16
0.0791193211318231931476
0.402254173414259173849
0.0634513541716213749772
-0.958544962675503758755
0.584502662736357506924
-0.156863545477969370984
-0.294520479889594116381
-1.37545531904343824751
2.27645177500351653767
-0.156863545477968843168
-5.97652820146076054435e-16
5.40578906699931159499e-16
-0.267207139067765937332
-0.29452047988959350173
5.27126669687389721645e-16
-0.308324817529248810403
-1.37545531904343923794
-0.267207139067765971916
2.27645177500351771683
-0.75651673246811348088
0.629021964770016001067
2.96452234422402692649
-3.1189705436922896575
0.62902196477001435437
1.57746373264700026474e-15
0.617229938232223473337
2.96452234422402654874
0.617229938232223589588
-3.11897054369228966374
-0.144132932767485822641
-7.26982839112032416684
4.34507191258346443063
-7.26982839112031998764
-0.595779701321689599216
4.3450719125834658589
-8.8225561871474397839
-7.5177958750741810123
-7.51779587507418340498
1.3718715209707435226
0.958544962675504569735
-0.402254173414259420482
-0.14045617649020579177
-0.0273156157456490093759
-0.0426988897549799482558
0.243439020393620314501
-0.0634513541716207344045
-6.61911670698069834591e-16
-1.9492795682982133971e-16
-3.28746528696818670358e-16
-0.0426988897549797068174
-0.0791193211318236254918
2.25325417875467513854e-16
9.74868096781186805721e-17
-0.0273156157456491902356
-0.0791193211318228549666
-4.22034527070818976342e-16
-0.140456176490205562752
-0.0634513541716217476395
-0.402254173414259378732
0.958544962675504784929
-2.27645177500352239012
1.37545531904344255409
0.294520479889594164533
0.156863545477967531274
-0.584502662736355492716
0.26720713906776510326
9.82006385029229890057e-16
1.87895514912192359507e-16
0.156863545477968031301
0.308324817529249698789
-1.7347977056828896721e-15
0.294520479889593402052
0.267207139067764897605
1.37545531904344240227
-2.27645177500352003391
3.11897054369229610393
-2.96452234422403336487
-0.629021964770012816257
0.75651673246811153116
-0.617229938232223270238
-2.78405826263654605929e-15
-0.629021964770011712407
-0.617229938232223600491
-2.96452234422403005355
3.1189705436922926021
-4.34507191258347308742
7.26982839112033179322
0.144132932767490898022
0.595779701321687650213
7.26982839112033114684
-4.34507191258346980719
7.51779587507419551556
8.82255618714744026702
7.51779587507419049234
-1.37187152097074471222
4.05584525062452485093e-16
-8.05532597705262766179e-17
-5.47662309958856283091e-17
-5.47680073356286918736e-17
-8.05546952858353906876e-17
4.05585761925873082663e-16
-2.50345049685835188926e-16
4.49060704235050245876e-17
5.08858222948592398409e-17
4.49068883291322591452e-17
-2.50347747333467023132e-16
-4.60152218279865453187e-17
2.74573860832539541559e-17
2.74464854283128837412e-17
-4.60115471975784789505e-17
1.0753565455763009719e-17
4.94082585153305943797e-18
1.07529769746571338618e-17
-1.23764006559849361521e-17
-1.23757668097103042522e-17
4.98355481349630522094e-17
-8.59030332336131153674e-16
2.71880897331470563309e-16
1.88172819933213543787e-16
2.71880764369648980596e-16
-8.59032966413796386306e-16
7.73635965086750865022e-16
-2.84115306479593699599e-16
-2.8413963814553373235e-16
7.73646972666823080298e-16
4.75408851452410364025e-18
-1.0737283005282117785e-16
4.74704930183756520451e-18
7.13537116002709667828e-18
7.13372608785657172739e-18
-1.00909363183860934143e-16
9.64164921705082444483e-16
-5.62980383216313142665e-16
-5.62983123360238053271e-16
9.64169261411969037474e-16
-1.47674804319643978686e-15
1.04377078022997002004e-15
-1.47674267829897484976e-15
1.0583402009307902651e-16
1.05835877785941674144e-16
8.35956113668352598596e-17
-9.61360474802647625099e-16
1.22683965743767091365e-15
-9.61363822552566915457e-16
3.83390195533509892395e-15
3.83389864176740806475e-15
8.60162449218352939407e-16
1.23565123468880668889e-15
1.23565126204244053219e-15
1.70715598197164725824e-15
-7.5724121328747518876e-18
-2.88705552239507637781e-21
3.3294877522555818725e-21
8.03340539886290288182e-22
-1.47255869220421230321e-21
-1.21161312427782473702e-21
-1.14296080037744811186e-23
3.55605223967538623304e-21
3.78138904891139342822e-22
4.49272739959121242416e-21
-8.29377388529057237971e-21
-4.3831965353371628102e-21
-4.08441036029360897849e-21
8.29439217672828963922e-21
-4.84792704117858286409e-21
5.05639835792750487554e-21
3.25296972586350227399e-21
8.48431319057256877832e-22
-3.05004954037586200025e-21
2.41641073770253346855e-21
1.36218909475376720856e-21
-9.62724681969456028668e-22
4.30757863400344140958e-21
1.10429894777888581676e-21
3.26810726026039665382e-21
-1.0627841229235927368e-20
-1.39304938846313874101e-21
-4.34856163025019062888e-21
1.6391036647015431754e-20
-1.33873604327854026343e-20
-5.25681262014353736633e-21
1.00593185806104693481e-20
-5.3547846941305270981e-21
-8.15996679235358701151e-21
7.58204470529588699818e-21
-7.44726436755362752922e-21
2.27901772588465818784e-21
-6.94952207968303042139e-21
-8.50570344586544396399e-21
7.50341030313290631115e-21
4.17537627478293487245e-21
-1.53481269944548880146e-20
-7.50346934680928385773e-21
9.11432929367819693636e-21
-5.2105538729488679555e-21
-1.0223100258996662325e-21
-6.77861480449278807187e-22
5.34815501398133378788e-21
-1.3059202722357654079e-21
-6.7147632631281976837e-21
5.27219005400680510553e-21
-1.07316090304280577686e-20
1.03218665032636288202e-21
-1.69069518330472868847e-21
-2.78276774050758788028e-21
-3.01027911107540804569e-21
9.59389577133230832654e-22
