-1.50000000000000655659
-10.1414159363196681926
4.03618727030534873125
-2.24468464817616914303
1.34991331419048882655
-0.898819165357962705048
-10.1414159363196648587
-8.78293199989275820242e-15
2.86182161890856958077e-15
2.03341220973404724866e-16
-1.12843224443338245875
4.0361872703053471874
5.73123268645329555089e-15
-1.28890821144133995876e-15
-2.45781987292583356717
-2.24468464817616732118
-2.20288664246627639261e-15
-2.45781987292583057718
1.34991331419048818955
-1.12843224443338304554
-0.898819165357962670707
-10.1414159363196645589
-8.12307990800487474275e-15
1.21242767960554589326e-15
-1.15254601875984268022e-15
-1.12843224443338334258
-7.31831366867684609791e-15
9.6635391690234989465e-15
-1.12573995963641386227e-14
-10.0883770882506407318
4.92093853965877882303e-15
-1.21805415215042599275e-14
-10.3402995116729578727
-2.88541937725639416032e-15
-10.0883770882506396463
-1.12843224443338494813
4.03618727030535008634
3.5343116749611967297e-15
-2.30303125056682388909e-15
-2.45781987292583189519
2.39709429895796523978e-15
-8.37198067321782694195e-15
-10.3402995116729573267
-3.63288617467853189413e-15
-10.3402995116729559437
-2.45781987292583392482
-2.2446846481761668059
2.28606337537766845614e-16
-2.4578198729258335683
8.25496429314128503615e-16
-10.0883770882506406766
-2.45781987292583248955
1.34991331419048928925
-1.12843224443338424217
-1.12843224443338498489
-0.89881916535796288071
0.563846975653045599769
-8.822556187147440826
-2.6675597101969423219
0.396311426067816570259
-0.0690448446934430551569
-0.334297516778406686979
-3.28699404135770575053
-7.26982839112032102219
0.629021964770010992705
-0.156863545477966930971
1.18034696451890139685
2.78125607936700430725
2.96452234422403020716
-0.29452047988959100152
0.711146961757087513921
-2.32277392791479552693
-1.375455319043442779
0.908804455232521837438
1.79489292921675916879
-0.527377226316239692982
-0.831477365933043526828
-3.28699404135770536301
-7.26982839112032117946
0.62902196477001014787
-0.156863545477967452974
1.18034696451890076606
-1.57461273041921258471e-15
-2.20477949665393313724e-15
4.82859610983466384914e-15
3.39208796951486714009
2.27422055324731709587e-15
-1.49006768605113128374e-15
4.22561374361151207377
-2.67922323193238477383e-15
-3.22326341563778944563
-1.42377447581066642709
2.78125607936700453784
2.96452234422402900912
-0.294520479889593330697
0.711146961757087312833
1.0671052799530966614e-15
-9.4651564361472817454e-16
4.22561374361151157176
-2.62282946074622589009e-15
-4.35271100244914006789
-2.02592920831948132999
-2.32277392791479430549
-1.37545531904344021727
0.908804455232521586262
2.48805316522425995627e-16
-3.22326341563778817782
-2.02592920831948065145
1.79489292921675905468
-0.527377226316241239432
-1.42377447581066694232
-0.831477365933043288984
-0.731527475999125261716
0.289287096605822175045
-9.6159109582720950784
-1.89148799427656852861
-0.0387120737986250109341
-0.502303070780954149806
0.703897776933359188954
-5.16406410553696170485
-5.96917684639212480549
0.710534020721711809359
0.338271818117359965211
0.553557323210331368246
4.57509561578329119022
1.883451936472281493
-1.99544641938668507594
-1.51572394648772698854
-3.26853829814428876633
0.640530549642206666048
1.93012840241933065148
1.39701404264193782689
-1.23297980884841991799
0.703897776933359257615
-5.16406410553696198702
-5.9691768463921252155
0.71053402072171088031
0.338271818117360143192
1.63854577174052042317e-16
-3.02795126158730915027e-15
4.41336440108749069234e-16
-6.08474556553328659702
1.146733624120464411e-16
1.09401514424567125237e-15
1.9933847266816173707
-1.2179599299461513807e-15
1.85774782285941854068
-0.91029816179308134007
0.553557323210330514089
4.57509561578328985792
1.88345193647228030012
-1.99544641938668560325
-3.56840758072930773871e-16
1.48144129513223407114e-15
1.99338472668161766243
-1.53629297115715220002e-16
2.53900436870982476347
-1.40121940641502098727
-1.51572394648772574766
-3.26853829814428682462
0.640530549642207564064
-1.19227079495343280892e-16
1.85774782285942005353
-1.4012194064150211131
1.93012840241932980038
1.39701404264193749354
-0.910298161793081448366
-1.23297980884842023925
0.334873592907776898454
-0.825068746021863514215
-0.13852602790870437546
-9.61591095827209388331
-1.43196985622441036265
-0.455769949572026078116
-0.061404550660950475586
0.710534020721709115322
-5.96917684639212243483
-5.16406410553696073415
1.33117833602452034495
-0.321867872484011901852
1.88345193647228179653
4.57509561578329013733
1.47425121400589025953
-0.259411976941060136455
-3.26853829814428742843
-2.3710624549107253875
1.24786534501156394735
2.38439003681373310065
-1.19965179308666242717
-0.0614045506609506799658
0.710534020721708271498
-5.96917684639212262359
-5.16406410553696051192
1.33117833602452049737
-2.26511344854159775659e-16
1.6068051989278732376e-15
-4.13636997218356664664e-15
5.38947954267750049614
-5.394537425667235981e-16
-1.71737191165728707236e-15
-4.05434622135105525696
-2.41972280647221919371e-16
1.73526662138973932424
-0.413616781436903220719
-0.321867872484012228361
1.88345193647228012918
4.57509561578328892709
1.47425121400588904629
-6.235269154546113878e-16
-1.40317289483375179719e-15
-4.05434622135105658778
2.35495145916647070381e-16
1.88273409751919720867
-0.475531342162003493103
-0.259411976941059601135
-3.26853829814428552808
-2.37106245491072347068
3.64655031069840597715e-16
1.73526662138974091632
-0.47553134216200369124
1.24786534501156291835
2.38439003681373242515
-0.41361678143690325922
-1.1996517930866625321
-0.243439020393621657053
0.584502662736359691097
-0.756516732468116933962
-0.144132932767483062829
-8.82255618714744382349
1.37187152097074345396
0.0426988897549799291594
-0.156863545477969399972
0.629021964770016592443
-7.26982839112032967979
-7.51779587507418042004
0.0273156157456500809379
-0.294520479889592912562
2.96452234422403038416
4.34507191258346509449
0.140456176490204690641
-1.37545531904344018509
-3.11897054369229066831
0.402254173414260685309
2.27645177500351787345
-0.958544962675504154142
0.0426988897549797677243
-0.156863545477970118381
0.62902196477001542959
-7.26982839112033014653
-7.51779587507418000483
3.34749585906797386142e-16
-1.07845414768028772217e-15
-5.11173795419546454409e-16
-0.595779701321690658735
-3.70130268466164510628e-16
7.19691666995707304543e-17
0.61722993823222385915
-1.31906367865364289281e-17
-0.26720713906776629207
0.0634513541716212478709
0.0273156157456498546521
-0.294520479889594408587
2.96452234422402912715
4.34507191258346640576
-6.02531177765033472803e-16
-4.78523690349804830049e-16
0.617229938232223308217
-1.71197166534007377346e-16
-0.308324817529249442567
0.0791193211318233732265
0.140456176490204719116
-1.37545531904343871979
-3.11897054369229015672
5.4548630045107054957e-16
-0.267207139067765312824
0.0791193211318233234874
0.40225417341425982305
2.27645177500351760975
0.063451354171621214692
-0.958544962675504191185
-1.68511443907236431908e-16
4.04615298496035521998e-16
-6.33319233669643277275e-16
-1.14565799328424563999e-15
-4.57766679691589476687e-16
1.50012741844027366431e-16
8.0301697806422222109e-17
5.45737670709336318355e-16
-3.39746063763253037415e-16
2.63842394993161441068e-16
-8.3143664877307721385e-16
-5.01281177507102655231e-17
3.0852213333939748635e-16
1.14890574110949939491e-15
5.63297861610935161698e-16
1.67081675333294881075e-16
-7.62612980652743344118e-16
-5.07730677049173976256e-16
2.04207991322290015082e-16
4.67389774645758386534e-16
-2.35544817625746871092e-16
8.20232489149979711793e-17
3.9796001982380860746e-17
-1.37415470327828249415e-15
-1.07359881720870035868e-15
-1.01855897206430082386e-15
2.62760777929321683899e-16
2.22519083834388039583e-15
-1.07770427931440391407e-15
-5.1470500345304158396e-16
3.4001518480559904557e-16
-1.52193793448794042678e-16
-8.31103069041594787367e-16
6.05622618152995023927e-16
3.16903329414326523914e-16
-1.7139790777642725097e-16
-1.45980007492279657874e-17
6.0143828968460811271e-16
3.58014531571765997942e-16
2.07562202842396805531e-16
5.74326331903431859538e-16
-1.39353367799330246398e-16
-1.83867786886592630383e-15
8.12323140839273291403e-16
2.10142173894974325028e-16
1.50789037633294863968e-16
3.18659339259074736295e-17
-1.69264693959775005324e-16
-1.63289693267686702324e-16
7.92720621436713683076e-16
6.34109016765479582775e-16
2.00617625037901816102e-16
5.45362480454554420903e-17
9.58609070537420716056e-17
-6.34470013122825341278e-17
2.58034652000172173532e-17
-0.808024545317695443633
4.23080183371648262684
-1.56381583321646222135
0.796196615777495574134
-0.481558845786760761834
0.12706759674246114654
-1.73961922018315036567e-15
3.10092199215329987843e-15
-7.58794135044836880599e-17
-1.33264748610676284489e-15
-0.92963139973049987707
-2.52342677742945495256
-3.01615645861684637992e-15
1.3917814568586683187e-15
0.768348278742317077153
1.15282815853592947296
1.49349903321605378417e-15
0.683831346011438278709
-0.653547507429799873353
1.1376480747639214404
-0.0908584963847857035922
4.23080183371648118274
0.595779701321692205715
-0.617229938232222859379
0.267207139067764419851
-1.48722582998228740741
2.25598717137419304102e-15
-1.46811997967353431429e-15
-1.02198416565596441842e-15
-3.22326341563778733666
-2.37765651276567185184e-15
5.19525513108569854298e-15
4.22561374361151314139
1.54822842146876463172e-15
3.39208796951486973674
1.13764807476392235549
-1.56381583321646304372
-0.617229938232224081171
0.308324817529248454502
-2.10504852945130313918
-4.21260232267475014496e-16
-2.16705434945541150432e-16
-4.35271100244913953435
1.33066321790099377697e-15
4.2256137436115140116
0.683831346011439516736
0.796196615777495903842
0.267207139067765462889
-2.10504852945130440405
3.51477500784622652145e-16
-3.22326341563778865602
0.768348278742316450972
-0.481558845786760442397
-1.48722582998228734099
-0.92963139973049996493
0.127067596742461000061
0.00312460083544270204266
1.48342370621102666862
1.90404791153519155613
-0.297519246040707859736
0.0978248971976723507853
0.0800998107123985800724
0.782330355209521397382
0.298543804440572097168
0.083609446981802017586
-0.0681268518900685267397
-0.20169315975062796629
-0.956732490252576068659
-2.26390731780160366911
0.0836094469817996174469
-0.34204388786594700064
0.887467509034571364453
0.906270766150207082633
-0.420038071663197309408
-0.740794543530244874466
-0.477633707313428603487
0.457444880274678507692
0.342424686920098485785
3.19126737086735302355
-0.118042169997966733819
-0.232700282158100177387
0.0894173116419642968957
3.428144115513708193e-16
1.17912102735086837031e-15
-1.58057927292945053901e-15
0.499647718784927216911
-2.32962075976687532321e-16
-1.25593734583843179831e-15
-3.15755633730968765093
5.39481746009531228531e-16
0.499647718784927990888
0.0332136943297797128851
-1.13467541251212670827
-2.02053619312418186991
0.0612747997944348179888
0.929230625171562012882
-4.02376831223259383113e-16
9.39454262203226195185e-16
0.715514208172670936305
6.01330620479004116188e-16
0.715514208172672064423
0.867762224996182928759
1.13113152350059897802
1.03607812505593786486
0.662836705408665649693
-3.63297191856428495905e-16
0.180134939537764729409
0.744953577094999939975
-0.940177977189669587592
-0.81327972690584015429
-0.500288480243765970583
0.298045597549297858077
0.279319446214678794567
-0.486203953304496559648
2.13300220639525946177
1.42454280223974839453
0.141459337829178766371
0.12436521211589304339
-0.43214497455060994762
1.50308860783751367589
0.239346332431987346817
-0.0555112862959314219238
0.0416374407491580626245
0.0914980035765986850877
-1.84468243841252378921
-1.92095935448911421082
0.955084304585609855059
0.356173147343186613272
1.50308860783751390158
0.525202010846480969217
-0.650740192913175628278
-0.598747097006889596004
0.369113266790432899824
-0.236239222998481734403
0.119236427254547658182
2.82486290905946278486
0.11923642725454843016
-0.124635031346815425363
-4.6646256771872512125e-16
6.02831175870627376584e-16
8.84248208417412518935e-16
1.2796881145049179258
1.87231423609193864527e-16
4.04771137336186857775e-16
1.64817982250514459828
-1.22224807704663575167e-16
-0.854404264518807490488
0.0163018718881940801975
0.154167473988622211411
-1.80364536749457753054
-1.80364536749457878634
-0.77312967535517745261
5.57544149221889386045e-16
-1.62310016247902044013e-15
-1.1663958183344252054
-2.61150454957197311838e-16
-1.60249189553778995264
0.392039175574083075793
0.419965539471913738424
1.84028970276730975777
0.691480669361129955354
-1.91921192800337813144e-16
0.637524603142278075765
0.444213387883823348635
-0.830329390345151540136
-0.649227892021472790065
-0.286610759182575959625
0.465338568832957236904
-0.377345069562279202129
0.838619440727915781676
-1.18498675507527813683
2.86078040178776739847
0.701093351001504825334
1.27944748871137784537e-16
0.27594054756280022254
-0.974397618040274205529
2.34751676478340468316
-6.19244001549200231818e-16
-0.701093351001503655818
0.0779941837972504476168
-6.76754746726770192867e-16
-2.34751676478340552938
-2.86078040178776653567
-0.0779941837972502546044
0.974397618040274940868
1.18498675507527958196
-0.275940547562801092246
-0.838619440727916665449
0.377345069562280017697
0.0562036173121841263664
-0.232700282158099357263
-0.118042169997967612788
3.1912673708673539961
4.95306336265282575468e-16
1.37238121708265227098e-18
-1.02988939305572735954e-15
1.45876509897667145335e-15
-3.191267370867351897
2.5016873671130667673e-16
-8.90915724978431719868e-17
0.118042169997967367948
-3.10540888587339632471e-17
0.232700282158100325008
-0.0562036173121846318585
0.0614684001753797422405
0.0612747997944334963599
-2.02053619312418111979
-1.45887004601704319101e-16
-9.00229379875496130374e-17
1.13043839562275964973e-15
2.02053619312418014664
-7.66601938620127593072e-17
-0.0612747997944345886856
-0.0614684001753794697778
-0.0821168716863337927779
1.03607812505593865087
8.12872908885807653972e-17
-1.50251020270151649887e-16
-1.03607812505593847256
0.0821168716863337066744
-0.312991246662074364001
-1.22867812936005941096e-16
0.312991246662074363756
1.27764045874079156244e-16
0.958544962675506096805
-2.27645177500352562872
3.11897054369229994996
-4.34507191258347838532
7.5177958750742015581
-1.3718715209707453177
-0.402254173414259853806
1.37545531904344365671
-2.96452234422403643534
7.26982839112033640016
8.82255618714744088597
-0.140456176490206012892
0.294520479889593632597
-0.629021964770014306043
0.144132932767489690032
-0.0273156157456491884508
0.156863545477968140889
0.756516732468112594806
-0.0426988897549803579665
-0.584502662736356564285
0.24343902039362083576
-0.0634513541716208684924
0.267207139067766217935
-0.61722993823222554311
0.595779701321697880214
7.51779587507418922941
-1.67720766928562101314e-16
1.83294175304910246931e-15
-1.67766935937984047947e-15
7.26982839112033335043
-1.29520001707060593262e-16
4.89697778716400810213e-16
-0.629021964770012699552
-8.3236494728184357836e-17
0.156863545477968314658
-0.0426988897549797977361
-0.0791193211318240505069
0.308324817529251328123
-0.617229938232225901697
-4.34507191258347042668
7.28165975821753384557e-16
-8.6899586730689981945e-16
-2.96452234422403106572
1.93301900429502013025e-16
0.294520479889593733192
-0.0273156157456494126235
-0.0791193211318225029946
0.267207139067764111568
3.11897054369229293164
-1.00408439229786321344e-16
1.37545531904344220965
-0.140456176490205655261
-0.0634513541716221475186
-2.27645177500351965772
-0.402254173414259364885
0.958544962675505052389
-0.275757526427098897586
-0.627280559091164630229
-0.920693890795558982929
0.855338508422998778649
-0.454261634394404824497
-0.0333280157617575480357
1.72125695283023225205
3.64595819552791362175e-16
-1.15972553130548328405e-15
4.91859396496059222542e-16
0.149148697630375916478
2.87407338693822863453e-16
5.88136250950040040484e-16
2.23840025854774747339e-16
0.899942526583266236659
-1.7529619663678662949
-5.12187795704503527555e-16
-1.67357854690267288477
0.786356672223241244658
0.399676368778311414144
-0.837176663688732589402
-0.627280559091163907553
-5.38947954267750152874
4.05434622135105876381
-1.73526662138974155682
-0.496681380356177724968
4.25711277016170005819e-18
-3.58566234710087573388e-15
2.50796375591644902932e-15
1.85774782285942074782
5.50392975807491505675e-16
1.35780772253738028223e-15
1.99338472668161736136
-1.69790876712615650732e-15
-6.08474556553328879011
0.399676368778311112661
-0.920693890795558587565
4.05434622135105873078
-1.88273409751919882547
-0.925688064253017227663
-2.72741657948646680222e-16
1.84780675001893464945e-15
2.53900436870982637903
4.41212125322536302142e-16
1.99338472668161544281
-1.67357854690267347668
0.855338508422997628189
-1.73526662138974143939
-0.925688064253017131789
5.05486962332732913712e-17
1.85774782285942019409
0.899942526583266664247
-0.454261634394404455074
-0.496681380356177993338
0.149148697630375764695
-0.03332801576175740951
0.154954234098785596457
-0.473782415299767941906
-0.863586301009012272804
-0.16902886350329406512
-0.0519930959062854613733
-2.58005067292422971458e-17
-0.62766329113367496215
1.55859989413344474493
0.076276916076590319029
2.05384981284229751765e-17
0.0519930959062855452118
0.708459404155511322766
4.55168049042103672388e-16
-0.0762769160765902495762
0.169028863503294301884
-0.70845940415551124968
-1.55859989413344537045
0.863586301009010998164
0.627663291133675224072
0.473782415299768392839
-0.154954234098785944464
-0.111604191651665781047
-1.27968811450491861341
-1.64817982250514450732
0.854404264518808260394
7.00680168659242111375e-17
-6.38970475334083985358e-16
-8.85112202967782172399e-17
1.98136629911593373179e-16
-0.854404264518807749735
2.03140817862353745337e-16
6.10211552934748772899e-16
1.64817982250514500531
-3.94029019981757898822e-17
1.27968811450491778225
0.111604191651667077105
0.927297149343800624226
1.16639581833442778662
1.60249189553779078396
-2.81048961180688763103e-16
3.10579090893481926755e-16
-1.62660799844031111964e-15
-1.60249189553779005431
-6.04078362842079735072e-16
-1.16639581833442552193
-0.927297149343800465581
-0.271515129889216786475
-0.637524603142278912366
-1.48888682373698662254e-16
1.66136002835934447661e-16
0.637524603142278366697
0.271515129889215892178
-0.181101498323677852807
2.62493661060151014611e-16
0.181101498323678191686
-1.01491307846413660253e-16
-0.369113266790432550933
0.598747097006889917364
-0.525202010846480422352
-0.955084304585611132401
-0.0416374407491581059505
-0.124365212115892962813
0.650740192913174999244
-1.50308860783751363228
1.92095935448911373136
0.0555112862959308941516
-0.141459337829179034492
-0.356173147343186091832
1.84468243841252344232
-0.239346332431986132371
-1.42454280223974720433
-0.0914980035765992763264
-1.5030886078375133628
-2.13300220639525875551
0.432144974550610433079
0.486203953304495534957
-0.279319446214678820316
-0.0163018718881950756714
0.854404264518809402344
-1.64817982250514463536
-1.27968811450491730062
0.124635031346815348431
6.99771594539730905217e-16
-5.8828407466258526858e-16
-1.21974775170178149651e-15
-0.119236427254548872616
-2.46783933755587626703e-16
-3.21167532845361539938e-16
-2.82486290905946288872
3.34502908016552071785e-16
-0.119236427254548668951
0.236239222998482266345
-0.392039175574082829193
1.60249189553779024614
1.16639581833442753179
0.773129675355178223593
-6.66105258975897130515e-16
1.87411605102966915619e-15
1.80364536749457682318
5.11618203049753191928e-16
1.80364536749457705396
-0.154167473988622310146
-0.444213387883823156229
-0.637524603142278715491
-0.691480669361130216598
2.16688624854232868132e-16
-1.84028970276730962671
-0.419965539471914074498
0.286610759182576685751
0.649227892021472733215
0.830329390345150957731
-0.465338568832957066621
1.19965179308666150199
-2.38439003681373371529
2.37106245491072457108
-1.47425121400588974936
-1.33117833602452324919
0.455769949572025565551
-1.24786534501156263352
3.26853829814428867384
-4.57509561578329225927
5.16406410553696281562
1.4319698562244094702
0.259411976941059092304
-1.88345193647227998878
5.96917684639212760977
9.61591095827209296682
0.321867872484012720552
-0.710534020721712382891
0.138526027908700514911
0.0614045506609515272036
0.825068746021866224782
-0.33487359290777862368
0.413616781436905083975
-1.7352666213897427508
4.05434622135106178954
-5.38947954267750610971
-1.33117833602452216221
-7.38101666139726113881e-17
1.4831432145799375441e-15
-4.25902168974498432918e-16
5.16406410553696045574
-3.01120887516211752797e-16
2.56784139443209463752e-15
5.96917684639212217689
-2.50488407948906662959e-17
-0.710534020721712158028
0.061404550660951300057
0.475531342162001785077
-1.88273409751919639269
4.05434622135105809806
-1.4742512140058893042
9.98340709829567943891e-16
-3.34423021458955906496e-15
-4.57509561578328754995
-5.42101409243985388787e-16
-1.88345193647227857153
0.321867872484013168711
0.47553134216200444802
-1.73526662138974247894
2.37106245491072362513
-2.41405604272038427208e-16
3.2685382981442873978
0.259411976941059035431
0.413616781436902157141
-2.38439003681373225705
-1.24786534501156199697
1.19965179308666212654
0.83717666368873173237
-0.399676368778310487121
1.67357854690267356113
-0.89994252658326690262
-0.149148697630375111657
0.0333280157617575055164
-0.78635667222323974186
-2.65947155506607307183e-16
6.51465276326824629784e-16
-8.52846319950442116543e-17
0.454261634394403947222
1.75296196636786575186
7.48942659867482915068e-17
-6.81632069471760971992e-16
-0.855338508422997842914
-3.75598972037226843227e-16
1.8950018830577490142e-15
0.920693890795559978082
-1.72125695283023346444
0.6272805590911607501
0.27575752642710051485
-0.39967636877831072666
6.08474556553329001334
-1.9933847266816196862
-1.85774782285941941078
0.496681380356178143373
-1.84250611390609372826e-16
3.28062800742562555894e-15
-2.01256592077205180747e-15
1.73526662138973987598
-3.01874428177330442994e-16
-3.30553031015269412645e-15
-4.0543462213510570539
2.58794577460498296797e-15
5.38947954267750443982
0.627280559091161782022
1.6735785469026731909
-1.99338472668161965026
-2.53900436870982694869
0.925688064253017275789
4.72543047581164452327e-16
-3.85508561145152735808e-16
1.88273409751919766643
-1.12255176299137421521e-15
-4.0543462213510572234
0.920693890795560549581
-0.899942526583266854704
-1.85774782285941957796
0.925688064253017752503
2.73618553881495586066e-16
1.73526662138974103169
-0.855338508422998266586
-0.149148697630375882493
0.49668138035617789032
0.454261634394404409893
0.0333280157617576632545
-0.457444880274677844696
0.477633707313427929222
0.42003807166319821985
0.342043887865947205883
0.201693159750627968476
-0.0800998107123986165097
0.740794543530244131913
-0.906270766150206149759
-0.0836094469818008122885
0.068126851890068240005
-0.0978248971976720361183
-0.887467509034571099833
2.26390731780160397965
-0.0836094469818008957216
0.297519246040707339495
0.956732490252576023598
-0.298543804440574122123
-1.90404791153519064983
-0.782330355209521594882
-1.48342370621102446564
-0.00312460083544321534048
-0.0332136943297805783958
-0.499647718784926750204
3.15755633730969029469
-0.499647718784928023048
-0.0894173116419643363623
7.55566970246921550497e-16
-7.40246447148902210793e-16
3.63650479668049473283e-16
0.232700282158100538418
-2.44479585570988496433e-16
8.61396659981058816301e-16
0.118042169997966902364
-4.32031850882168828828e-16
-3.19126737086735320396
-0.342424686920098079444
-0.867762224996182571307
-0.715514208172672726103
-0.715514208172672468553
-0.92923062517156217211
-5.6095831843114791821e-16
1.36180632354792449579e-15
-0.0612747997944342740638
7.93584059069921757346e-16
2.02053619312418044556
1.13467541251212613014
-0.744953577094999737418
-0.180134939537764299881
-0.662836705408666001409
3.96404276255263512032e-16
-1.03607812505593828617
-1.1311315235005987617
0.500288480243766536628
0.813279726905840003829
0.940177977189668826472
-0.298045597549297635842
1.23297980884841882093
-1.39701404264193748877
-0.640530549642207854161
1.99544641938668635449
-0.338271818117360140304
0.502303070780954226959
-1.93012840241932881805
3.26853829814428666809
-1.88345193647227966709
-0.710534020721710867114
0.0387120737986251959477
1.51572394648772554693
-4.57509561578328981342
5.96917684639212539601
1.89148799427656752757
-0.553557323210329964306
5.16406410553696252554
9.61591095827209218106
-0.703897776933360580943
-0.289287096605822818741
0.731527475999126284747
0.910298161793083041472
-1.8577478228594208953
-1.99338472668161998497
6.08474556553329050353
-0.338271818117359759678
-1.57724175961181875044e-15
9.13871688240935707336e-16
3.54368766374015885127e-15
-0.710534020721710647516
5.0421348447421007775e-16
-3.38557755154457527991e-16
5.96917684639212014258
-4.0206434380167969494e-16
5.16406410553696171667
-0.703897776933360169225
1.40121940641501944693
-2.53900436870982641275
-1.99338472668161848877
1.99544641938668628439
1.70186701323912131173e-15
-2.63656798681387861298e-15
-1.88345193647227855487
-1.20275124720998765021e-15
-4.57509561578328760191
-0.553557323210329687566
1.40121940641502178869
-1.85774782285942128
-0.640530549642207564897
-1.13293828640755411844e-16
3.26853829814428744217
1.51572394648772632175
0.910298161793080732324
-1.39701404264193730193
-1.93012840241932899684
1.2329798088484194297
0.0908584963847846512414
-1.13764807476392201459
-0.683831346011438783336
-0.768348278742317727219
0.929631399730501663561
-0.127067596742461210441
0.653547507429801608181
-1.97239997955838879367e-15
-1.12909611435065215869e-15
3.04647158379530136672e-16
0.481558845786760026149
-1.15282815853593129852
2.63262542871308453449e-15
1.09902836375468080219e-15
-0.796196615777495455491
2.52342677742945760505
-6.39603503809053639669e-15
1.56381583321646252926
-3.49363141383592689063e-15
-4.23080183371648001964
0.808024545317696921044
-1.13764807476392177217
-3.39208796951487408105
-4.22561374361151578151
3.22326341563779219836
1.4872258299822876684
-1.61719377363662483065e-15
-2.35181217392691034685e-15
1.07150831394524343813e-15
-0.267207139067765473662
1.48337536094830524732e-15
3.20887468505656283371e-16
0.61722993823222365947
-4.26570475128130039493e-15
-0.595779701321693799843
-4.23080183371648103761
-0.683831346011439457892
-4.22561374361151573859
4.35271100244914302448
2.105048529451304013
1.51514469790782346892e-17
-1.77594520613725058323e-16
-0.308324817529249540393
8.17847028929134850331e-16
0.617229938232224886974
1.56381583321646179899
-0.768348278742317071849
3.22326341563778924328
2.10504852945130415007
-1.19512385781762854852e-15
-0.267207139067766879268
-0.796196615777495377709
0.929631399730501420568
1.48722582998228767524
0.481558845786759815525
-0.127067596742461494481
0.831477365933044889336
0.527377226316242976818
-0.90880445523252505472
-0.711146961757087993125
-1.1803469645189038359
0.334297516778407215686
-1.79489292921676291561
1.375455319043443451
0.294520479889593424722
0.156863545477967017161
0.0690448446934429970231
2.32277392791480076143
-2.96452234422403580751
-0.629021964770014453273
-0.396311426067816402164
-2.78125607936701116081
7.26982839112033569766
2.66755971019694579292
3.28699404135771344128
8.82255618714744207843
-0.563846975653046100978
1.42377447581067032554
3.22326341563779638976
-4.22561374361152332378
-3.39208796951487280275
-1.18034696451890206311
2.23505060407388255192e-16
2.95769393193650194869e-15
-1.66544310025634535511e-15
0.156863545477966773588
-1.111987718303517664e-15
-1.7809546132079891848e-15
-0.629021964770011929022
3.32180988805992546472e-15
7.2698283911203355597
3.28699404135770993131
2.02592920831948389037
4.35271100244914620889
-4.22561374361152033172
-0.711146961757088239689
1.46955227289910830634e-15
-1.03603023756664077251e-15
0.294520479889594576387
-1.52594753713581774902e-15
-2.96452234422403222564
-2.78125607936700712556
2.02592920831948345225
3.22326341563778840685
-0.90880445523252294899
-1.18842302666062166635e-15
1.37545531904344155332
2.32277392791479772072
1.42377447581066728377
0.52737722631624048561
-1.79489292921676088216
0.831477365933043295099
0.898819165357964746819
1.1284322444333830518
2.45781987292583421694
2.45781987292583274215
1.12843224443338424946
0.898819165357963434755
-1.34991331419049168005
4.0114418660764391092e-15
2.78432678136530049395e-15
1.75599966567044695371e-15
-1.34991331419048904969
2.24468464817617131252
-6.27587842715712789712e-15
-3.50784206530749945622e-15
2.24468464817616907167
-4.03618727030535299585
1.39970937777048178897e-14
-4.03618727030535139784
10.1414159363196766577
10.1414159363196658536
1.50000000000000027512
1.12843224443338397281
10.0883770882506491597
10.3402995116729700397
10.0883770882506469738
1.1284322444333843685
2.967725313820901879e-15
7.38764243062784681434e-15
7.38746339679343413675e-15
2.46646695027999641967e-15
-2.74488145459210912732e-15
7.42777295760563889421e-16
-1.48204560464662996543e-15
8.15310410305464233907e-15
5.10515405046969854905e-15
10.1414159363196686931
2.45781987292583276514
10.340299511672965978
10.3402995116729631894
2.45781987292583284956
2.22074288609137591541e-16
-4.72805857373530150764e-15
-6.76442595127670175772e-17
-1.31271929003179181902e-15
-1.08348812042595812431e-15
-4.03618727030534956193
2.45781987292583406428
10.0883770882506436111
2.45781987292583288711
-1.14245186894445172348e-15
-8.01566959190366938041e-16
2.24468464817616668726
1.1284322444333841427
1.12843224443338344564
-1.34991331419048936543
0.89881916535796282416
0.563846975653044669689
-3.28699404135770479691
2.78125607936700413251
-2.32277392791479608996
1.79489292921675929052
-0.831477365933043363773
-3.2869940413577033512
-2.30883118178110488629e-15
9.46033839653588913201e-16
-1.14504955820198650674e-15
-1.42377447581066530676
2.78125607936700318472
2.59259027743385986475e-15
-1.32090483634154325749e-15
-2.02592920831948118215
-2.32277392791479486683
-2.65761520476422261836e-15
-2.02592920831947938504
1.79489292921675860226
-1.42377447581066548011
-0.831477365933043353165
-8.82255618714743666361
-7.26982839112032471653
2.96452234422402781737
-1.37545531904344248856
-0.527377226316239713563
-7.26982839112032310514
-4.08963513687810654349e-15
2.74008296111623321501e-16
-3.22326341563778505832
2.96452234422402896258
2.62088009105839621069e-16
-4.35271100244913761639
-1.37545531904344278836
-3.22326341563778471673
-0.527377226316240881932
-2.66755971019694296578
0.629021964770011305173
-0.294520479889592388417
0.908804455232522796139
0.62902196477001189866
4.32312838253227021124e-15
4.22561374361151667095
-0.294520479889592062604
4.22561374361151555549
0.908804455232522705248
0.39631142606781613777
-0.156863545477968871297
0.711146961757088538235
-0.156863545477969131187
3.39208796951487034979
0.711146961757088380695
-0.0690448446934428503316
1.18034696451890187637
1.1803469645189021185
-0.334297516778406928694
-0.603454335348319569593
0.142569172421839733913
-0.946912596471938150926
0.256944943929934034083
-0.0490539818857805073188
0.114289027456988495139
0.417006955789983108545
-2.9143545483048949883
0.286106997127850996467
-0.10330337031994900344
0.0614097845894703578003
0.875234670005567466243
2.51333541466820812326
-0.245740923639994706244
0.895232842037430098484
-1.81082720728291187619
-1.75357950857262131993
0.921692578557424612086
2.15233600531292503351
0.158789083066270653728
-1.29973119002741388169
0.142569172421839921601
-12.469554357509528033
-2.24580349675116515055
0.239232111841143626095
-0.23039220079647408837
-2.91435454830489561781
-5.84192951777818705099
0.387028751812351178567
0.485949776585579766908
2.51333541466820801468
2.20759409276126882622
0.554626906435694007115
-1.75357950857262082121
-0.297200420329006378047
0.158789083066270597712
-0.946912596471938137786
-2.24580349675116432365
0.363865313778327499916
-0.416402057360826692103
0.28610699712785187296
0.387028751812350715904
-3.19815529180361663238
-0.245740923639994997881
0.554626906435694612923
0.921692578557425509601
0.256944943929933724056
0.239232111841143354718
-0.416402057360826865632
-0.103303370319949224222
0.48594977658557941021
0.895232842037430382551
-0.0490539818857802464032
-0.230392200796473821581
0.0614097845894707126263
0.114289027456988294045
0.356677421140591868662
-0.619463079658027830787
-0.0423323535155870733977
-0.750791757671097413238
0.00820021147564615949397
0.201723187041806632989
0.0145967524084799921402
0.163140061165534448519
-2.53302498366963066009
0.163140061165534576315
0.126200944060146607088
-0.273811465164999144479
1.91613921742036472158
1.91613921742036486669
-1.20110861450879921294
-0.516693735737721147295
-2.963583198437856833
-0.245178605848505516303
1.69738458519333370278
1.87848608351701032741
-1.47873712139423648298
-0.335721796719640649042
-0.203974711499669496886
-12.5936930772237715144
-1.76257460563311421143
0.138060618580126744787
0.236152572914919130822
-4.60944376349407820151
-4.60944376349407895162
1.51584068741983736457
0.786595248555914363004
3.81278571553109294128
-0.379800569778511198747
-1.33197079255502689224
-0.69444618941274977764
0.497869359099771249859
0.179163810819906947067
-1.66484978242348440986
-1.74112669850007511474
1.04275011182891782161
0.217319010547814011754
0.466051085242077838894
1.86549883305295826652
-0.262877406876261586137
-1.86536930241405082504
0.641050587996333637628
0.0902519686685251351191
0.387387865994592165957
0.259280832171819539393
-0.0895072574180085275824
-0.943911521936816423659
0.440357166841415325912
-0.0427225640317790252556
0.00927053187450629828078
0.0549031425223066290845
-0.0670638537767772470628
-0.343155852817688875562
0.691740561644463007837
-0.630522565104637144969
0.0098198937806384297176
-0.639761182787682259917
-0.606578936183762220429
0.0281960902596893756915
-0.103303370319947314278
0.286106997127849879016
-2.91435454830489510284
0.0745822688698853250309
0.0274706170412483612191
-0.245740923639996105922
2.51333541466820938905
2.00991008251769254924
0.176739001462424041504
-1.75357950857261874656
-2.9419587307835111198
0.659077563310038525861
3.09251398250259255398
-1.59777678757671157921
0.247241506516953823142
-0.667038654309061917397
0.0181038210504366731088
-12.7680981619500998985
-1.3408545337891849475
-0.01369794219934728079
0.387028751812349401582
-5.84192951777818626077
-6.10562191917224759575
-0.16088730173697688483
2.20759409276127020018
4.53387160779238664671
-0.477335359866771264341
-2.78965763362855892369
0.972068809972110990008
0.00363601430237074046255
0.280255866796526866769
-2.32941294373296579846
-2.850960508007128417
-0.0405989544939284165831
0.387028751812352023738
0.404149167125820148924
-0.160887301736977670233
-0.307015723434430285137
0.25885587314875920862
-0.0743581694948797744862
0.307358963731211677189
0.554464189970641803499
-0.0136979421993484578697
0.129396911838150601041
-0.033997783134131835481
-0.0286990410458461054432
-0.146878879083452429386
-0.0280075270524938423359
0.0341892167445897811382
1.13740928865449259593e-15
-2.36394005360249462055e-15
2.4333659619543333635e-15
-2.9280193849610848737e-15
3.11495096199863634798e-15
-6.86402194867177125872e-17
-2.66153920051755550122e-16
1.21439414326401207596e-15
-1.74416348573606975054e-15
3.15590144061702552707e-15
3.05560409991778778298e-15
-2.06098789710293732187e-16
5.68772580683030508277e-16
-8.80674324683100082442e-16
-2.55456375843645864949e-15
-2.79535851971320034793e-17
1.33581355264609183621e-16
2.20871980345392585666e-15
1.12742118226220750061e-17
-1.7996329306221822819e-15
8.02090528669050801114e-16
-7.2759431977751587602e-16
2.53146127085682534356e-15
-5.66490332562057296397e-15
9.46539636353305473205e-15
4.20655390951722571463e-15
3.92080508209269092189e-16
-2.50160296900283046729e-16
3.23977781831299799e-15
9.76195061132878691467e-15
2.86108032061839928937e-16
-3.53762131092375621249e-16
-3.45081256564409815937e-15
1.70457120987290051023e-16
1.73233609976829296065e-15
-5.94451940838778616305e-16
-1.60099177944286189218e-16
3.85450604352217918085e-17
1.45695413462870728954e-17
2.17196501279083532857e-15
1.49529155786252759527e-17
-1.55656407436112469033e-16
7.21696246932925052038e-16
-1.52654026313897555982e-16
-6.0006472271864715001e-17
-1.45327175074196410863e-16
4.44912041372584268919e-17
-3.48474123207408538187e-17
1.57127822883892421289e-16
-1.92073726031699381064e-16
-1.88693103756550095191e-16
-7.47889740548393430367e-17
-5.01327999236610460704e-17
-2.13065344931303808849e-16
-6.98737874540539377677e-17
1.04547209306177664367e-16
0.00312460083544307587689
0.342424686920098553083
-1.13467541251212659444
1.13113152350059939319
-0.940177977189670063822
0.298045597549297810458
0.782330355209520942135
2.0023434691362598325e-16
-1.05267367949580588172e-16
-7.71810627663770742894e-16
-0.50028848024376591123
-0.956732490252575696603
-3.28099907861592582168e-16
4.66248637732931365375e-16
0.744953577094999867385
0.887467509034571075128
3.95611239952873397517e-16
0.867762224996182516829
-0.740794543530244584924
0.033213694329779720007
0.457444880274678542629
1.48342370621102554339
3.19126737086735445266
-2.02053619312418124834
1.03607812505593801688
-0.813279726905840210621
0.298543804440571312734
1.67727017326960489073e-15
3.32344709693472256825e-16
0.180134939537765158386
-2.26390731780160310335
-1.66171554450087173712e-15
0.715514208172671448071
0.906270766150206883896
0.499647718784927441916
-0.477633707313428419295
1.90404791153519106409
-0.118042169997966829221
0.0612747997944348790848
0.662836705408666223292
0.0836094469818013119681
-1.35766867094843676321e-15
0.715514208172671612507
0.0836094469817999363756
-3.15755633730968820715
-0.420038071663197931973
-0.297519246040707600121
-0.232700282158100182242
0.929230625171562155637
-0.0681268518900681850534
0.499647718784927951571
-0.342043887865947072441
0.0978248971976721113858
0.0894173116419645126546
-0.201693159750628033451
0.0800998107123985684791
0.235203923982920455902
-0.386383589561449606019
-0.0476338849411628585206
-0.231417640408100781918
0.0712049757685548503353
-0.137516348491914752935
-0.40607738685937838534
0.784143940908264363245
0.0355409906270317880035
-0.0289595959772481313587
0.0387868118649400981994
0.0687429616153718704769
-0.962349491200076171964
0.0355409906270321192465
-0.191526080086248195755
0.365610051352516441781
0.784143940908263995214
-0.250331945081944303673
-0.651259935481998423082
-0.31355827819863745738
0.318982270807024366702
-0.386383589561449522811
1.86294636900622214689
1.46645677115402400004
-0.425087696750822118596
0.113568147163342786522
0.784143940908264503699
0.549203731437528225084
5.4268820891750992563e-16
-0.116428806632599373458
-0.962349491200076314562
-2.0436220908818104176
0.830602662544077651238
0.784143940908264057074
0.311770103756754753817
-0.313558278198637511869
-0.0476338849411628382007
1.46645677115402368886
-0.00460837549634849833836
-0.221787878846060340706
0.0355409906270317522753
4.73605235647734263646e-16
0.754394678887749581248
0.0355409906270321962511
0.830602662544077631851
-0.250331945081944560593
-0.231417640408100678793
-0.425087696750822059665
-0.221787878846060247584
-0.0289595959772480986768
-0.116428806632599334233
-0.191526080086248216283
0.0712049757685547154446
0.113568147163342604928
0.0387868118649400019117
-0.137516348491914717874
-0.456498619298939514147
0.722464911250553662042
-0.597027691760617137684
-0.11637684655653525551
0.0196937972979292346818
-3.39163583766367103917e-17
0.352345090063578103606
-0.813103536885513026786
0.997890481827108527309
-1.23578544519049273663e-16
-0.0196937972979293364977
0.0588058649956960924407
4.37682445316111715295e-16
-0.997890481827108647618
0.116376846556534814732
-0.0588058649956961003399
0.813103536885511818693
0.597027691760617236666
-0.352345090063577909047
-0.722464911250552661215
0.456498619298939118683
0.427126425361980724084
-1.20923163765908681396
2.42880626235410049518
1.07880242809795736184
-5.10647258846778551495e-17
-0.428198910389354397183
2.04362209088181169395
-1.2037941138600797648e-15
-1.07880242809795756269
-1.63263113553419784241e-16
-2.04362209088181215922
-2.42880626235409983093
0.428198910389354067094
1.2092316376590863802
-0.427126425361980214252
0.0285440662358841147993
-0.0401493661233804505749
1.43091578052699179605
6.39669229292797896239e-17
-0.0762079836563282744634
-6.54083320602951997011e-16
-1.4309157805269916421
0.0762079836563283552756
0.0401493661233804967185
-0.0285440662358841879745
-0.0302617987598121012927
-0.39612810077357407514
-1.96877269056080135325e-16
1.83426412874769504487e-17
0.396128100773573817604
0.0302617987598121474227
0.0747813352984026891208
1.42484658694581529578e-16
-0.0747813352984025958282
-8.19871551397288701754e-17
1.59777678757671134907
-3.09251398250259470417
2.94195873078351105061
-2.00991008251769391183
-0.074582268869884471674
0.60657893618376228008
-0.65907756331003659837
1.75357950857262000638
-2.51333541466820823668
2.91435454830489541807
0.639761182787680780344
-0.176739001462425474873
0.245740923639995617794
-0.286106997127851407269
-0.00981989378063758534009
-0.0274706170412473357127
0.103303370319948781281
0.630522565104637009116
-0.0281960902596910103928
-0.691740561644463655074
0.343155852817689924691
-0.972068809972111654156
2.7896576336285589613
-4.53387160779239033097
6.10562191917225207045
1.34085453378918495986
0.477335359866771307389
-2.20759409276126755579
5.84192951777818948646
12.7680981619500964843
0.160887301736977128659
-0.387028751812352246873
-0.0181038210504385787269
0.0136979421993479327856
0.667038654309062908143
-0.247241506516954333081
-0.258855873148758819984
0.307015723434429347303
-0.404149167125817646727
2.85096050800712913098
0.160887301736977090386
-0.387028751812350984518
2.32941294373296412342
0.0405989544939288312473
-0.280255866796527054585
-0.00363601430237075810969
0.033997783134131904392
-0.12939691183815107129
-0.554464189970641666628
0.0136979421993483462886
-0.307358963731211685524
0.0743581694948799367
0.0280075270524939924572
0.146878879083452406533
0.0286990410458460213127
-0.0341892167445897989729
0.15495423409878558152
-0.111604191651665806747
0.927297149343800675439
-0.271515129889216720128
-0.181101498323677770904
-1.07074499740410249398e-16
-0.627663291133674849893
-6.04313302801079593639e-17
2.76663510112067625304e-16
2.64599955153571281279e-16
0.181101498323678057768
0.708459404155511223797
3.93727948863253123097e-17
-2.55775718952819459628e-16
0.271515129889215773578
-0.708459404155511140799
1.47840611735952206245e-16
-0.927297149343800161624
0.62766329113367503077
0.111604191651666945043
-0.154954234098785874358
-0.473782415299767795253
-1.27968811450491887738
1.16639581833442781248
-0.637524603142278626219
2.50657968935411900344e-16
1.55859989413344505408
2.42520750356492869768e-16
-1.11532555739809863459e-15
0.637524603142278139814
5.10909521161725676803e-16
1.27809408537565062848e-15
-1.16639581833442520352
-1.55859989413344523787
1.2796881145049186757
0.473782415299768364471
-0.863586301009012267094
-1.64817982250514445965
1.60249189553779094967
-1.03181076629812421633e-16
0.0762769160765904290951
6.67711549735585453819e-18
-1.60249189553779022362
-0.076276916076590437753
1.64817982250514581937
0.863586301009011579083
-0.169028863503293882493
0.854404264518808402738
-3.04398124282650590875e-16
9.72855782091233773782e-17
-0.854404264518808023218
0.169028863503294364813
-0.0519930959062855836071
-3.20044874340586481583e-17
0.0519930959062854463445
6.65892856289102809356e-17
-0.318982270807024606973
0.313558278198637816723
0.250331945081944654459
0.191526080086248363696
-0.0387868118649401340256
0.137516348491914756165
0.651259935481998517805
-0.784143940908264433325
-0.0355409906270316814979
0.028959595977248181963
-0.0712049757685546124044
-0.365610051352516240878
0.96234949120007622254
-0.0355409906270324039846
0.231417640408100609498
-0.0687429616153721429851
-0.784143940908263670992
0.0476338849411628332517
0.406077386859378300373
0.38638358956144860841
-0.235203923982919956266
0.313558278198637791386
-0.311770103756754450307
-0.83060266254407830268
0.116428806632599757976
-0.113568147163342675291
-0.784143940908264449448
2.04362209088181154807
-8.0503763531537735336e-16
0.425087696750821853235
0.962349491200076466795
-0.549203731437529565905
-1.46645677115402368336
-0.78414394090826401162
-1.86294636900622174387
0.386383589561448628864
0.250331945081944643633
-0.830602662544078114854
-0.754394678887749684353
0.221787878846060449156
-0.035540990627031714138
-4.7292686688847241168e-16
0.00460837549634837043569
-0.0355409906270323233575
-1.46645677115402369549
0.0476338849411628597386
0.191526080086248313918
0.116428806632599656256
0.221787878846060452732
0.0289595959772481018245
0.425087696750821992413
0.231417640408100726144
-0.0387868118649401080576
-0.113568147163342658605
-0.0712049757685546811815
0.137516348491914773064
1.47873712139423972402
-1.87848608351701520642
0.245178605848504497402
1.20110861450880224462
-0.126200944060147088375
-0.201723187041806734195
-1.69738458519333665723
2.96358319843786377373
-1.91613921742036831419
-0.163140061165534728472
-0.00820021147564579961745
0.516693735737721440802
-1.91613921742036871564
2.53302498366963611155
0.750791757671098531438
0.273811465164999982753
-0.163140061165534465113
0.042332353515586698761
-0.0145967524084799040178
0.619463079658029077917
-0.356677421140592803023
-0.4978693590997726654
0.694446189412750594269
0.379800569778513224475
-1.51584068741983917841
-0.138060618580127035794
1.33197079255502972217
-3.81278571553110118918
4.6094437634940882643
1.76257460563311577469
-0.786595248555914665761
4.60944376349409025686
12.5936930772237791607
-0.236152572914920466603
0.203974711499669301703
0.33572179671964131774
-0.641050587996334061537
1.86536930241405394762
-1.86549883305295993917
-1.04275011182891936488
0.262877406876261275895
-0.466051085242076931799
1.74112669850007638686
-0.217319010547813945725
1.66484978242348541803
-0.179163810819907259281
-0.440357166841415917731
0.943911521936817555936
-0.259280832171819169449
0.0895072574180085411571
-0.387387865994592012473
-0.0902519686685253292947
-0.0549031425223067658085
-0.00927053187450677070845
0.0427225640317788962888
0.0670638537767775102154
-0.457444880274677903949
-0.0332136943297805614091
-0.867762224996182437552
-0.744953577095000398664
0.500288480243767495725
-0.29804559754929821785
0.740794543530244250114
1.71115145269763898627e-16
-1.13885458277653628033e-15
4.03938514539687348471e-16
0.940177977189669451368
-0.887467509034571323748
1.90420653088628253254e-16
1.0817338720978235496e-15
-1.1311315235005993708
0.956732490252575956291
-1.26116250453197430943e-15
1.13467541251212647341
-0.782330355209520972483
-0.342424686920097893436
-0.00312460083544331777596
0.477633707313428140655
-0.499647718784926718263
-0.715514208172672796066
-0.18013493953776462674
0.813279726905840612608
-0.906270766150206644504
-1.23408800673011859148e-15
1.18686775436709316672e-15
-1.03607812505593937706
2.26390731780160422916
-2.56557630263588913045e-16
2.02053619312418156336
-0.29854380444057611514
-3.19126737086735626246
-1.48342370621102516808
0.420038071663198036861
3.15755633730969067502
-0.71551420817267220551
-0.662836705408666307472
-0.0836094469818009452905
-6.57947556752897839241e-17
-0.0612747997944343424757
-0.0836094469818013357202
0.118042169997966936434
-1.90404791153519244993
0.342043887865947340212
-0.499647718784928042256
-0.929230625171562278823
0.0681268518900682260311
0.232700282158100183634
0.297519246040708181373
0.201693159750627951957
-0.0894173116419646418051
-0.0978248971976723955784
-0.0800998107123985752081
1.29973119002741353203
-0.158789083066269932441
-0.921692578557425232142
-0.895232842037430595443
-0.0614097845894702724911
-0.114289027456988421361
-2.15233600531292492433
1.75357950857262049669
0.24574092363999473264
0.103303370319948666229
0.0490539818857799290693
1.81082720728291147444
-2.51333541466820809566
-0.286106997127850681908
-0.25694494392993368626
-0.875234670005567020385
2.91435454830489470067
0.946912596471937254722
-0.417006955789982891919
-0.142569172421838781536
0.603454335348318902398
-0.158789083066270371439
0.297200420329005284392
-0.554626906435694412647
-0.485949776585579523363
0.23039220079647398249
1.75357950857262028248
-2.207594092761268614
-0.387028751812351641668
-0.239232111841143760028
-2.51333541466820859377
5.84192951777819057846
2.24580349675116337986
2.91435454830489613338
12.4695543575095247011
-0.142569172421838237051
-0.921692578557425274988
-0.55462690643569426927
3.19815529180361934589
0.416402057360826877331
0.245740923639994892893
-0.387028751812351335121
-0.363865313778328194088
-0.286106997127850976024
2.24580349675116393651
0.946912596471938298048
-0.895232842037430578789
-0.485949776585579385785
0.416402057360827036633
0.103303370319949174953
-0.239232111841143773703
-0.256944943929934251784
-0.0614097845894706625305
0.230392200796474032416
0.0490539818857805205563
-0.114289027456988543495
0.831477365933044321089
1.42377447581066810479
2.02592920831948309811
2.02592920831948249291
1.42377447581066661094
0.831477365933044381327
-1.79489292921676096354
1.21357308080475501057e-15
2.95240111153796173931e-15
6.5887180540983369849e-16
-1.79489292921675980139
2.32277392791479853429
-1.97498506255416935862e-15
-2.45845256096713871712e-15
2.32277392791479770228
-2.7812560793670080191
6.0203600769258730319e-15
-2.78125607936700657946
3.28699404135770995798
3.28699404135770643929
-0.563846975653045788657
0.52737722631624168926
3.22326341563779354366
4.35271100244914565866
3.22326341563779111524
0.527377226316240664758
1.37545531904344251367
3.21895009638327837501e-15
4.88576160916543299674e-16
1.37545531904344329922
-2.96452234422403118779
2.20222967771316025836e-16
-2.96452234422402959003
7.26982839112033097363
7.26982839112033137817
8.82255618714744053302
-0.908804455232522792428
-4.22561374361151816504
-4.22561374361151545078
-0.908804455232521939021
0.294520479889593703967
1.18834829649384295763e-15
0.294520479889593433229
-0.629021964770013751772
-0.629021964770013071418
2.66755971019694518231
-0.711146961757088056466
-3.39208796951487124841
-0.711146961757087757253
0.156863545477970242927
0.15686354547797023038
-0.396311426067816792189
-1.18034696451890433562
-1.18034696451890302737
0.0690448446934433130865
0.334297516778407793173
-0.731527475999124932955
0.703897776933359108863
0.553557323210330960969
-1.51572394648772647394
1.93012840241932981371
-1.2329798088484194409
0.703897776933359239554
1.10297738082219490474e-15
-4.84047952509498878143e-16
-6.69303879151063931622e-16
-0.9102981617930809038
0.553557323210330504584
2.32988845326674087104e-17
7.45639274193434727506e-16
-1.40121940641502102842
-1.51572394648772577723
-1.19888559220464935251e-15
-1.40121940641502058029
1.93012840241932894374
-0.910298161793080576708
-1.23297980884841979343
0.28928709660582241919
-5.16406410553696211186
4.57509561578328903839
-3.26853829814428760281
1.39701404264193720682
-5.16406410553696081051
-4.03032856033476571053e-15
3.1192560311828905455e-15
1.85774782285942120204
4.57509561578328892567
3.39294840366111565392e-15
2.53900436870982642535
-3.26853829814428750653
1.8577478228594201827
1.39701404264193770751
-9.61591095827209390913
-5.96917684639212392869
1.88345193647227902131
0.640530549642207647018
-5.96917684639212334646
2.81540454390838033496e-15
1.99338472668161849413
1.88345193647227917233
1.99338472668161890663
0.640530549642208196703
-1.89148799427656761704
0.710534020721712635649
-1.99544641938668591765
0.710534020721712230749
-6.08474556553328915003
-1.9954464193866860554
-0.038712073798624737155
0.338271818117359046214
0.338271818117359429355
-0.502303070780953975808
0.35667742114059181825
-0.335721796719640452971
0.179163810819907013584
0.0902519686685253618736
-0.0427225640317793876081
-0.0670638537767770210427
0.0145967524084802006031
0.236152572914919366758
0.217319010547813837937
-0.0895072574180082820807
0.0549031425223063879055
-0.27381146516499946177
0.786595248555913709635
-0.262877406876261553262
0.440357166841415290769
-0.516693735737720531824
-1.33197079255502658656
0.641050587996333214864
1.69738458519333282472
0.497869359099770797667
-1.47873712139423610068
-0.619463079658027945951
-0.203974711499668843185
-1.66484978242348487225
0.387387865994592610282
0.00927053187450625755574
0.163140061165534627356
-4.60944376349407719619
0.466051085242076504511
-0.943911521936816187669
1.91613921742036488788
3.81278571553109159713
-1.86536930241405111676
-2.96358319843785657585
-0.694446189412748912064
1.8784860835170103254
-0.0423323535155866367868
-12.5936930772237702042
-1.74112669850007480425
0.259280832171819316912
-2.53302498366962985435
-4.60944376349407635756
1.86549883305295824486
1.91613921742036418444
-0.379800569778511953018
-0.245178605848504018848
-0.750791757671097421372
-1.76257460563311346632
1.04275011182891835598
0.1631400611655349602
1.5158406874198380642
-1.20110861450880011178
0.00820021147564625233283
0.138060618580127385578
0.126200944060146772731
0.201723187041806512816
-0.436177120567208711708
0.608017628881395049377
-0.265921178674660818915
0.0876658072433080987016
0.0964231778309693212825
0.0773579749259136628059
0.0386012706341109560155
-0.0895072574180069116867
0.217319010547813181325
0.236152572914920328802
0.250835975406962011308
0.0483179912673333449361
-0.262877406876262662251
0.786595248555914046614
-0.427978939153621879066
0.196837200112509189783
-1.33197079255502478563
-0.936659275209634905781
0.784480118282348249537
2.52771397553848232635
-1.94407569022719300638
0.608017628881395176554
-1.1157007418429205559
0.179832655989038590311
-1.70706331933718193194
-0.133259126353532992553
-0.0895072574180072596707
0.46605108524207613696
-4.60944376349407807418
0.0439036339109864926436
-0.262877406876261794781
3.81278571553109559114
3.719784584914940938
-1.33197079255502614562
-4.80387290120516731122
2.52771397553848311328
-0.265921178674660984152
0.179832655989038730932
-12.8330394096557570903
-2.17533455991084483816
0.217319010547813440559
-4.60944376349407730075
-5.35788789272909243661
0.786595248555914324525
3.71978458491493993785
-0.936659275209634129052
0.0876658072433079349749
-1.70706331933718128887
-2.17533455991084478192
0.23615257291492054794
0.0439036339109866517558
-0.427978939153622066423
0.0964231778309690718207
-0.133259126353532980312
0.250835975406962283648
0.0773579749259137479078
1.91978252237188688729e-16
-2.30316432568401524903e-16
7.24777260585332161725e-17
5.98303786697839536017e-17
-4.22370040878655256918e-17
-1.41517695004531676077e-17
-1.02131380037459422587e-16
2.61838440012857307781e-16
-9.03311234271918274972e-17
-2.13461479055257836901e-16
-1.84186511391878258905e-18
-2.09058852932559059574e-17
-5.3491155413697052129e-17
1.617932691653031854e-16
-1.70231977376287738002e-16
7.208695637513841122e-17
-2.93594839510183913689e-16
-1.14248637524326896125e-16
1.64797222037950924237e-16
3.07843533370192895842e-16
-2.14635424901717553614e-16
-2.61907273389877701672e-16
5.41598322169498801026e-16
-9.30857088099052472555e-16
-2.64907264700129685309e-16
-9.31120350521285682496e-17
2.16894927590171055066e-16
-2.68618893259707087811e-16
4.74063292607919320109e-16
-8.16236984026032986499e-17
-9.73788033622090990396e-17
5.88370403811199515108e-16
6.25708930603918445494e-16
-3.20849491718711213576e-16
-5.3361826844593924806e-16
2.12594087541828601786e-16
1.56677207891250251267e-16
-5.41782320410526426136e-16
-4.31065900928084062087e-16
-7.16298246939795408196e-17
-1.55512914187349031411e-16
2.56649378686809198657e-16
7.3298686937307081938e-16
-2.15740853567115832674e-17
2.12704950283215299022e-16
-1.35472106646915952842e-16
5.42488762199512913149e-17
-1.59605913092687650149e-16
-1.0415021545007446156e-16
2.18574649980612081038e-16
1.72335866007315866839e-16
8.43163550960115015195e-17
-2.9599141131063224942e-17
8.73001216041937653931e-17
5.81492065110527731964e-17
-1.17183833664001332988e-17
0.279319446214678622676
-0.236239222998481824611
0.154167473988622105293
0.419965539471914082778
-0.830329390345151679563
0.465338568832957067009
-0.432144974550610028282
-6.5240602142292288796e-16
5.4669220032893850123e-16
-2.01026217321735169774e-16
-0.286610759182575866751
0.0914980035765990668061
1.50646475931718144226e-16
-4.58864104895379493017e-16
0.444213387883823322427
0.356173147343186185449
-5.98473886483883911994e-17
0.392039175574082980903
-0.650740192913175147613
0.0163018718881939048861
0.369113266790432805992
-0.486203953304496480793
0.119236427254547430323
-1.80364536749457747926
1.84028970276730975588
-0.649227892021472850082
1.5030886078375133605
3.88465722976663740542e-16
-1.40807429633575034191e-15
0.637524603142278078572
-1.84468243841252322142
-4.06860279628790039311e-16
-1.60249189553779031947
1.50308860783751347789
-0.854404264518807594901
-0.598747097006889540561
2.1330022063952588467
2.82486290905946253985
-1.80364536749457753145
0.691480669361130225861
0.239346332431986449974
9.51023014820525356887e-17
-1.16639581833442558074
-1.92095935448911312775
1.64817982250514460738
0.525202010846480545789
1.42454280223974785312
0.11923642725454743796
-0.773129675355177737769
-0.0555112862959318773341
1.27968811450491763954
0.955084304585610593116
0.141459337829178798683
-0.12463503134681544351
0.0416374407491582490935
0.124365212115892937224
-0.456498619298939348667
0.427126425361980701282
0.0285440662358840706467
-0.0302617987598121427344
0.0747813352984026982564
-2.24187754428249120469e-18
0.352345090063577962768
-0.428198910389354371525
-0.0762079836563281764185
-6.80374651416863817675e-17
-0.0747813352984026016209
0.0588058649956961547528
2.40089447385660896377e-16
0.0762079836563284034887
0.0302617987598121755335
-0.0588058649956962350023
0.428198910389353565464
-0.0285440662358841008026
-0.352345090063577662042
-0.427126425361979876605
0.456498619298938894141
0.722464911250553492861
-1.20923163765908701459
-0.0401493661233805197694
-0.396128100773574033721
2.14262720125552034957e-17
-0.813103536885512773731
2.04362209088181115549
-6.30738866159363602918e-16
0.396128100773573849212
2.25430285041826935792e-16
-2.04362209088181094785
0.0401493661233803457393
0.813103536885512011668
1.20923163765908612389
-0.722464911250552543896
-0.597027691760617076681
2.42880626235409979675
1.43091578052699109988
-1.19653064733062835345e-16
0.997890481827108184949
-1.71189012102876708474e-15
-1.43091578052699171614
-0.997890481827108427661
-2.42880626235409899873
0.597027691760616929367
-0.116376846556535134764
1.07880242809795725432
-1.09691076720738893568e-16
-6.34819976858806555601e-18
-1.07880242809795733714
0.116376846556535003209
0.0196937972979291479043
-1.62703744244665625451e-16
-0.0196937972979293673366
5.91673298382747403793e-17
1.94407569022719558721
-2.52771397553848782703
0.936659275209635358976
0.427978939153622904003
-0.250835975406962802639
-0.0773579749259136546643
-0.784480118282348457387
1.33197079255502921461
-0.786595248555914809438
-0.236152572914920418402
-0.0964231778309691166386
-0.196837200112510642161
0.262877406876261545657
-0.217319010547813913135
-0.0876658072433080321901
-0.04831799126733198204
0.0895072574180075822627
0.265921178674661039162
-0.0386012706341125529584
-0.608017628881395616875
0.436177120567209921332
-2.52771397553848776064
4.80387290120517403815
-3.71978458491494706683
-0.0439036339109868217154
0.133259126353533012064
1.33197079255502917961
-3.81278571553109970943
4.60944376349408639252
1.70706331933718360005
0.26287740687626162876
-0.466051085242076863436
-0.179832655989036863002
0.089507257418007800369
1.11570074184292152984
-0.608017628881395824226
0.936659275209635403184
-3.719784584914946491
5.35788789272909866013
2.17533455991084628728
-0.786595248555914350841
4.6094437634940871284
12.833039409655763851
-0.217319010547813891173
-0.179832655989037130088
0.265921178674660978202
0.427978939153622553992
-0.0439036339109877939029
2.17533455991084656355
-0.236152572914920783825
1.7070633193371834324
-0.0876658072433081544527
-0.25083597540696228666
0.13325912635353316919
-0.0964231778309690328787
-0.0773579749259138727536
-0.369113266790432433631
-0.0163018718881951016369
-0.392039175574082716711
-0.444213387883823532754
0.286610759182577078008
-0.465338568832957382731
0.650740192913175026445
6.75914501411107411058e-16
-9.41899742194133365494e-16
4.42189863990251808549e-16
0.830329390345151017979
-0.356173147343186277818
-1.99472825834231971399e-16
5.74279990482363851535e-16
-0.419965539471914263857
-0.0914980035765990527579
3.87148137902700202704e-16
-0.154167473988622467228
0.432144974550610287323
0.23623922299848235697
-0.279319446214678775871
0.598747097006889794893
0.854404264518809578752
1.60249189553779082238
-0.63752460314227890092
0.649227892021473177912
-1.50308860783751370558
1.40098811285054640958e-16
2.07648833672614067387e-15
-1.84028970276731044473
1.84468243841252332178
-8.91364361968326857995e-16
1.80364536749457786346
-1.50308860783751364959
-0.119236427254549302023
0.486203953304495675923
-0.525202010846480214722
-1.64817982250514402253
1.16639581833442710916
-0.691480669361130697179
1.92095935448911424286
-1.17792646922615565715e-16
1.80364536749457732217
-0.239346332431987908018
-2.82486290905946393546
-2.1330022063952594506
-0.955084304585611044798
-1.2796881145049170941
0.773129675355178205933
0.0555112862959317486556
-0.119236427254548237418
-1.42454280223974781452
-0.0416374407491581438301
0.124635031346815532444
-0.14145933782917905749
-0.124365212115892987761
1.47873712139423926481
-0.497869359099772633215
-0.641050587996333938353
-0.440357166841416095606
-0.0549031425223064478021
0.0670638537767772549749
-1.69738458519333634594
1.33197079255502992294
0.262877406876261055521
0.0895072574180083906871
0.0427225640317789409079
0.516693735737721402207
-0.786595248555915181974
-0.21731901054781381129
-0.0902519686685252549447
0.27381146516499993717
-0.236152572914919861395
-0.179163810819907188479
-0.01459675240848005031
0.335721796719640707989
-0.356677421140592494248
-1.87848608351701499753
0.694446189412750662085
1.86536930241405408237
0.943911521936817205339
-0.00927053187450650940574
2.96358319843786305184
-3.81278571553110089992
-0.466051085242075744534
-0.387387865994592015863
-1.91613921742036844279
4.60944376349408776591
1.66484978242348510494
-0.163140061165534546013
0.203974711499670035922
0.619463079658028833924
0.245178605848504531653
0.379800569778512736639
-1.86549883305295850017
-0.259280832171819119541
-1.91613921742036816994
4.60944376349408786311
1.74112669850007661313
2.53302498366963629243
12.5936930772237776877
0.0423323535155874726955
1.20110861450880159048
-1.5158406874198390696
-1.04275011182891904263
-0.163140061165534881585
1.7625746056331154558
0.750791757671098466125
-0.126200944060146745569
-0.138060618580126963873
-0.00820021147564561260109
-0.201723187041806919908
1.2329798088484180756
0.910298161793083357421
1.40121940641501967144
1.40121940641502218861
0.910298161793080421487
1.2329798088484200161
-1.93012840241932833683
-1.02899745605475159765e-15
2.17449231390907746513e-15
-1.10414975631238460284e-15
-1.93012840241932844679
1.51572394648772562342
2.36581185244323718941e-16
-1.53026176754850266779e-15
1.51572394648772645704
-0.553557323210330111219
-6.57931644034612548132e-16
-0.553557323210330000665
-0.703897776933360443438
-0.703897776933359789266
0.73152747599912559006
-1.39701404264193693498
-1.85774782285942246235
-2.53900436870982713632
-1.85774782285942174709
-1.39701404264193727933
3.26853829814428713171
-3.5330138062065708586e-17
-3.85652483648801041108e-15
3.26853829814428871671
-4.57509561578328934753
2.85886597118897895103e-15
-4.57509561578328783651
5.16406410553696305823
5.16406410553696300441
-0.289287096605821874487
-0.640530549642208195564
-1.99338472668162091327
-1.99338472668162125623
-0.640530549642207762664
-1.88345193647227948255
2.33621894526814244726e-16
-1.88345193647227880158
5.96917684639212607933
5.96917684639212169789
9.61591095827209382802
1.99544641938668596989
6.0847455655332890941
1.99544641938668583604
-0.710534020721712845351
-0.710534020721712839969
1.89148799427656702069
-0.338271818117359553731
-0.338271818117359419922
0.0387120737986254607578
0.502303070780953989608
0.334873592907777472762
-0.0614045506609506789884
-0.321867872484012378843
-0.259411976941059611854
1.24786534501156329544
-1.19965179308666212249
-0.0614045506609504354725
-1.04828064682296017217e-16
6.02251281481099220541e-17
-9.78028397713784128373e-17
-0.413616781436902896367
-0.321867872484012755225
4.47152162470358654419e-17
8.90394720209588735058e-16
-0.475531342162003612592
-0.259411976941059128328
-2.57661136018353239377e-16
-0.475531342162003600052
1.24786534501156255975
-0.413616781436902805127
-1.19965179308666235995
-0.825068746021865074885
0.710534020721709720946
1.88345193647228039336
-3.26853829814428677746
2.38439003681373275902
0.710534020721709662848
1.36547376184203937309e-15
-8.98969241623485157111e-17
1.73526662138974101667
1.8834519364722806401
-8.43025090520310713007e-17
1.8827340975191987206
-3.2685382981442875459
1.73526662138974068242
2.3843900368137333933
-0.138526027908701568921
-5.96917684639212343698
4.5750956157832885344
-2.37106245491072525522
-5.96917684639212299444
-2.77154059374594529448e-15
-4.05434622135105692335
4.57509561578328836516
-4.05434622135105686575
-2.37106245491072409223
-9.61591095827209543889
-5.16406410553695954254
1.47425121400589086224
-5.1640641055369603797
5.38947954267750850913
1.47425121400588997775
-1.43196985622441125314
1.33117833602452237491
1.33117833602452310887
-0.455769949572025264769
-0.343155852817688597065
0.24724150651695361561
0.0036360143023707749386
-0.07435816949487971253
-0.02869904104584634864
0.0341892167445902206418
0.0281960902596895511849
-0.0136979421993473858393
-0.0405989544939286197776
-0.013697942199348079113
-0.0280075270524942048431
0.0274706170412480046182
-0.160887301736977781858
-0.160887301736977620698
-0.0339977831341318364328
0.176739001462424771321
-0.477335359866770582882
0.258855873148758919923
0.659077563310037381836
0.972068809972110587316
-1.59777678757671139871
0.691740561644462512126
-0.667038654309061304772
0.28025586679652671929
0.307358963731212070788
-0.146878879083453118969
-0.103303370319947387092
0.387028751812349004644
0.387028751812350891296
0.129396911838151621679
-0.245740923639995898724
2.20759409276126811138
-0.307015723434429779251
-1.75357950857261905272
-2.78965763362855889761
3.09251398250259323429
-0.630522565104636351565
0.018103821050437837505
-2.32941294373296529791
0.554464189970642415408
0.286106997127850159437
-5.8419295177781823804
0.404149167125817558665
2.51333541466820863604
4.53387160779238709233
-2.94195873078351028169
0.00981989378063776969758
-12.7680981619500975205
-2.85096050800712955509
-2.91435454830489222105
-6.10562191917224689278
2.00991008251769288505
-0.639761182787681562436
-1.34085453378918531874
0.0745822688698864473933
-0.606578936183762149271
1.30362022758122862794e-17
-4.29765402184423615973e-17
3.94153484088490474809e-17
2.660965290804128729e-17
-1.77680340817642952551e-17
1.57936732282179443522e-17
-2.12638895790342214709e-18
1.07110584370168091921e-16
1.33777720389456991815e-16
1.10196965519591699181e-17
4.93843349423734775725e-18
1.03810766963858469144e-17
2.3265186012315698654e-17
8.87306591811077256492e-17
-2.39793719614515486742e-17
2.27827953796796039923e-17
-4.68420803437305702068e-17
1.16296985427701531736e-17
3.4147872512789488728e-17
6.83568251826266617202e-17
-4.03630030898014075313e-17
9.73343471403980381833e-18
1.51730969342378952329e-16
-6.24608013396459992202e-17
3.98626587975500892642e-17
-4.02061015326793264694e-17
-1.5978818115340244352e-17
1.26900428150423440907e-16
1.42267916466915330171e-16
6.25243209191800817852e-18
-5.89186977555534950265e-17
2.99999882960120994714e-16
9.2396204078493706359e-17
-1.1378066223372553104e-16
-1.81348585764900589737e-16
3.30454216604257476764e-17
-7.32797979796590445686e-17
-3.19315313796056429894e-16
-2.70922760158962153794e-16
2.06918484387296117202e-17
1.3538996981171287902e-16
-3.12599137059628138328e-16
1.21988301005140705909e-16
1.38876623316181487607e-16
2.32839646260373895799e-16
3.682317379223057242e-17
3.17844338874393516703e-16
2.23890105581248573168e-16
-7.56971299263298139452e-17
9.93645540462302350341e-17
-3.44115408301047040158e-16
-8.24679353675321055543e-17
-1.3910500205040003611e-16
-1.8920327081778859315e-16
-1.75447120471011157763e-16
1.0609153607989805841e-16
-0.377345069562279256754
0.0562036173121841886127
0.0614684001753797208768
-0.0821168716863338330161
-0.312991246662074336183
-2.8103031106969540105e-17
0.275940547562800225821
2.52918038108064378154e-16
-2.34566792913267772615e-16
2.05026028743502028086e-16
0.312991246662074306408
0.0779941837972505855803
8.7148485937491529876e-17
-8.70558029237287196599e-17
0.0821168716863337358606
-0.0779941837972505136856
9.2234997675701749279e-17
-0.0614684001753794094966
-0.275940547562800759867
-0.0562036173121847959994
0.377345069562279956797
0.838619440727916376443
-0.23270028215809946265
0.0612747997944339445214
1.03607812505593872318
-9.42657446285794221239e-17
-0.974397618040274108607
-4.89960796858658316473e-16
1.07366722713282272977e-15
-1.03607812505593886738
-4.14669599834682218619e-16
-4.51826503192254209196e-16
-0.0612747997944345890051
0.974397618040274808112
0.232700282158100595356
-0.83861944072791658475
-1.18498675507527931235
-0.118042169997968156589
-2.0205361931241807136
2.77236824493677123851e-16
2.34751676478340429403
1.16772241464918030834e-15
2.02053619312418063069
-2.34751676478340464709
0.118042169997966708145
1.18498675507527890417
2.86078040178776756757
3.19126737086735396922
-3.46514734553230711922e-16
-1.82456507842896244291e-16
-3.19126737086735513287
-2.86078040178776711158
0.701093351001505153743
-4.36803627870292338079e-17
-0.701093351001504966429
-2.1408502221133438619e-16
1.59777678757671031149
-0.972068809972111015165
-0.258855873148758771994
0.0339977831341318146636
0.0280075270524941928974
-0.0341892167445901778474
-0.659077563310036373036
0.47733535986677113628
0.160887301736977180513
0.0136979421993481114984
0.0286990410458462318698
-0.176739001462425377514
0.160887301736977443486
0.0405989544939286508086
0.0743581694948797789483
-0.0274706170412473785282
0.0136979421993480195128
-0.00363601430237079458974
-0.0281960902596907801011
-0.247241506516954240318
0.343155852817689834241
-3.09251398250259358797
2.7896576336285581459
0.307015723434429912355
-0.129396911838151298782
0.146878879083453149439
1.75357950857261936232
-2.20759409276126606892
-0.38702875181235050416
-0.30735896373121224285
0.245740923639995539725
-0.387028751812351911771
-0.28025586679652706617
0.103303370319948560867
0.667038654309062884977
-0.691740561644463639693
2.94195873078351051713
-4.53387160779238915986
-0.404149167125818308665
-0.554464189970642696053
-2.51333541466820745301
5.84192951777818777886
2.32941294373296439446
-0.286106997127850903415
-0.0181038210504393042881
0.630522565104636737199
-2.00991008251769396687
6.10562191917224738511
2.85096050800712937987
2.91435454830489317696
12.7680981619500970188
-0.00981989378063743525144
-0.0745822688698854681677
1.3408545337891855912
0.639761182787681035495
0.606578936183762207621
1.19965179308666033474
0.413616781436905009428
0.475531342162001742572
0.475531342162004576129
0.413616781436901913217
1.19965179308666214114
-1.24786534501156174656
-7.80330571956631865209e-16
1.25590603413244141812e-15
-9.78310717048773702535e-16
-1.24786534501156161105
0.25941197694105895104
-3.50793396089349474402e-16
-5.16104218775259795319e-16
0.259411976941058985127
0.321867872484012668488
-7.71227138300710817278e-16
0.321867872484012790217
0.0614045506609517485114
0.0614045506609515585845
-0.334873592907778957507
-2.38439003681373254216
-1.73526662138974293555
-1.88273409751919695724
-1.73526662138974285816
-2.38439003681373228719
3.26853829814428685533
-1.4986152142373622496e-16
-3.9710476067192562744e-15
3.2685382981442882973
-1.88345193647227874847
3.85417382907172495043e-15
-1.88345193647227799186
-0.710534020721712056329
-0.710534020721712299168
0.825068746021866674228
2.37106245491072428443
4.05434622135106035137
4.05434622135105769042
2.37106245491072434653
-4.57509561578328973636
-2.38461088862638869409e-15
-4.57509561578328802336
5.96917684639212597552
5.96917684639212165949
0.138526027908701098902
-1.47425121400589059989
-5.38947954267750888689
-1.47425121400589011175
5.16406410553696098152
5.16406410553696040378
9.61591095827209276847
-1.33117833602452345966
-1.33117833602452236812
1.43196985622441148957
0.455769949572025949965
-0.243439020393620823421
0.0426988897549798001764
0.0273156157456497724666
0.140456176490204782897
0.402254173414259743333
-0.958544962675503416226
0.0426988897549798768446
3.47136607478754954522e-16
3.32693214036655515782e-17
9.09785436030109145919e-17
0.0634513541716213668896
0.0273156157456493411634
9.15437733171882264012e-17
-1.54087841604691945843e-16
0.0791193211318231711504
0.140456176490205216635
1.64091532061571640194e-16
0.0791193211318231776228
0.402254173414259190795
0.0634513541716213847457
-0.958544962675503763023
0.584502662736357494418
-0.156863545477969360975
-0.29452047988959415834
-1.37545531904343830895
2.27645177500351658037
-0.156863545477968867066
-6.76221262420993644929e-16
4.28358510254643454015e-16
-0.267207139067766021497
-0.29452047988959351103
4.64809676133746213982e-16
-0.308324817529248859904
-1.37545531904343928058
-0.267207139067765998729
2.27645177500351770861
-0.756516732468113457481
0.629021964770016000645
2.96452234422402704547
-3.11897054369228967649
0.629021964770014421758
1.67114546272949894319e-15
0.617229938232223670422
2.9645223442240266381
0.6172299382322236656
-3.11897054369228962656
-0.144132932767485908709
-7.26982839112032425066
4.34507191258346440153
-7.26982839112032036407
-0.595779701321689845221
4.34507191258346573681
-8.82255618714743967232
-7.51779587507418072004
-7.51779587507418326949
1.37187152097074338228
1.07797126885616644829e-15
-6.66561471624335310683e-16
-9.92876348167881008639e-17
5.39469640559009239514e-17
-3.2372909351157602606e-17
1.51660849074625188981e-16
-2.10247971665476165011e-16
1.80289916573146790852e-16
2.61935592423081252461e-16
1.67289007247241357698e-16
-2.22981141580572429656e-17
-1.45146921617210887398e-16
1.81688526870274216243e-16
2.08750071548746283058e-16
4.65614734765921233773e-17
-1.46515158433550204468e-16
1.55507573320457521818e-16
-1.08245821180813816615e-16
-2.26996108153862791671e-16
-6.74488921793288688656e-16
1.10802923108879590596e-15
-2.28090487383187199428e-15
2.09551800266037644718e-15
1.0281954562197424344e-16
1.14392759719100346576e-16
-3.05999752686590434834e-16
7.17827121838884412375e-16
-5.73993539926108439386e-16
-6.70225573652866219282e-17
6.9149008413228056869e-17
5.29023215811306355384e-16
-6.04390652218841124169e-16
7.80322450996453414926e-17
7.51271044189611751762e-16
2.07907502790975025111e-15
-2.34942466876411435457e-15
2.55418134531837369753e-15
-4.09679858782543954104e-15
2.16799165088552409571e-17
2.3856002722709363734e-16
-1.52983677509764929407e-15
2.41065318735282417587e-15
1.31438326903273594464e-16
-1.58884270310616442732e-15
-4.02239757416108113887e-15
2.66166703172918977359e-15
-2.47962806418993872722e-15
1.07034876815437550793e-14
2.34112215574906242374e-15
3.46418241654726056554e-15
1.03150005534064390973e-14
-2.67937921388391712484e-15
3.30201396750420080415e-15
4.38394683692677218534e-15
3.27682848735995843739e-15
1.38580217374087374242e-16
0.958544962675503601594
-0.0634513541716205879999
-0.0791193211318240091382
-0.0791193211318223983431
-0.0634513541716222675378
0.958544962675504009992
-0.402254173414258977271
-6.63873965977163719263e-16
2.26990010565222266227e-16
-4.20691654727147995562e-16
-0.402254173414259081836
-0.140456176490205516263
-1.92717604248492332843e-16
1.01215231518181138412e-16
-0.140456176490205532148
-0.0273156157456491004519
-3.26919735376647556757e-16
-0.0273156157456491912747
-0.0426988897549797869272
-0.0426988897549797049032
0.243439020393620411702
-2.27645177500352024366
0.267207139067765344127
0.308324817529250153109
0.267207139067763717653
-2.27645177500351781102
1.37545531904344087048
9.84708296689571951166e-16
-1.74555346623192741588e-15
1.37545531904344147027
0.294520479889593692008
1.74316795500886987818e-16
0.294520479889593399621
0.156863545477967723735
0.156863545477968032344
-0.58450266273635584223
3.11897054369229323067
-0.617229938232224377948
-0.617229938232223456424
3.11897054369229120031
-2.96452234422402980934
-2.79102495364116007809e-15
-2.96452234422402782286
-0.629021964770012254979
-0.629021964770011913767
0.756516732468111710364
-4.34507191258346922853
0.595779701321690607452
-4.34507191258346652747
7.26982839112032505183
7.26982839112032488212
0.144132932767489126648
7.51779587507419072637
7.51779587507418294355
8.82255618714743767711
-1.37187152097074353273
-2.08881597026425907032e-21
2.41949336004336535843e-21
-1.03380502875346371422e-21
-1.29701025824328157452e-21
-1.69681540786140393813e-21
4.6211024923097458151e-22
4.39665761284390055125e-21
-7.53016535852126276775e-22
3.61495497519801315755e-22
-2.06579941698548636247e-21
-9.90018588477276816889e-22
-1.97119551786314661775e-21
5.00554555369924880165e-21
-5.01720420927654032767e-21
2.75561536585840426797e-21
-1.14231327725697435894e-21
-9.73095602451582439924e-21
-1.87474494027928259583e-21
2.73315440648967308833e-21
1.15627943838372249381e-21
-4.60989626044797854456e-22
3.48242161962556404107e-21
-2.74308875304279937821e-21
2.48351524091811129041e-21
-8.7301464662277583911e-22
-1.23049399527022531818e-21
-2.52718278042382512624e-21
-1.07190338501221882612e-21
-1.83476713958415701519e-20
1.46987224009329010769e-22
3.93233344844216322328e-21
-8.33130891348307790516e-21
-1.06860057750852476399e-20
-9.24346126688715051863e-21
-1.23465023934817407788e-20
-4.33216166479020897817e-21
-7.86735838592969159421e-21
-2.00608810594816673445e-20
-7.61054049902897739021e-21
-4.57856135673512585496e-23
-6.20563284388533777798e-21
9.40567231438356932681e-21
3.29403853922078262483e-21
1.15600985963108648268e-20
1.25592974196208539856e-20
1.20462838140430536282e-20
7.88112783940063279667e-21
2.7428901464713872002e-20
1.52331347026829125761e-21
-3.21875575436763703439e-21
-1.20560351816242561947e-20
-1.69658907737299516045e-20
9.56930858657736924344e-21
9.17047025235187067858e-21
2.8854226199482289334e-21
-2.23789687206557873034e-21
