-1.50000000000000653018
-10.1414159363196673944
4.03618727030534924642
-2.24468464817616858201
1.34991331419048887653
-0.898819165357962801563
-10.1414159363196643096
-7.27299490692655101095e-15
4.09756503577257157883e-15
-8.32045522814022344219e-16
-1.12843224443338273986
4.03618727030534624427
4.52529429520363009555e-15
-1.83859689317515846828e-15
-2.45781987292583405548
-2.24468464817616652524
-1.25504822566939549744e-15
-2.45781987292583105145
1.34991331419048753365
-1.12843224443338373216
-0.898819165357962352303
-10.1414159363196642452
-5.43104703161277127354e-15
2.22967268620187373442e-15
-1.34554120334885796078e-15
-1.12843224443338329106
-6.07621447375212319924e-15
1.06754193585399194028e-14
-1.16593835090682660913e-14
-10.0883770882506412834
3.73453716105734524546e-15
-1.21916779461444627191e-14
-10.3402995116729578153
-2.45989052063013391364e-15
-10.0883770882506396891
-1.12843224443338501884
4.03618727030534967579
2.05448671051818029734e-15
-2.26608333366199086683e-15
-2.45781987292583179775
2.04338878597133048708e-15
-8.73674909409475204788e-15
-10.3402995116729565917
-3.24759158224531040351e-15
-10.3402995116729553344
-2.45781987292583391848
-2.24468464817616705666
4.57481990847761284639e-16
-2.45781987292583354593
5.39775225557647009786e-16
-10.0883770882506409012
-2.45781987292583251793
1.34991331419048873044
-1.12843224443338418153
-1.1284322444333848011
-0.898819165357962835354
0.563846975653045659755
-8.82255618714744018618
-2.66755971019694172641
0.396311426067817069499
-0.069044844693442925987
-0.334297516778406757779
-3.28699404135770534815
-7.26982839112031960593
0.629021964770011930374
-0.156863545477967686977
1.18034696451890129955
2.78125607936700362785
2.96452234422402888301
-0.294520479889591964623
0.711146961757087263757
-2.32277392791479476032
-1.37545531904344196383
0.908804455232521640409
1.79489292921675849488
-0.527377226316240394923
-0.831477365933043192107
-3.28699404135770507423
-7.26982839112031897441
0.629021964770011434379
-0.156863545477967474455
1.18034696451890090534
-5.24997357524047599845e-16
-1.47651416425372438209e-15
4.81068782118630448871e-15
3.39208796951486669787
1.35439683283411612217e-15
-1.76101867399533839357e-15
4.22561374361151208556
-2.29577390984180130569e-15
-3.22326341563778941185
-1.42377447581066651004
2.78125607936700427665
2.96452234422402747694
-0.294520479889593279501
0.711146961757087271731
7.06949131775354856583e-16
-1.02038230694568389919e-15
4.22561374361151204106
-2.21077578668453463555e-15
-4.35271100244913948096
-2.0259292083194813218
-2.32277392791479439381
-1.37545531904344020972
0.908804455232521667833
-4.73588729945055589856e-17
-3.22326341563778841735
-2.02592920831948068194
1.79489292921675858377
-0.527377226316241222691
-1.42377447581066674939
-0.831477365933043257926
-0.731527475999125175089
0.289287096605822577721
-9.6159109582720944706
-1.89148799427656801619
-0.0387120737986247706311
-0.50230307078095412858
0.703897776933359351606
-5.16406410553696060543
-5.96917684639212447546
0.710534020721711997
0.338271818117360002931
0.553557323210331091091
4.57509561578328969766
1.88345193647228007114
-1.99544641938668515624
-1.51572394648772636968
-3.26853829814428812018
0.64053054964220692932
1.93012840241932994867
1.39701404264193711158
-1.23297980884841956263
0.703897776933359456224
-5.16406410553696048051
-5.96917684639212383074
0.710534020721711547957
0.338271818117360309225
7.16131954917331826404e-16
-2.5463219499918764298e-15
7.96815108810582553988e-16
-6.0847455655332866551
-3.76114113590960950012e-16
5.01028444856530115293e-16
1.99338472668161721816
-9.25850019404414289321e-16
1.85774782285941870631
-0.910298161793081437937
0.553557323210330348883
4.57509561578328871143
1.88345193647227993559
-1.99544641938668576276
-6.24690111151298985734e-16
1.75176634721406995673e-15
1.99338472668161770223
3.1322250259707694177e-16
2.53900436870982529711
-1.40121940641502097693
-1.5157239464877256339
-3.26853829814428709311
0.640530549642207723463
-4.15543312045734252839e-16
1.85774782285941978281
-1.4012194064150211461
1.93012840241932950486
1.39701404264193738605
-0.910298161793081244689
-1.23297980884842022445
0.334873592907776919679
-0.825068746021863273914
-0.138526027908703863033
-9.61591095827209327551
-1.43196985622440995998
-0.455769949572025991487
-0.0614045506609504378707
0.710534020721709302964
-5.96917684639212210479
-5.16406410553695963472
1.3311783360245205076
-0.321867872484011982151
1.88345193647228037466
4.57509561578328864476
1.47425121400588998237
-0.259411976941059873185
-3.26853829814428678228
-2.37106245491072476864
1.24786534501156323204
2.38439003681373239785
-1.1996517930866620718
-0.0614045506609505139362
0.71053402072170893914
-5.96917684639212123881
-5.16406410553695900541
1.33117833602452069597
-2.84587961200820354062e-16
1.96228824650898546157e-15
-3.65472667017381711362e-15
5.38947954267750104842
-6.91983867989116097843e-16
-2.31035463038479327012e-15
-4.05434622135105574775
-7.63413772825544062344e-17
1.73526662138973961636
-0.413616781436903318588
-0.321867872484012387876
1.88345193647227976464
4.57509561578328778061
1.47425121400588888108
-5.83718453902713103163e-16
-1.13285755890213215787e-15
-4.05434622135105685563
7.69142357516497527467e-16
1.88273409751919767552
-0.475531342162003482759
-0.259411976941059441736
-3.26853829814428579657
-2.37106245491072335691
9.3927677254578728921e-17
1.73526662138974061999
-0.47553134216200372425
1.24786534501156281087
2.38439003681373212963
-0.41361678143690305554
-1.1996517930866625173
-0.243439020393621727852
0.584502662736359820264
-0.756516732468116434721
-0.14413293276748246735
-8.82255618714744318366
1.37187152097074351394
0.0426988897549798318534
-0.156863545477970155977
0.629021964770017530095
-7.26982839112032826351
-7.51779587507418001765
0.0273156157456498307848
-0.294520479889593875694
2.96452234422402906003
4.34507191258346441508
0.140456176490204493608
-1.37545531904343936992
-3.11897054369228990169
0.402254173414259983373
2.27645177500351719954
-0.958544962675503819426
0.042698889754979907002
-0.156863545477970139866
0.629021964770016716095
-7.26982839112032794148
-7.51779587507417971604
-1.0748742567453971392e-16
-1.09636824495332459477e-15
2.17107489617193685871e-16
-0.595779701321689609133
-3.58335359791014044475e-16
-1.98986724531998097654e-16
0.617229938232222939333
2.05756697492095859356e-17
-0.267207139067765908611
0.0634513541716211649173
0.0273156157456498135339
-0.294520479889594357395
2.96452234422402759497
4.34507191258346614457
-1.33246976212696929286e-16
-5.52378406121254786214e-16
0.617229938232222948053
4.15741730311653728041e-16
-0.308324817529249030515
0.0791193211318233814143
0.140456176490204800677
-1.37545531904343871226
-3.11897054369229024504
3.05948104395225774052e-16
-0.267207139067765608988
0.079119321131823293
0.402254173414259839795
2.27645177500351713883
0.0634513541716214076203
-0.958544962675504160128
-2.65022157477300118799e-16
4.54592412736853415434e-16
-7.2309571334124690122e-17
-6.30477524765208575786e-16
3.40525135989393258389e-16
1.76422536092823504003e-16
-2.00815495397240091656e-16
-4.8967598704077460222e-16
8.95942761426475577508e-16
1.77384435857831522976e-15
-2.82362197711375462019e-16
-5.38414597124890304732e-16
-2.41162881979324388297e-16
-5.70178950811534040076e-17
-3.7985205179458525183e-16
-3.07186987274078482596e-16
1.85245166349253295885e-16
2.88221575440473277436e-16
-4.82397836879019397047e-16
-1.88516123453288008379e-16
8.28568080830821892852e-17
1.33518711934210122318e-16
-1.53206761893802092749e-16
-3.56915391493158200103e-16
1.6184611885575920268e-15
-7.04804280250453683338e-16
-2.88892052981828361495e-16
1.82311571220989674877e-15
-6.57659692473530256366e-17
7.27396442534185121613e-16
3.97491631450618215102e-16
-1.63282238733670505505e-16
-2.01751759090953377912e-15
5.62848618879940959904e-16
7.42457667948191268852e-16
-2.42099522933602382851e-16
8.28192483858049604108e-17
6.38368115342762726098e-16
-1.12176593634878546353e-15
-2.02991252482665840695e-16
1.309316174337235303e-15
-5.04110158799743734103e-16
-2.19236614622369873923e-15
1.42163260852618710682e-15
5.95435825435922958549e-16
1.57123939515333285283e-16
5.42036732244911185323e-17
5.95861442871538532914e-17
-4.14037600398144575876e-16
5.68085450458557420652e-16
3.48390911115758633647e-16
1.72242002175379137682e-16
1.15182540105181513069e-16
-4.62946590847464449996e-16
1.20342766583196012414e-16
7.11571414660405729077e-17
0.56384697565304600368
-3.28699404135770710666
2.78125607936700476791
-2.32277392791479550219
1.79489292921675897559
-0.831477365933042959821
-8.82255618714743917958
-7.26982839112031988707
2.96452234422402855111
-1.37545531904344195412
-0.527377226316240996693
-2.66755971019694202425
0.629021964770011975109
-0.294520479889592443823
0.908804455232522450393
0.396311426067817190606
-0.156863545477967749736
0.711146961757087507256
-0.0690448446934430025771
1.18034696451890159444
-0.33429751677840657761
-3.28699404135770533885
-1.57456002208222477302e-16
4.24233215000143749759e-16
-1.65172807380844007708e-15
-1.42377447581066595373
-7.26982839112031865243
-2.73346277961779127452e-15
-1.25018840616494685545e-15
-3.22326341563778737124
0.629021964770011056307
4.72184010503433004141e-15
4.22561374361151291406
-0.156863545477967387577
3.39208796951486951281
1.18034696451890228368
2.78125607936700430372
5.71270219143902648645e-16
-1.06219380355232635022e-15
-2.02592920831947991955
2.96452234422402710896
-4.11527739343666104292e-16
-4.35271100244913936205
-0.294520479889592628501
4.22561374361151410649
0.711146961757088786553
-2.32277392791479431536
-7.52321178503290360398e-16
-2.0259292083194811168
-1.37545531904344024821
-3.22326341563778855213
0.908804455232521968311
1.79489292921675851437
-1.42377447581066589397
-0.527377226316241024718
-0.831477365933043287838
-0.603454335348319640225
0.142569172421839940712
-0.946912596471938192444
0.256944943929934332034
-0.0490539818857805495749
0.114289027456988623363
0.142569172421840236247
-12.4695543575095258459
-2.24580349675116347584
0.239232111841143929999
-0.230392200796474107813
-0.946912596471938222737
-2.24580349675116403746
0.363865313778327161276
-0.416402057360826766789
0.256944943929934348513
0.239232111841144258668
-0.41640205736082656683
-0.0490539818857807110837
-0.230392200796474196146
0.114289027456988617612
0.417006955789983431007
-2.91435454830489397475
0.286106997127851673875
-0.103303370319949189029
0.0614097845894703439539
-2.91435454830489418539
-5.84192951777818491637
0.387028751812349612016
0.48594977658557900146
0.286106997127851072696
0.387028751812349712392
-3.19815529180361672369
-0.103303370319948704728
0.485949776585579647523
0.0614097845894703546305
0.875234670005566853276
2.51333541466820699998
-0.245740923639995212682
0.895232842037430089585
2.51333541466820717154
2.20759409276126727625
0.554626906435693616865
-0.245740923639994871145
0.554626906435694798351
0.895232842037430506718
-1.81082720728291071944
-1.7535795085726199572
0.921692578557424865101
-1.75357950857262015304
-0.297200420329006378785
0.921692578557425225071
2.15233600531292450858
0.158789083066270314882
0.158789083066270507353
-1.29973119002741382176
0.356677421140591856692
-0.619463079658027689411
-0.0423323535155870162845
-0.750791757671097416922
0.00820021147564634417484
0.201723187041806441567
-0.335721796719640358955
-0.203974711499668279256
-12.5936930772237701646
-1.7625746056331129179
0.138060618580127207348
0.179163810819906914314
-1.66484978242348443384
-1.74112669850007483734
1.04275011182891784601
0.0902519686685253932438
0.387387865994592959459
0.259280832171819785532
-0.0427225640317794035007
0.00927053187450612162121
-0.0670638537767769725334
0.0145967524084801613097
0.163140061165534652155
-2.53302498366962986269
0.163140061165535006097
0.126200944060146890798
0.236152572914919172653
-4.60944376349407726092
-4.60944376349407738842
1.51584068741983772934
0.217319010547813787906
0.466051085242076741562
1.86549883305295815151
-0.0895072574180085372034
-0.943911521936815947176
0.0549031425223064326971
-0.27381146516499945667
1.9161392174203641123
1.91613921742036414009
-1.20110861450879983371
0.78659524855591368664
3.81278571553109113323
-0.379800569778512245716
-0.262877406876261416824
-1.86536930241405093524
0.440357166841415365547
-0.516693735737720326004
-2.96358319843785555526
-0.245178605848504390974
-1.33197079255502656341
-0.694446189412748800953
0.641050587996333409238
1.697384585193332909
1.87848608351700971347
0.497869359099770900496
-1.47873712139423639753
-0.343155852817688802594
0.691740561644462948988
-0.630522565104636792898
0.00981989378063837516589
-0.639761182787682199157
-0.606578936183761971707
0.247241506516953747894
-0.66703865430906156623
0.0181038210504384599083
-12.7680981619500972705
-1.34085453378918489198
0.00363601430237083027902
0.280255866796526699205
-2.32941294373296594928
-2.85096050800712888456
-0.0743581694948797241118
0.307358963731212562845
0.554464189970642667756
-0.0286990410458463069751
-0.146878879083453065709
0.0341892167445901497095
0.0281960902596893533697
-0.103303370319947355838
0.286106997127850366045
-2.91435454830489399774
0.0745822688698856412129
-0.0136979421993477513901
0.387028751812348174749
-5.84192951777818360719
-6.10562191917224569033
-0.0405989544939286611136
0.387028751812350947
0.404149167125818906299
-0.0136979421993483854503
0.129396911838150928747
-0.0280075270524939493777
0.027470617041248313469
-0.245740923639996531132
2.51333541466820827858
2.00991008251769211508
-0.160887301736977365225
2.20759409276126864839
4.53387160779238626628
-0.160887301736977534721
-0.307015723434429946238
-0.0339977831341318648699
0.176739001462424389274
-1.75357950857261748993
-2.94195873078350985652
-0.477335359866771086493
-2.78965763362855829037
0.258855873148758997142
0.659077563310037904505
3.09251398250259169004
0.972068809972110787461
-1.59777678757671150917
1.0321098533128657403e-15
-2.39219040873193076126e-15
2.71545197751109137845e-15
-2.52519760371139179619e-15
3.50203090192940300991e-15
-3.60646533265188863537e-18
-8.72819481751963037593e-16
2.49203055501118670773e-15
-4.65684395455800395553e-15
1.05308225660596439757e-14
4.46930400580705095131e-15
-3.81564713124651951231e-16
-5.04092809262389919735e-16
5.09135237567886822703e-16
2.15834964958169763012e-15
-2.39400984005430149131e-16
-2.52742238895809184813e-16
3.45334969395461139443e-16
-6.37023634759203564667e-17
-2.70428967974586223196e-16
7.11600846339674515117e-17
-2.15061878815739096099e-16
9.05247889345421754221e-16
-1.74148205427882970022e-15
3.96478779796406601311e-15
3.11823498025183191192e-15
3.77854882498129842996e-16
-5.52606977620338840519e-16
1.70627069732718268952e-15
9.86262918499365310986e-15
-1.89458162285315495263e-16
-2.53472725165333864203e-16
7.07097604181952527312e-16
-2.60144241159929107848e-16
-6.43792089722567262255e-16
1.30852605859784994141e-16
-1.07736802505526278618e-16
8.20955499441725611957e-16
-1.94202016453853221758e-15
-2.7593609051285007467e-15
8.09882538758830437747e-16
-4.9076484197503236829e-16
-4.62239518447541990489e-15
1.80573660015687917115e-16
1.47983488100567855185e-17
-1.54658946500617607704e-16
-4.37569842088621590411e-17
4.49347314672477702993e-16
2.17923146015481962124e-15
1.79136604612344360725e-16
1.70022941981276471007e-15
-1.6495341877950217633e-16
-1.87586613251957942131e-17
-2.37832493637375595006e-15
-4.99602336543616666329e-16
9.68515977721508154555e-16
-0.731527475999125268991
0.703897776933359222222
0.553557323210330830741
-1.51572394648772622757
1.9301284024193298525
-1.23297980884842007326
0.289287096605822805881
-5.16406410553696112725
4.57509561578329031435
-3.26853829814428820208
1.39701404264193768214
-9.61591095827209403398
-5.96917684639212404384
1.88345193647227954949
0.640530549642207309969
-1.89148799427656771689
0.710534020721711893805
-1.99544641938668565
-0.0387120737986251373896
0.338271818117360171876
-0.50230307078095412723
0.70389777693335976682
8.20861207730728257314e-16
-6.7376522567513128797e-16
-8.08312348310181669999e-16
-0.910298161793081009486
-5.16406410553696087677
-2.24088085119334980657e-15
1.13863108446577208582e-15
1.85774782285942039034
-5.96917684639212304892
7.90674429444586574793e-16
1.99338472668161727914
0.71053402072171040319
-6.08474556553328896785
0.338271818117359793681
0.55355732321033006505
-5.56983981587228010975e-16
8.83226615019647685444e-16
-1.40121940641502052515
4.57509561578328922745
1.7443636978640924569e-15
2.53900436870982663177
1.88345193647227977514
1.99338472668161539955
-1.99544641938668644971
-1.51572394648772532029
-1.06067736504046878751e-15
-1.40121940641502108343
-3.26853829814428769566
1.8577478228594201757
0.64053054964220751263
1.93012840241932902966
-0.910298161793080814384
1.39701404264193773144
-1.23297980884841958189
0.356677421140591843821
-0.33572179671964045122
0.17916381081990704464
0.090251968668525330815
-0.0427225640317793162122
-0.0670638537767770507544
-0.619463079658027719343
-0.203974711499668320135
-1.66484978242348453296
0.387387865994592932471
0.00927053187450622811986
-0.0423323535155868561005
-12.5936930772237704172
-1.74112669850007469798
0.259280832171819623916
-0.750791757671097459808
-1.76257460563311310114
1.04275011182891823789
0.00820021147564649945122
0.13806061858012755419
0.201723187041806426966
0.0145967524084803541236
0.236152572914919231133
0.217319010547813734271
-0.0895072574180085095589
0.0549031425223065332846
0.163140061165534350196
-4.60944376349407759469
0.466051085242076714219
-0.943911521936816266989
-2.53302498366962978169
-4.60944376349407755824
1.86549883305295853604
0.163140061165534834129
1.51584068741983756513
0.126200944060147121022
-0.273811465164999678699
0.786595248555913543585
-0.262877406876261517396
0.440357166841415211055
1.91613921742036447998
3.81278571553109115539
-1.86536930241405102186
1.91613921742036402863
-0.379800569778512412284
-1.2011086145088001502
-0.516693735737720090927
-1.33197079255502636444
0.641050587996333331764
-2.96358319843785654844
-0.69444618941274874609
-0.245178605848504738271
1.69738458519333263926
0.497869359099770757029
1.87848608351701041073
-1.47873712139423606262
-0.436177120567208838227
0.608017628881395163412
-0.265921178674660888123
0.0876658072433080520796
0.0964231778309694098338
0.0773579749259135511069
0.608017628881395265595
-1.11570074184292034827
0.179832655989039228655
-1.70706331933718159447
-0.133259126353532634367
-0.265921178674660824438
0.179832655989038862637
-12.8330394096557574291
-2.17533455991084522952
0.08766580724330807238
-1.70706331933718114343
-2.17533455991084469947
0.0964231778309692213248
-0.133259126353532956586
0.0773579749259136129749
0.0386012706341109396862
-0.0895072574180070457177
0.217319010547813150885
0.236152572914920157614
0.250835975406962197771
-0.0895072574180072477898
0.466051085242075323137
-4.60944376349407862683
0.0439036339109862282025
0.21731901054781303514
-4.6094437634940784607
-5.35788789272909260342
0.236152572914920079572
0.0439036339109861836224
0.25083597540696232658
0.0483179912673333184649
-0.262877406876262638036
0.786595248555913898857
-0.427978939153622194698
-0.262877406876262071011
3.81278571553109551004
3.71978458491494042567
0.786595248555914136227
3.71978458491494102569
-0.427978939153621994829
0.196837200112509417757
-1.33197079255502452103
-0.936659275209634224613
-1.3319707925550259041
-4.80387290120516721941
-0.936659275209634688035
0.784480118282348039172
2.52771397553848210191
2.52771397553848312919
-1.94407569022719302572
1.04760252581207638539e-16
-3.92151794141364052313e-16
1.55886698207171785841e-16
7.70280679242852825476e-17
-1.83477857604156796116e-16
7.28832821976526153427e-17
-4.23332814126648769239e-16
1.31126036566183377199e-16
-6.77575718001398148782e-16
4.08564950619559297898e-16
-1.44015423426205474578e-16
2.23156318114459178103e-16
-1.18379427772620277111e-16
4.08665513826137449209e-16
2.89353778417075745872e-16
1.56385788781393864872e-16
-5.40798203321340537692e-16
-7.07882259863270830201e-17
-7.15447173475264395312e-17
6.70764601181080392326e-17
-6.25365047013392079576e-17
-7.28192597364572946828e-17
-9.40448487980920550751e-18
-2.21898945019882707261e-16
-2.08299817130318020125e-16
-2.18013688040811999291e-16
4.98776805986899036033e-17
-9.33099688231489511036e-17
1.08015103877795726943e-16
1.71703390476519117598e-16
-1.06358542056258435019e-16
-3.26910832381133965447e-16
7.60943757985400127071e-16
-4.5299093475422587193e-17
-1.97576971944527032296e-16
-2.85450012444216500609e-17
9.13190318683830524187e-17
2.22353456519047559286e-16
-1.61834938321464149267e-16
-8.34517268738990689702e-17
1.22494756934008810478e-16
1.66353059689800901539e-16
-3.43324082962976203693e-16
-5.30059014626630675155e-17
1.19925329782864452221e-17
2.11623821370889175618e-16
5.44109973101742570608e-17
-1.84506032896538144e-16
-3.83859585418970844887e-17
-9.74540061727987341192e-17
-6.45574472675836307468e-16
-1.0555787146683879172e-16
1.22852405569071003238e-16
-7.27593543419324137093e-17
-5.99026836924050102453e-18
-6.25051517959698133489e-17
0.334873592907776823574
-0.061404550660950246833
-0.321867872484012324692
-0.259411976941059532705
1.24786534501156326274
-1.19965179308666255223
-0.825068746021863535975
0.710534020721709432056
1.88345193647228083751
-3.26853829814428732374
2.3843900368137325041
-0.138526027908703617305
-5.96917684639212332739
4.57509561578328925556
-2.37106245491072421701
-9.61591095827209346357
-5.16406410553695924488
1.4742512140058900759
-1.43196985622441008228
1.33117833602452070992
-0.455769949572025660607
-0.0614045506609500260508
-7.59445040370520334609e-16
-3.75473460280145158576e-17
-3.83758504804765708891e-16
-0.41361678143690305728
0.710534020721708757666
1.87864835845374934648e-15
-2.8249509791065874708e-15
1.73526662138974026552
-5.96917684639212200108
-2.99211233454192566648e-15
-4.05434622135105737605
-5.16406410553695832591
5.38947954267750439935
1.33117833602452188368
-0.321867872484012927868
1.62941493564113988158e-18
8.60001086513920469834e-16
-0.475531342162003340592
1.88345193647228066939
-1.03735711465652243833e-15
1.88273409751919785785
4.57509561578328781194
-4.05434622135105756685
1.47425121400589018257
-0.259411976941058939031
-2.89438334811796847655e-16
-0.475531342162003630208
-3.26853829814428711966
1.73526662138974068869
-2.37106245491072455372
1.24786534501156232218
-0.413616781436902843542
2.38439003681373317987
-1.1996517930866619077
-0.343155852817688822592
0.247241506516953646074
0.00363601430237080292009
-0.0743581694948797232752
-0.0286990410458462815589
0.0341892167445899347493
0.691740561644462844327
-0.667038654309061136565
0.280255866796526839901
0.307358963731212174593
-0.146878879083452412874
-0.630522565104636543298
0.0181038210504379114024
-2.32941294373296532299
0.554464189970641519019
0.00981989378063846351945
-12.7680981619500968875
-2.85096050800712823753
-0.639761182787682558988
-1.34085453378918551889
-0.606578936183762272837
0.028196090259689606065
-0.0136979421993475215099
-0.0405989544939288765242
-0.0136979421993483197924
-0.0280075270524940480983
-0.103303370319947765475
0.38702875181234847
0.387028751812351076539
0.129396911838151215529
0.286106997127850786694
-5.84192951777818363336
0.404149167125818387954
-2.9143545483048939581
-6.10562191917224712612
0.0745822688698850742206
0.0274706170412480247615
-0.160887301736977733304
-0.160887301736977460584
-0.0339977831341318573786
-0.245740923639996090236
2.20759409276126869522
-0.307015723434429693178
2.51333541466820822457
4.53387160779238658118
2.00991008251769242156
0.176739001462424886777
-0.477335359866770418696
0.258855873148759034056
-1.75357950857261879065
-2.78965763362855837836
-2.9419587307835103622
0.659077563310037279715
0.972068809972110456019
3.09251398250259275209
-1.59777678757671090287
1.82223480758953028643e-17
-2.80937880063851675696e-16
9.3901399842990129663e-18
1.51041688273982634248e-16
6.46859020225850970502e-17
-3.19749319646247389112e-17
-3.17341296119439227655e-16
-3.88032510128746325839e-16
-4.05260997619299145702e-16
-4.06862380483518901556e-17
9.61573679808983911479e-17
2.74282601493143967419e-16
-3.12792297980488533928e-16
-1.52886768058683143874e-16
-9.01701070988788192596e-17
5.77541282951488985864e-17
7.89044551595861313612e-16
1.56375885407418487708e-16
-9.7820004080646699296e-17
5.72905427487439149844e-18
1.51789393218465797016e-16
-1.91361371115372742296e-17
-7.7173473942730054839e-17
1.22963215618814940295e-16
4.35101187349367885811e-17
2.10465103001445381437e-17
-1.36395404337107396468e-16
-1.05643456776658505646e-16
-1.85938111218552916432e-16
-7.91892708304764375684e-17
-2.77882385215902827399e-16
-8.36008082813687877973e-16
8.66222962360451980925e-17
-1.25445666749369677609e-16
4.03369983783879703303e-16
-6.40171767426828124276e-17
9.41795905434476606797e-17
4.33856770003324966137e-16
-3.71496759385877378962e-17
-6.84791028158182281977e-17
3.52674749380026041389e-16
3.25591609121708232346e-16
-1.49629447353694232582e-17
-2.29694277177515771991e-16
-5.18631979766581194932e-16
-1.9355223861753646795e-17
-4.00110328002089823705e-17
-4.84915687369944169924e-17
8.23003077452756345321e-17
-6.15207535338351488755e-17
-5.41184779653364530573e-16
6.58794494563389105033e-17
1.40003382032709718815e-16
-1.22027658530441301364e-17
-1.98105583298907147205e-16
-3.76612495918958887071e-17
-0.243439020393621653113
0.0426988897549801084517
0.0273156157456497549376
0.140456176490204681503
0.402254173414259934486
-0.958544962675504642173
0.584502662736359032113
-0.156863545477970114876
-0.294520479889594306765
-1.37545531904343937195
2.27645177500351842082
-0.756516732468115241571
0.629021964770017423346
2.96452234422402977202
-3.11897054369229151159
-0.144132932767483938968
-7.26982839112033025682
4.3450719125834678951
-8.82255618714744257841
-7.51779587507418408983
1.37187152097074276358
0.0426988897549801117874
-2.69417858150480426867e-16
-2.0285577068542620689e-16
-1.99034364842656957273e-16
0.0634513541716213436436
-0.156863545477969692701
-9.11795981359538114033e-16
-6.17762919694904505362e-16
-0.267207139067766354824
0.629021964770015616159
-2.59496115581911781354e-16
0.617229938232223866107
-7.26982839112032582689
-0.595779701321693543521
-7.51779587507418554162
0.0273156157456493516721
1.71825090272954698252e-16
9.48619722349659046171e-17
0.0791193211318234202766
-0.294520479889593837793
-5.2726294931515571079e-16
-0.308324817529249699014
2.96452234422402791201
0.617229938232224483752
4.345071912583465073
0.140456176490205280159
-2.19136461090359901618e-17
0.0791193211318232218579
-1.37545531904344006477
-0.267207139067766293634
-3.11897054369229027818
0.402254173414259392648
0.0634513541716214935424
2.27645177500351795008
-0.958544962675503657272
1.19367697093660829804e-15
-1.04350347139667909023e-15
-4.7714063906880243603e-16
-7.02000954720752046373e-17
-1.80850988670094594659e-17
1.84840416481388982041e-16
-2.71730387660025231433e-15
2.35489340497872921799e-15
-1.13629719594188041575e-16
-4.50256110623941185038e-16
-6.30070205840085930665e-16
3.07436313491440226584e-15
-5.26337810087390037763e-15
-4.41689589077188156666e-16
7.27241506789966412163e-16
-3.2072584620664860517e-15
1.25779982065897975611e-14
1.59716659313221696595e-15
5.24953278964112286616e-15
6.11420689628364365143e-15
-7.55002807939394702621e-17
-2.62084529929545333494e-16
1.65164739381778475433e-16
1.5475537748750102457e-16
-9.88851534654091606665e-17
1.41256839485739862423e-16
1.01022227244397860007e-15
-8.8888722983644739404e-16
-4.95124082250731447012e-16
-4.35931807120971767686e-16
-2.6812401892098264274e-15
2.28782466522945138472e-15
1.76907847421745502203e-16
5.81127295888849351355e-15
1.18033411900358634039e-14
4.88747218646293910469e-15
-1.26558285300179786927e-16
7.22722858675685369975e-16
4.70201111580611118383e-16
-6.78146498175146782907e-17
9.67546548021875896715e-16
-8.12672494725813995606e-16
6.38612182610861082187e-16
-2.57225148696325947681e-15
-5.31721956307666791866e-15
-3.64692054734478707639e-15
-2.14484130753746605926e-16
-5.7418253978658401485e-17
-1.88990342248582273986e-16
6.05151279467506542572e-16
1.71170916791631362429e-15
2.86493941984218061853e-15
-7.05566798257783824432e-17
-5.35512411961721433488e-16
-2.84344840143597385176e-15
1.11506324335669533268e-15
2.52366879850636355118e-16
-4.18912408463433656256e-16
-4.78754216377646130492e-16
-4.78752703480051242551e-16
-4.18908583588689093587e-16
2.52365943839757522547e-16
-7.12548114194111896052e-16
6.56309238248661036767e-16
3.80059698695709265433e-16
6.56303868613247303348e-16
-7.12546408761876586135e-16
9.75104176562274316403e-16
-7.1253345104842959877e-16
-7.1254346157648759621e-16
9.75105331665129403194e-16
-1.04516372244721474629e-15
3.09133629133508494823e-15
-1.04515914979324520033e-15
2.6579280548096418718e-15
2.65792407769535627453e-15
-1.88667591601639319122e-16
-2.18670913528806998544e-17
1.01065074603423051574e-16
1.53568238195157062801e-16
1.01069874530579835286e-16
-2.18648879737985135638e-17
3.66948548776247425087e-16
3.50423789910711370395e-16
3.50413577641444558022e-16
3.66951059615358338443e-16
-5.42909840913394717768e-16
2.22081556966156797778e-15
-5.4290953420808367962e-16
3.55871877955596920467e-15
3.55871820568328694579e-15
2.41034619357676924916e-15
-1.22882147655613621319e-17
5.18278572800488952725e-16
5.18284782352463595917e-16
-1.22918247188083604916e-17
8.0571069155175385958e-17
-2.14677391482608406618e-15
8.05746018656827625245e-17
-1.3025196039294162493e-15
-1.30252585899785677509e-15
-1.55047553491695259628e-15
-2.77228366206996613666e-17
-1.21295605255225662543e-16
-2.77198040329489109335e-17
1.72299333566453898765e-17
1.72338214188549107737e-17
3.76664333347762000793e-16
-1.06654216359363977562e-16
-1.06652949599344005243e-16
-9.78656752561192938877e-16
3.39122261334234780425e-16
-0.808024545317696459633
4.23080183371648443655
-1.56381583321646398061
0.796196615777495834923
-0.481558845786760954804
0.127067596742460985507
4.23080183371648314974
0.595779701321687741151
-0.61722993823222271262
0.267207139067764851856
-1.48722582998228666654
-1.56381583321646305973
-0.617229938232222734587
0.308324817529247363825
-2.10504852945130432076
0.796196615777495693184
0.267207139067764625445
-2.10504852945130240699
-0.481558845786761153641
-1.48722582998228735986
0.127067596742461106177
8.38447702321187972449e-16
9.09915340464748815218e-16
-1.08371125642849026455e-16
-1.02259327215803242434e-15
-0.929631399730498928226
4.03849965431894509256e-16
-1.44625200692328378344e-15
-7.3815422026109645068e-16
-3.22326341563778526076
1.63380866066662213961e-16
-9.03362103621032357762e-16
-4.35271100244913781191
-1.06563790922831472266e-15
-3.22326341563778449168
-0.92963139973050022214
-2.5234267774294558264
-1.36401124417948793921e-15
1.55655349360923263249e-15
0.768348278742317278842
-1.11674030754937280937e-15
4.82329617071895485289e-15
4.22561374361151646942
1.81636523759710956059e-15
4.22561374361151543156
0.768348278742317043788
1.15282815853592885012
-3.0670140295835455707e-16
0.683831346011439232081
-6.21192415248908606564e-16
3.39208796951487038258
0.683831346011439199738
-0.653547507429799530103
1.13764807476392200307
1.1376480747639222312
-0.0908584963847860767469
0.00312460083544283292273
1.4834237062110262606
1.90404791153519131039
-0.29751924604070817254
0.097824897197672363921
0.0800998107123984860585
0.342424686920098285698
3.19126737086735202195
-0.118042169997967595338
-0.232700282158100169759
0.0894173116419644360017
-1.13467541251212657504
-2.02053619312418161877
0.0612747997944348935352
0.929230625171561831883
1.1311315235005990453
1.03607812505593775636
0.66283670540866596173
-0.940177977189669934526
-0.813279726905840403744
0.298045597549297764304
0.782330355209521015978
0.298543804440571183386
0.0836094469818015038349
-0.0681268518900682233636
-0.201693159750627950339
-1.57098281445830415358e-16
8.77313892808041507969e-16
-5.43915239203959539321e-16
0.49964771878492780738
-2.01642256495109900706e-16
1.15879079962925802168e-15
0.715514208172670931966
-3.2541412433784236561e-16
0.180134939537765186524
-0.500288480243766191957
-0.956732490252575760126
-2.26390731780160264392
0.0836094469818002767537
-0.342043887865946843171
3.18221034196650046256e-16
-9.90590586837341058349e-16
-3.15755633730968784939
5.19726396765492962203e-16
0.715514208172671796694
0.744953577095000038951
0.887467509034570701057
0.90627076615020620303
-0.420038071663197662169
-1.42170129151389879976e-17
0.499647718784927759899
0.86776222499618287741
-0.740794543530244324011
-0.477633707313428133136
0.033213694329779939697
0.457444880274678374845
0.279319446214678727725
-0.486203953304496769265
2.13300220639525923395
1.42454280223974822751
0.141459337829178513451
0.124365212115893155999
-0.236239222998481776802
0.119236427254547182357
2.82486290905946231209
0.11923642725454772819
-0.124635031346815582303
0.154167473988621901806
-1.8036453674945774076
-1.8036453674945785461
-0.773129675355177453635
0.419965539471914083765
1.84028970276730963831
0.691480669361129996665
-0.830329390345151530445
-0.64922789202147296023
0.465338568832957009835
-0.432144974550610085309
1.50308860783751343837
0.239346332431986863248
-0.0555112862959317353331
0.0416374407491577524562
-2.82096175520176226014e-16
6.26423225569963121185e-16
2.85258317962319032864e-16
1.27968811450491778724
4.95054385195341325425e-16
-1.10056397501975473186e-15
-1.16639581833442489729
1.26204468527284912547e-16
0.637524603142277746036
-0.28661075918257596236
0.0914980035765990896528
-1.84468243841252295787
-1.92095935448911368086
0.955084304585610202474
2.98079772889935127619e-16
4.34319962435740512007e-16
1.6481798225051446003
-4.43858074491489493125e-16
-1.60249189553778985584
0.444213387883823366788
0.356173147343186120956
1.50308860783751329443
0.525202010846480488884
-1.19263502679421173803e-16
-0.854404264518807973636
0.392039175574083124846
-0.650740192913175128789
-0.598747097006889298097
0.0163018718881941365534
0.369113266790432846391
-0.377345069562279240889
0.838619440727915811411
-1.18498675507527850376
2.86078040178776716577
0.701093351001504563363
-6.05266465138577170612e-17
0.0562036173121842739552
-0.232700282158099493675
-0.118042169997968283906
3.19126737086735290294
3.01492309057514521003e-16
0.0614684001753796000874
0.0612747997944334906765
-2.02053619312418088147
-1.91453388363186519384e-16
-0.0821168716863335754907
1.03607812505593864847
4.2043444595967144007e-17
-0.31299124666207433095
-1.30815801099970152149e-16
2.38891974278657043119e-17
0.275940547562800294299
-0.974397618040273949411
2.34751676478340405734
-1.97387950651340654204e-15
-0.701093351001503778087
2.96988066772806207737e-16
-3.3292820255669164304e-16
6.38042977104094658486e-16
-3.19126737086735286991
-4.21284693349750463651e-18
1.35159768805302621036e-15
2.02053619312417988466
1.28291326872823968143e-16
-1.03607812505593839982
0.312991246662074254554
0.0779941837972504405863
-1.88527845537919281391e-16
-2.34751676478340406717
-2.86078040178776584454
2.04931139630584631829e-16
2.49475172935512307851e-16
0.118042169997968361509
-2.94487807411611270677e-16
-0.0612747997944348824717
0.0821168716863337326078
-0.0779941837972503589401
0.974397618040274079567
1.18498675507527867877
-9.71523753459623949137e-17
0.232700282158099963101
-0.0614684001753793675739
-0.275940547562800794927
-0.838619440727915943344
-0.0562036173121846560006
0.377345069562279839845
0.958544962675506445024
-2.27645177500352610837
3.11897054369230051643
-4.345071912583479912
7.51779587507420067097
-1.37187152097074506473
-0.0634513541716208256877
0.26720713906776645234
-0.617229938232225920754
0.595779701321694758121
7.51779587507418914609
-0.0791193211318240678527
0.308324817529250243991
-0.617229938232225515067
-4.3450719125834691189
-0.0791193211318222218946
0.267207139067764863658
3.11897054369229330195
-0.0634513541716225502023
-2.27645177500351987818
0.958544962675505057417
-0.402254173414260042871
1.37545531904344454064
-2.96452234422403674222
7.26982839112033797326
8.82255618714744068534
-3.90518926409026113873e-16
8.95000639315507183579e-16
1.23389736769237261972e-15
7.26982839112033585037
1.81210612485968600737e-16
-2.09218689195015005362e-15
-2.96452234422403116315
2.19888541161972988598e-16
1.37545531904344336482
-0.40225417341425985974
-0.140456176490205935477
0.29452047988959428459
-0.629021964770012478526
0.144132932767489771374
-3.53988459441536245151e-16
6.14201355445123998478e-16
-0.629021964770012266352
-1.68973082209434355552e-16
0.294520479889593578167
-0.140456176490205779747
-0.02731561574564898219
0.156863545477967680166
0.756516732468112836603
-2.06341161382806322259e-16
0.156863545477968343929
-0.0273156157456492438907
-0.0426988897549800636628
-0.584502662736356315912
-0.0426988897549799575688
0.243439020393620847077
0.00312460083544284489839
0.342424686920098617537
-1.13467541251212683451
1.13113152350059937282
-0.940177977189670070902
0.298045597549297867976
1.48342370621102579568
3.19126737086735270162
-2.02053619312418230165
1.03607812505593812573
-0.813279726905840184906
1.90404791153519122259
-0.118042169997967755002
0.0612747997944353359347
0.662836705408666045046
-0.297519246040708216935
-0.232700282158100481698
0.929230625171561944928
0.0978248971976725775636
0.0894173116419645536057
0.0800998107123984939679
0.782330355209521026078
-2.4048240909109110153e-16
-2.58827636297204206056e-17
-5.50877438019227688888e-16
-0.500288480243765772129
0.298543804440571007715
1.01912017232972892369e-15
9.17449129728546283303e-16
0.180134939537765414883
0.0836094469818015891188
-9.46640184597305221372e-16
0.715514208172671577647
-0.0681268518900682420087
0.499647718784927467947
-0.201693159750627814047
-0.956732490252575791181
4.54995288566387243561e-16
1.86345740072365690386e-16
0.744953577094999922845
-2.26390731780160271125
-1.21759636941304378692e-15
0.715514208172671526433
0.0836094469817999603655
-3.15755633730968825798
-0.342043887865947277184
0.88746750903457065319
-1.32408226162078463743e-17
0.867762224996182801251
0.906270766150206443609
0.499647718784927876036
-0.420038071663197703379
-0.740794543530244221822
0.0332136943297798239246
-0.477633707313428426451
0.457444880274678309676
0.235203923982920516708
-0.386383589561449703951
-0.0476338849411628429251
-0.231417640408100845685
0.0712049757685548605346
-0.137516348491914770559
-0.386383589561449712331
1.86294636900622168318
1.46645677115402361921
-0.425087696750822432676
0.113568147163342772274
-0.0476338849411629384414
1.4664567711540234375
-0.00460837549634852707073
-0.221787878846060348263
-0.231417640408100770594
-0.425087696750822323771
-0.221787878846060285235
0.0712049757685547533985
0.113568147163342668709
-0.137516348491914728189
-0.406077386859378463861
0.784143940908264424789
0.0355409906270317601614
-0.0289595959772480430606
0.0387868118649400926663
0.784143940908264414046
0.549203731437528165451
7.78787077379740330218e-16
-0.116428806632599299808
0.0355409906270318856797
8.20536655909989191943e-16
0.754394678887749638436
-0.0289595959772482058979
-0.116428806632599366719
0.0387868118649400354396
0.0687429616153720856525
-0.962349491200076086114
0.0355409906270322115618
-0.191526080086248168097
-0.962349491200076098981
-2.04362209088181006137
0.830602662544077822586
0.0355409906270321356445
0.830602662544077581178
-0.191526080086248222981
0.365610051352516119004
0.784143940908263909513
-0.250331945081944473206
0.784143940908264054778
0.311770103756754761881
-0.250331945081944505282
-0.651259935481998175761
-0.313558278198637363239
-0.313558278198637477596
0.318982270807024322768
-0.456498619298939531771
0.722464911250553672241
-0.597027691760617201453
-0.116376846556535239916
0.0196937972979291367483
2.68899350990748943416e-17
0.427126425361980723279
-1.20923163765908720174
2.42880626235410011352
1.07880242809795701642
-2.34582412951082400856e-16
0.0285440662358841526357
-0.0401493661233804411391
1.43091578052699136545
-2.35054619065901236873e-17
-0.0302617987598122253507
-0.396128100773574184039
-2.70158549775419526781e-16
0.0747813352984026968882
6.88840196241208587066e-17
-9.03707594616662026445e-18
0.352345090063578084628
-0.813103536885512864798
0.997890481827108500293
-1.80333881703969262319e-16
-0.0196937972979294210221
-0.42819891038935432353
2.04362209088181193005
-1.26344533484480506936e-15
-1.07880242809795765234
-0.0762079836563281948689
-7.45238817387659875138e-16
-1.43091578052699187283
1.80214865369070900859e-16
0.396128100773573911636
-0.0747813352984026761233
0.058805864995696074705
4.9183108969276978399e-16
-0.997890481827108382521
0.11637684655653501714
-1.43200764235283164612e-17
-2.0436220908818113649
-2.42880626235409925122
0.0762079836563283046062
0.0401493661233804361119
0.0302617987598121535847
-0.0588058649956961834674
0.813103536885511577784
0.597027691760616895366
0.428198910389353880797
1.20923163765908617664
-0.0285440662358841455233
-0.352345090063577758891
-0.722464911250552302336
-0.427126425361980066153
0.456498619298938991482
1.59777678757671140659
-3.09251398250259471126
2.94195873078351103025
-2.0099100825176941519
-0.074582268869884407222
0.6065789361837620491
-0.972068809972111437168
2.78965763362855943226
-4.53387160779239125879
6.10562191917224908576
1.34085453378918521755
-0.258855873148758891091
0.307015723434429488635
-0.40414916712581789319
2.85096050800712917467
0.033997783134131940543
-0.129396911838151589575
-0.554464189970642604104
0.0280075270524941963045
0.14687887908345307368
-0.0341892167445901570919
-0.659077563310036650544
1.75357950857261986523
-2.51333541466820828278
2.91435454830489621103
0.639761182787680858881
0.477335359866771563887
-2.20759409276126697068
5.84192951777818882831
12.7680981619500961793
0.160887301736976947406
-0.387028751812350208981
2.32941294373296511491
0.0136979421993479553188
-0.307358963731212248021
0.0286990410458462797064
-0.176739001462425526547
0.245740923639995653414
-0.286106997127851303512
-0.00981989378063756510439
0.160887301736977315141
-0.387028751812352167256
-0.0181038210504389009834
0.0405989544939287804249
-0.280255866796527030584
0.0743581694948798954923
-0.0274706170412472981435
0.103303370319948591264
0.630522565104636907838
0.0136979421993482742572
0.667038654309062973395
-0.00363601430237069305457
-0.0281960902596910693741
-0.691740561644463492939
-0.247241506516954379226
0.343155852817689975345
0.279319446214678863456
-0.236239222998481956898
0.154167473988622051741
0.419965539471914128364
-0.830329390345151742986
0.465338568832957229077
-0.486203953304496844842
0.119236427254547404556
-1.80364536749457792636
1.84028970276730996449
-0.64922789202147292552
2.13300220639525921765
2.8248629090594626782
-1.80364536749457843062
0.691480669361130003971
1.42454280223974794347
0.119236427254548008543
-0.773129675355177761579
0.141459337829178748903
-0.124635031346815402052
0.124365212115893034255
-0.432144974550610254023
-3.89280935330893153161e-16
5.93008632278367347395e-16
-1.21432826398483233331e-16
-0.286610759182575904475
1.5030886078375137951
4.2085259028512429346e-16
-9.99924210295656530224e-16
0.637524603142278167107
0.239346332431986449417
1.07781056891738492077e-15
-1.1663958183344252193
-0.0555112862959312986826
1.27968811450491872614
0.0416374407491581672097
0.0914980035765992279989
1.29074004059351063777e-16
-5.03570566997600543616e-16
0.444213387883823382383
-1.84468243841252341242
3.1882966434720869569e-16
-1.60249189553779042982
-1.92095935448911351459
1.64817982250514589378
0.955084304585610736436
0.356173147343186051414
-9.7246383276417145417e-18
0.392039175574083015626
1.5030886078375136815
-0.85440426451880800863
0.525202010846480781797
-0.650740192913175070679
0.0163018718881940823665
-0.598747097006889487622
0.369113266790432712452
-0.456498619298939504481
0.42712642536198076185
0.0285440662358840234815
-0.0302617987598121506539
0.0747813352984026851146
-3.24327068412464076736e-17
0.722464911250553603191
-1.20923163765908717542
-0.0401493661233804125293
-0.396128100773574158675
7.31134547082992915751e-17
-0.597027691760617119684
2.42880626235410003705
1.43091578052699134183
-2.33658551051250824268e-16
-0.116376846556535197094
1.07880242809795718324
-5.96068358286684697106e-17
0.0196937972979291387395
-1.96595088088274248969e-16
8.00733799990111749699e-17
0.3523450900635780272
-0.428198910389354302351
-0.0762079836563280638141
3.59407892607354948999e-17
-0.0747813352984025988067
-0.813103536885512719943
2.04362209088181201511
-6.29112474735858722051e-16
0.396128100773573749342
0.997890481827108368835
-1.30349735205488024494e-15
-1.43091578052699182422
-1.59324689251872154506e-17
-1.07880242809795737894
-0.0196937972979294557224
0.0588058649956961020974
1.99154769741001707981e-16
0.076207983656328299994
0.0302617987598121705137
3.99607345468506881542e-16
-2.04362209088181137378
0.0401493661233804081417
-0.997890481827108398539
-2.42880626235409944386
0.116376846556534919936
-0.0588058649956962560823
0.428198910389353631478
-0.0285440662358841642583
0.813103536885511933807
1.20923163765908626594
0.59702769176061712271
-0.352345090063577686006
-0.427126425361979934757
-0.722464911250552659408
0.456498619298938950733
1.94407569022719618976
-2.5277139755384881047
0.936659275209635515036
0.42797893915362285755
-0.250835975406962815415
-0.077357974925913643156
-2.52771397553848815247
4.80387290120517474351
-3.71978458491494766131
-0.0439036339109869427886
0.133259126353532827519
0.936659275209635254358
-3.71978458491494737531
5.35788789272909942819
2.17533455991084680762
0.427978939153622784614
-0.0439036339109875299251
2.17533455991084643729
-0.250835975406962576718
0.133259126353533243587
-0.0773579749259138880577
-0.784480118282348542591
1.33197079255502910184
-0.786595248555914954747
-0.236152572914920173731
-0.0964231778309691448319
1.33197079255502910829
-3.81278571553110035061
4.60944376349408860782
1.70706331933718420488
-0.786595248555914256973
4.60944376349408914391
12.833039409655765103
-0.236152572914920718386
1.70706331933718359017
-0.0964231778309688995355
-0.196837200112510631201
0.262877406876261532988
-0.217319010547814002646
-0.0876658072433080399966
0.262877406876261523813
-0.466051085242077532327
-0.179832655989037077226
-0.21731901054781411965
-0.179832655989037183036
-0.0876658072433081070036
-0.0483179912673319903867
0.089507257418007902696
0.265921178674661076232
0.0895072574180081890579
1.11570074184292198548
0.265921178674661077951
-0.0386012706341127831166
-0.608017628881395864208
-0.60801762888139605384
0.436177120567210151569
-0.37734506956227933937
0.0562036173121841751213
0.061468400175379819225
-0.0821168716863336660953
-0.312991246662074219171
-2.39948139417254171591e-16
0.838619440727916278078
-0.232700282158099847577
0.0612747997944332920347
1.03607812505593840828
4.68741130204726700478e-16
-1.18498675507527893113
-0.118042169997967676115
-2.02053619312418085515
-4.63540254589069424877e-16
2.86078040178776749516
3.19126737086735246895
1.05161879997191173848e-16
0.701093351001504324064
-7.04127631786980921837e-17
-2.87975012245848845026e-17
0.27594054756280023892
4.33363138747172594463e-16
-2.09585732160357811414e-16
2.42233983166139635379e-16
0.312991246662074523249
-0.974397618040274105265
-5.03040635629669425435e-16
1.67092102533916631832e-15
-1.03607812505593925741
2.34751676478340450839
-1.38473481687894222542e-16
2.02053619312418153081
-3.62102836688295149504e-15
-3.19126737086735619697
-0.701093351001505024099
0.0779941837972505926752
2.63324734147158564291e-17
-1.79348278640488898595e-16
0.0821168716863336805671
-3.35973618863985648059e-16
2.11835293935326842965e-16
-0.0612747997944343891606
-2.34751676478340453847
0.118042169997967324602
-2.86078040178776743424
-0.0779941837972505522147
-1.05770140960880683268e-16
-0.061468400175379396319
0.974397618040274540668
0.23270028215810012703
1.18498675507527911227
-0.275940547562800620734
-0.0562036173121846360253
-0.838619440727916410894
0.377345069562279695271
1.59777678757671109285
-0.972068809972111212408
-0.25885587314875862634
0.0339977831341319033306
0.0280075270524941661332
-0.0341892167445897704988
-3.09251398250259408779
2.78965763362855873086
0.307015723434429319135
-0.129396911838151485643
0.146878879083452118095
2.94195873078351023722
-4.53387160779239028489
-0.404149167125818232652
-0.554464189970641342181
-2.0099100825176938088
6.10562191917224949001
2.85096050800712837302
-0.0745822688698841879157
1.34085453378918537974
0.60657893618376220047
-0.659077563310036555841
0.477335359866771087164
0.160887301736977036169
0.0136979421993480669967
0.028699041045846047569
1.75357950857261968435
-2.2075940927612672424
-0.387028751812350707901
-0.307358963731211672205
-2.51333541466820825477
5.84192951777818957645
2.329412943732964213
2.91435454830489646951
12.7680981619500970053
0.63976118278768189469
-0.176739001462425416059
0.160887301736977346451
0.0405989544939287603029
0.0743581694948798329937
0.245740923639995423566
-0.387028751812352177605
-0.280255866796527236681
-0.28610699712785122963
-0.0181038210504383733927
-0.00981989378063670016929
-0.0274706170412473827607
0.0136979421993481559586
-0.00363601430237074408394
0.103303370319948939797
0.667038654309062800122
0.630522565104636665227
-0.0281960902596909434623
-0.247241506516954233325
-0.691740561644463507015
0.343155852817689756758
0.95854496267550476045
-0.0634513541716209151415
-0.079119321131824018644
-0.0791193211318224078523
-0.0634513541716225946772
0.958544962675505168847
-2.27645177500352186846
0.267207139067766734066
0.308324817529250871501
0.267207139067765107581
-2.27645177500351943581
3.11897054369229467293
-0.617229938232227319505
-0.617229938232226397968
3.11897054369229264255
-4.34507191258347184961
0.595779701321699104848
-4.34507191258346914849
7.51779587507419436988
7.51779587507418658702
-1.37187152097074340604
-0.402254173414259232657
-2.9307578172379845827e-16
3.7452225711165154365e-16
-4.98598822093187560235e-17
-0.402254173414259337218
1.37545531904344165597
9.09929385002241165715e-16
-1.8204513982022899859e-15
1.37545531904344225576
-2.9645223442240310352
7.55832468126844354196e-16
-2.96452234422402904881
7.26982839112033012898
7.2698283911203299593
8.82255618714743948176
-0.140456176490205594861
-3.64292120735363078682e-16
-7.03460973847072639176e-17
-0.140456176490205610748
0.294520479889594029114
9.87506576730573430928e-16
0.294520479889593736757
-0.629021964770013125823
-0.629021964770012784678
0.144132932767489432687
-0.0273156157456490960509
1.79515427410219121189e-16
-0.0273156157456491868784
0.156863545477968632725
0.156863545477968941336
0.756516732468112288764
-0.0426988897549800873051
-0.0426988897549800052799
-0.58450266273635633715
0.243439020393620710585
-0.275757526427097966448
-0.627280559091164846888
-0.920693890795559426993
0.855338508422999068861
-0.454261634394404981573
-0.0333280157617571228713
-0.627280559091164394534
-5.38947954267750135956
4.05434622135105966537
-1.73526662138974127021
-0.496681380356178068664
-0.920693890795558848306
4.05434622135105902337
-1.88273409751919846101
-0.925688064253017418935
0.855338508422998511075
-1.73526662138974038236
-0.925688064253017083093
-0.454261634394404997577
-0.496681380356178248424
-0.0333280157617574289089
1.72125695283023194664
2.0906000919611183546e-15
-1.23475357676031778549e-15
5.69023238748242083743e-16
0.149148697630375323046
1.99806849673288248834e-15
-3.67657206515670654272e-15
2.88956826627787907321e-15
1.85774782285942105075
-1.11773474652436425197e-15
2.82944990289722024694e-15
2.53900436870982608688
7.4841042420047064435e-16
1.85774782285942028435
0.149148697630375545485
-2.38182501519979128423e-16
-5.02137692713412013631e-16
1.62763707543665083437e-16
0.899942526583266880557
-9.85518018511515511105e-16
1.96573083031993925239e-15
1.99338472668161842296
3.4030527140523415252e-16
1.99338472668161883836
0.899942526583267076461
-1.75296196636786560209
9.05901299938095710458e-16
-1.67357854690267297905
4.51822678640331984608e-16
-6.08474556553328901557
-1.67357854690267300254
0.786356672223240905299
0.399676368778310270427
0.39967636877831054018
-0.837176663688732233404
0.154954234098785431031
-0.473782415299767878033
-0.863586301009012153066
-0.16902886350329414558
-0.051993095906285468871
6.17817084774204355678e-18
-0.111604191651665837642
-1.27968811450491849289
-1.64817982250514464786
0.85440426451880827016
-1.21844333475856311775e-17
0.92729714934380044077
1.16639581833442792918
1.60249189553779081726
1.8820295126453812874e-17
-0.271515129889216336473
-0.637524603142278531897
-1.4621724133791915654e-16
-0.181101498323677955653
-5.66336113366324491252e-17
-7.01966849532926611654e-17
-0.627663291133674814271
1.55859989413344526624
0.0762769160765908637091
-2.25509944796253901533e-16
0.0519930959062856579604
-1.73658058424278145409e-16
6.40514272986620636684e-16
-5.80245612740733575627e-16
-0.85440426451880793902
7.8503008247699731024e-17
-1.57882580168018039432e-15
-1.60249189553779037668
5.26734210582097815612e-16
0.637524603142278309979
0.18110149832367796469
0.708459404155511263153
2.09623589647834113365e-17
-0.0762769160765904472343
0.16902886350329393916
-1.04687400069819042021e-16
4.90536179776045518541e-16
1.64817982250514453206
-1.01686079225097866733e-16
-1.16639581833442502769
0.271515129889216274778
-0.70845940415551094755
-1.55859989413344542227
0.863586301009011415823
-1.00700135664100240241e-16
1.27968811450491791189
-0.927297149343800397796
0.62766329113367485317
0.473782415299768189014
0.111604191651666712653
-0.154954234098785945533
-0.369113266790432422148
0.598747097006889867233
-0.525202010846480464663
-0.955084304585610934978
-0.0416374407491581288779
-0.124365212115892990968
-0.0163018718881949962123
0.854404264518809318678
-1.64817982250514484911
-1.27968811450491714452
0.124635031346815258897
-0.392039175574082582563
1.60249189553779029107
1.16639581833442765608
0.773129675355178138839
-0.444213387883823264635
-0.6375246031422783775
-0.691480669361130006858
0.286610759182576536355
0.649227892021472669355
-0.465338568832956977918
0.650740192913174993518
-1.50308860783751376376
1.92095935448911397699
0.0555112862959316010541
-0.141459337829179018196
4.19282614599824192376e-16
-3.43115372588379370947e-16
-3.36514395320531074347e-16
-0.119236427254548420009
-6.17338136680703284427e-16
1.56125238134040484553e-15
1.80364536749457669553
8.44261332261400334504e-17
-1.84028970276730933052
0.830329390345150800152
-0.356173147343186307267
1.84468243841252321924
-0.239346332431986440841
-1.4245428022397470919
-2.34445130798767923234e-17
-4.81590164709968929837e-16
-2.82486290905946295708
7.34894412178391237435e-16
1.8036453674945763127
-0.419965539471913852333
-0.0914980035765991141533
-1.50308860783751319487
-2.13300220639525857427
4.33448688929879639542e-16
-0.119236427254548388169
-0.154167473988622352381
0.432144974550610248355
0.486203953304495387442
0.236239222998482207246
-0.279319446214678772298
1.19965179308666138201
-2.38439003681373367172
2.37106245491072502425
-1.47425121400589034085
-1.33117833602452321124
0.45576994957202607363
0.413616781436904605273
-1.735266621389742332
4.05434622135106263304
-5.38947954267750622786
-1.33117833602452190575
0.47553134216200198484
-1.88273409751919616647
4.05434622135105813403
-1.47425121400589009127
0.475531342162004011246
-1.73526662138974139276
2.3710624549107248891
0.413616781436901706326
-2.38439003681373233303
1.19965179308666216656
-1.2478653450115625902
3.26853829814428856216
-4.57509561578329131157
5.16406410553696485273
1.43196985622440960239
-4.15601110673290030867e-16
-2.91152119480600513393e-16
1.63862512953867671348e-15
5.16406410553696212997
6.92733532976206460101e-16
-3.58913985863269856609e-15
-4.57509561578328712409
-3.81529035704577513158e-16
3.26853829814428801848
-1.24786534501156197368
0.259411976941059332677
-1.88345193647227994505
5.96917684639212556455
9.61591095827209195543
-5.03627970420250511167e-16
1.73457950807202201787e-15
5.96917684639212091053
-6.22210049121805200833e-16
-1.88345193647227786895
0.259411976941058733673
0.321867872484012791786
-0.71053402072171132542
0.1385260279087010745
1.95581962166931579346e-16
-0.710534020721711465925
0.321867872484013121237
0.0614045506609515510984
0.82506874602186550541
0.0614045506609511785958
-0.334873592907778368284
0.154954234098785423775
-0.111604191651665928289
0.927297149343800572936
-0.271515129889216423702
-0.181101498323677940284
-4.68840824090938252881e-17
-0.473782415299767713309
-1.27968811450491892052
1.1663958183344280913
-0.637524603142278393898
1.13444472686244210878e-16
-0.863586301009012089798
-1.64817982250514448199
1.60249189553779066649
-1.41277652956665941367e-16
-0.169028863503294018268
0.854404264518808028179
-1.31509154993692632762e-17
-0.0519930959062855222271
-7.65225679093412493893e-18
2.36398083583689117154e-17
-0.62766329113367473007
-2.36884129222846407519e-16
1.98423620778255695713e-16
3.4160976823892827166e-16
0.181101498323677984582
1.55859989413344514705
7.40416754662902048109e-16
-1.77500542507251190351e-15
0.637524603142278029114
0.0762769160765907933772
-6.1322272076109437998e-16
-1.60249189553779031365
-3.26892655588631272292e-16
-0.854404264518807688918
0.0519930959062855049583
0.708459404155511157214
-1.43114156123598870925e-16
-5.32496044655847710416e-17
0.271515129889215994459
4.00655655028396881305e-17
1.48411590914869125922e-16
-1.16639581833442531534
-0.0762769160765901520989
1.64817982250514462577
0.169028863503294187173
-0.708459404155511036618
-1.74026709531736369577e-16
-0.927297149343800097275
-1.55859989413344573921
1.27968811450491790796
0.863586301009011432126
0.627663291133674811146
0.111604191651666673074
0.473782415299768384995
-0.154954234098785855995
-0.318982270807024518473
0.3135582781986378429
0.250331945081944591392
0.191526080086248261383
-0.0387868118649400341391
0.137516348491914719042
0.313558278198637830243
-0.311770103756754394458
-0.830602662544078188252
0.116428806632599779017
-0.113568147163342574817
0.250331945081944625958
-0.830602662544078059149
-0.75439467888774956609
0.221787878846060383845
0.191526080086248190655
0.116428806632599757557
0.221787878846060371846
-0.038786811864940021936
-0.113568147163342538294
0.137516348491914671015
0.651259935481998474137
-0.784143940908264512558
-0.0355409906270317454607
0.0289595959772480668542
-0.0712049757685545974296
-0.784143940908264487185
2.04362209088181098714
-5.07979419013600703002e-16
0.425087696750821969156
-0.0355409906270318350003
-5.24305205357786886469e-16
0.00460837549634836134961
0.0289595959772481584771
0.42508769675082182915
-0.0712049757685545356847
-0.36561005135251635453
0.96234949120007616549
-0.0355409906270324626767
0.231417640408100566846
0.962349491200076130764
-0.5492037314375299604
-1.46645677115402372742
-0.0355409906270323677267
-1.46645677115402326561
0.231417640408100563142
-0.0687429616153719824269
-0.784143940908263658222
0.0476338849411628813927
-0.784143940908263876105
-1.86294636900622157614
0.0476338849411629444814
0.40607738685937817912
0.386383589561448511884
0.386383589561448689039
-0.235203923982919952471
1.47873712139423934374
-1.87848608351701516156
0.245178605848504683356
1.20110861450880213502
-0.12620094406014732942
-0.20172318704180666267
-0.497869359099772755139
0.694446189412751018957
0.379800569778513694905
-1.51584068741983920309
-0.138060618580127151391
-0.641050587996334050635
1.86536930241405363239
-1.86549883305295989358
-1.04275011182891901858
-0.440357166841415583409
0.943911521936816911065
-0.259280832171819476331
-0.0549031425223063338232
-0.00927053187450638507053
0.0670638537767771434925
-1.69738458519333641402
2.963583198437863354
-1.91613921742036824504
-0.163140061165534809624
-0.0082002114756458592948
1.33197079255502977132
-3.81278571553110079953
4.6094437634940865793
1.76257460563311569742
0.262877406876261180466
-0.466051085242076157134
1.74112669850007677434
0.0895072574180080730466
-0.387387865994592688683
0.0427225640317792374487
0.51669373573772158862
-1.91613921742036852796
2.53302498366963529939
0.750791757671098315462
-0.78659524855591451001
4.60944376349408809441
12.5936930772237774374
-0.217319010547813624467
1.66484978242348536979
-0.0902519686685253706745
0.273811465164999792666
-0.16314006116553448038
0.0423323535155870195627
-0.236152572914920213182
0.203974711499669221259
-0.179163810819907310368
-0.0145967524084798444691
0.619463079658028734121
0.335721796719641123037
-0.356677421140592672322
-0.369113266790432422332
-0.0163018718881950412634
-0.392039175574082456993
-0.444213387883823551509
0.286610759182576956076
-0.465338568832957277835
0.59874709700688983879
0.854404264518809413988
1.60249189553779062815
-0.637524603142278682449
0.649227892021472956696
-0.525202010846480447272
-1.64817982250514510536
1.16639581833442769416
-0.691480669361130100752
-0.955084304585610971225
-1.27968811450491731633
0.77312967535517822597
-0.0416374407491579252857
0.124635031346815457383
-0.124365212115893044928
0.650740192913175089604
5.61653815005066358582e-16
-9.70315425804170240255e-16
4.70439804766930621484e-16
0.830329390345150906773
-1.50308860783751403552
-6.11168384372805846972e-16
1.95006293565762347752e-15
-1.84028970276731018384
1.92095935448911416605
-4.98933092743489373791e-16
1.80364536749457756142
0.0555112862959313147676
-0.11923642725454912647
-0.14145933782917891412
-0.356173147343186410488
-1.40298737023290533567e-16
6.55235034105002601699e-16
-0.419965539471914275978
1.84468243841252355571
-6.5562014576581592746e-16
1.80364536749457743858
-0.239346332431987596077
-2.82486290905946425022
-1.42454280223974806675
-0.0914980035765990162589
5.14011942424581574891e-16
-0.154167473988622260944
-1.50308860783751360852
-0.119236427254548493481
-2.13300220639525923687
0.432144974550610211754
0.236239222998482131151
0.486203953304495525765
-0.279319446214678697273
1.4787371213942393697
-0.497869359099772755147
-0.641050587996333957108
-0.440357166841415835888
-0.0549031425223063874313
0.0670638537767772662746
-1.87848608351701520193
0.6944461894127509406
1.86536930241405389133
0.943911521936817008953
-0.00927053187450651344735
0.245178605848504851039
0.379800569778513458561
-1.86549883305295979693
-0.25928083217181942062
1.20110861450880193791
-1.51584068741983900684
-1.04275011182891902649
-0.12620094406014711788
-0.138060618580127146542
-0.201723187041806785644
-1.69738458519333647396
1.33197079255502989113
0.262877406876261023905
0.0895072574180083080345
0.0427225640317790519995
2.96358319843786331273
-3.81278571553110102637
-0.466051085242076495829
-0.387387865994592345814
-1.91613921742036819797
4.60944376349408708055
1.74112669850007630217
-0.163140061165535008377
1.76257460563311578437
-0.00820021147564580584013
0.516693735737721667128
-0.786595248555915237941
-0.217319010547813538203
-0.0902519686685253190829
-1.91613921742036860039
4.60944376349408840309
1.66484978242348557302
2.53302498366963597767
12.5936930772237779996
0.750791757671098901671
0.273811465164999816063
-0.236152572914920019531
-0.179163810819907094558
-0.16314006116553449973
0.203974711499669314536
0.0423323535155869986519
-0.014596752408479978872
0.335721796719641033644
0.619463079658029020382
-0.356677421140592607092
1.19965179308666086489
0.413616781436904702096
0.475531342162001539998
0.475531342162004373552
0.413616781436901605894
1.19965179308666267129
-2.38439003681373303131
-1.73526662138974171737
-1.88273409751919619378
-1.73526662138974163996
-2.38439003681373277635
2.37106245491072455345
4.05434622135106138988
4.05434622135105872895
2.37106245491072461556
-1.47425121400589007114
-5.38947954267750529927
-1.474251214005889583
-1.33117833602452353904
-1.33117833602452244753
0.455769949572025755911
-1.24786534501156204459
-8.14606923525563540602e-16
1.20080060298478670254e-15
-1.01257787248277035237e-15
-1.24786534501156190908
3.2685382981442877007
3.92984313999132470467e-16
-3.42821525604551683871e-15
3.2685382981442891427
-4.57509561578329031162
9.15545112813782227531e-16
-4.57509561578328859863
5.16406410553696458226
5.16406410553696400452
1.43196985622441039971
0.259411976941059153993
-1.17406641802475930457e-16
-2.82722952958915241281e-16
0.259411976941059188077
-1.88345193647227960078
1.16645636525810730638e-15
-1.88345193647227884416
5.96917684639212564959
5.96917684639212133355
9.61591095827209408702
0.32186787248401282898
-3.1207682537276907114e-17
0.321867872484012950712
-0.710534020721711677432
-0.710534020721711920257
0.138526027908700958808
0.0614045506609513781195
0.0614045506609511882001
0.825068746021866018452
-0.33487359290777828645
0.837176663688731877229
-0.399676368778310215562
1.67357854690267359108
-0.899942526583267190718
-0.149148697630375079852
0.0333280157617573345656
-0.399676368778310360232
6.08474556553328975592
-1.99338472668162025813
-1.85774782285941933096
0.496681380356178000048
1.67357854690267292417
-1.99338472668162035237
-2.53900436870982646059
0.925688064253017564964
-0.89994252658326693835
-1.85774782285941928552
0.92568806425301723026
-0.149148697630375249598
0.496681380356177847578
0.0333280157617574406809
-0.786356672223240142687
-1.58262604174929746552e-15
3.43599612752552306286e-16
6.58599181915251617709e-16
0.454261634394404349615
-1.58225489440823906195e-15
9.29722751277343131204e-16
7.38451911177853822464e-16
1.73526662138974103525
5.12861732948223072894e-16
6.36567588509023390585e-16
1.88273409751919868546
4.56068761916106970136e-16
1.73526662138974078618
0.454261634394404521169
1.75296196636786643503
6.91825739742013595944e-16
-8.52234482816573690805e-16
-0.855338508422998445136
3.82900325424414837891e-16
-2.51770848182599948102e-15
-4.05434622135105739121
-7.83686870951629476343e-16
-4.05434622135105741326
-0.855338508422998064029
-1.87119889047644582131e-15
1.0621686849471787409e-15
0.920693890795560468567
6.12759273078500954653e-16
5.38947954267750681118
0.920693890795560084852
-1.72125695283023351832
0.627280559091162375332
0.627280559091162739401
0.275757526427100555749
-0.457444880274677626232
0.477633707313427846848
0.420038071663198339011
0.342043887865947363775
0.20169315975062784948
-0.0800998107123983376763
-0.0332136943297806741406
-0.499647718784926929047
3.15755633730969044418
-0.499647718784928096875
-0.0894173116419645339715
-0.867762224996182595534
-0.715514208172672932538
-0.715514208172672786567
-0.929230625171562155245
-0.744953577094999922979
-0.180134939537764360893
-0.662836705408666185648
0.500288480243766817621
0.813279726905840313994
-0.298045597549297792318
0.740794543530243893821
-0.906270766150206179411
-0.083609446981801180725
0.0681268518900682747465
-0.09782489719767264811
7.76649487837218277406e-16
-8.80166658361039735379e-16
-4.96193983218411207248e-16
0.232700282158100587272
-3.93061974154865685283e-16
1.09943147981164110002e-15
-0.0612747997944343837717
2.8784063945192902363e-16
-1.03607812505593865191
0.940177977189669206825
-0.887467509034570940047
2.2639073178016037044
-0.0836094469818010720098
0.297519246040708203937
-3.09323593015598963186e-17
1.62870439471986637477e-15
0.118042169997966913883
5.58702898229072866691e-16
2.02053619312418031035
-1.13113152350059891646
0.956732490252575532447
-0.298543804440574033703
-1.90404791153519176471
6.55334040733341346761e-16
-3.19126737086735362029
1.13467541251212627188
-0.782330355209520558942
-1.4834237062110242261
-0.342424686920097258478
-0.00312460083544318738057
1.23297980884841821505
-1.3970140426419372517
-0.640530549642208033088
1.99544641938668631416
-0.33827181811735951907
0.502303070780953770404
0.910298161793082754245
-1.85774782285942091718
-1.99338472668162064384
6.08474556553328955898
-0.338271818117358999962
1.40121940641501992432
-2.5390043687098263656
-1.99338472668161910807
1.99544641938668588952
1.40121940641502129908
-1.85774782285942101764
-0.640530549642207529908
0.910298161793080545321
-1.39701404264193682604
1.23297980884841965666
-1.93012840241932834351
3.26853829814428740542
-1.88345193647227918799
-0.710534020721712392101
0.0387120737986261976592
-1.04873079020683792029e-15
1.16235302918659490204e-15
2.03407826899072654513e-15
-0.710534020721712865218
1.44653233069511081634e-15
-2.59311364030155723436e-15
-1.88345193647227837788
-4.04796765604400622772e-16
3.26853829814428841071
-1.93012840241932886785
1.51572394648772563536
-4.57509561578328926935
5.9691768463921260044
1.89148799427656627322
1.27525210487586296287e-16
7.52050563003321747827e-16
5.96917684639212185601
-1.7251356953344446192e-15
-4.57509561578328706478
1.51572394648772603378
-0.553557323210330000072
5.16406410553696142527
9.61591095827209242867
-1.91559756287996740794e-15
5.1640641055369610478
-0.55355732321033001056
-0.703897776933360661989
-0.289287096605821896691
-0.703897776933360548474
0.731527475999125884103
-0.457444880274677576169
-0.0332136943297808005638
-0.867762224996182586769
-0.744953577095000291446
0.500288480243767291326
-0.298045597549297916866
0.477633707313427807937
-0.499647718784926633503
-0.715514208172672682239
-0.180134939537764322259
0.813279726905840342846
0.420038071663198385263
3.15755633730969035732
-0.715514208172672585922
-0.662836705408666184382
0.342043887865947237152
-0.499647718784927826885
-0.929230625171562157566
0.201693159750627805866
-0.0894173116419645361223
-0.0800998107123983927103
0.740794543530243807119
8.54253619021714503257e-16
-5.47906411695470041117e-16
7.38690250911643453082e-16
0.940177977189668902849
-0.906270766150206118355
-7.51917812563407013117e-16
1.3287106590203482527e-15
-1.0360781250559388205
-0.0836094469818011607531
-3.54526404857207896804e-16
-0.0612747997944343747083
0.0681268518900684641699
0.232700282158100740021
-0.0978248971976725575952
-0.887467509034570871175
-7.45135088614708248525e-17
4.89791177989480717894e-16
-1.13113152350059914909
2.26390731780160352946
1.22302255160646635108e-15
2.02053619312418049106
-0.083609446981801403511
0.118042169997966812389
0.297519246040708021531
0.956732490252575421375
7.30862872105867661914e-16
1.13467541251212633444
-0.298543804440573500983
-3.19126737086735397712
-1.90404791153519173666
-0.782330355209520490148
-0.342424686920097461664
-1.48342370621102499874
-0.00312460083544333986908
1.2997311900274128398
-0.158789083066269822576
-0.921692578557425103659
-0.895232842037430734977
-0.0614097845894704983684
-0.114289027456988583546
-0.158789083066270241548
0.297200420329005675193
-0.554626906435694129497
-0.485949776585579213647
0.230392200796473847177
-0.921692578557425168651
-0.554626906435694644948
3.1981552918036188579
0.416402057360827178777
-0.895232842037430440118
-0.485949776585579504882
0.416402057360826844538
-0.0614097845894702335199
0.23039220079647401846
-0.114289027456988545035
-2.15233600531292441002
1.75357950857261993159
0.245740923639995264315
0.103303370319949151301
0.0490539818857804190552
1.75357950857262012698
-2.20759409276126670141
-0.38702875181235096884
-0.23923211184114380119
0.245740923639995176669
-0.387028751812350694368
-0.363865313778328160348
0.103303370319948884074
-0.239232111841143718171
0.0490539818857803997155
1.8108272072829112353
-2.51333541466820770412
-0.286106997127850542379
-0.256944943929934206333
-2.51333541466820796418
5.84192951777818895427
2.24580349675116307598
-0.286106997127850157388
2.24580349675116304645
-0.256944943929934131548
-0.875234670005566865743
2.91435454830489308751
0.946912596471937654244
2.91435454830489406207
12.4695543575095238902
0.946912596471937953544
-0.41700695578998376712
-0.142569172421838917413
-0.142569172421838984551
0.603454335348319072739
1.23297980884841777951
0.910298161793083111459
1.40121940641501935438
1.40121940641502187156
0.910298161793080175521
1.23297980884841972
-1.39701404264193677312
-1.85774782285942154994
-2.53900436870982641396
-1.85774782285942083466
-1.39701404264193711747
-0.640530549642208031392
-1.99338472668161973408
-1.99338472668162007705
-0.64053054964220759848
1.9954464193866860002
6.08474556553328912693
1.99544641938668586635
-0.338271818117359245989
-0.338271818117359112202
0.502303070780953864386
-1.93012840241932799756
-1.40089813027699406199e-15
1.87564284174206228046e-15
-1.47605037211918685566e-15
-1.9301284024193281075
3.26853829814428695955
1.11323728813720627092e-15
-2.70793393277262571802e-15
3.26853829814428854453
-1.88345193647227898881
1.76761870996614016517e-15
-1.88345193647227830786
-0.710534020721712385049
-0.71053402072171237968
0.038712073798625856706
1.51572394648772550783
3.03955071197760222093e-16
-1.46288401216576606507e-15
1.51572394648772634143
-4.57509561578328875838
5.45790363535082506384e-16
-4.57509561578328724735
5.96917684639212589136
5.96917684639212150992
1.89148799427656700333
-0.553557323210330168562
-2.53832975363592807495e-15
-0.553557323210330058003
5.16406410553696050771
5.16406410553696045389
9.61591095827209253087
-0.703897776933360409295
-0.703897776933359755097
-0.28928709660582170664
0.731527475999125674173
0.0908584963847853013803
-1.13764807476392234467
-0.68383134601143930799
-0.768348278742316887444
0.929631399730501611928
-0.127067596742460775172
-1.13764807476392202702
-3.39208796951487299872
-4.22561374361151367988
3.22326341563779218355
1.48722582998228716298
-0.683831346011439448579
-4.22561374361151277948
4.35271100244914457785
2.10504852945130455
-0.768348278742316589785
3.22326341563779126391
2.10504852945130342451
0.929631399730501602279
1.4872258299822876947
-0.127067596742460704007
0.653547507429800791781
6.0810600206556055123e-16
1.5831579317461513997e-16
1.14243836692636507353e-16
0.481558845786758880309
9.93258523376026569657e-16
1.99094714434960194653e-15
-1.16186575585550294925e-15
-0.267207139067766885226
3.80635086165198791737e-16
-1.13393606280386012508e-15
-0.308324817529249725051
-6.08355792936594808158e-17
-0.267207139067766852758
0.48155884578675928283
-1.15282815853593038188
3.7975712065189482759e-16
4.2604472545739494918e-16
-0.796196615777493913198
-5.81512850301990760147e-16
2.17135925665678870393e-15
0.617229938232223960148
2.01021849033941764394e-16
0.61722993823222393953
-0.796196615777494227986
2.52342677742945585653
-1.79077899474892564721e-15
1.56381583321645985632
4.24757643625101512034e-16
-0.595779701321691651964
1.56381583321646086043
1.08873355516405689231e-15
-4.23080183371647639776
-4.23080183371647791514
0.808024545317696597529
0.831477365933043982956
0.527377226316243493279
-0.908804455232523938474
-0.71114696175708841115
-1.18034696451890387198
0.334297516778407002961
1.42377447581066984872
3.22326341563779610009
-4.22561374361152135105
-3.39208796951487207076
-1.18034696451890224657
2.02592920831948465791
4.35271100244914747018
-4.22561374361151755378
-0.711146961757088105486
2.02592920831948283889
3.22326341563779045448
-0.90880445523252232264
1.4237744758106672556
0.527377226316240730194
0.83147736593304418429
-1.79489292921676178461
1.37545531904344193824
0.294520479889594780236
0.156863545477969408448
0.069044844693444042376
-1.81377162217606218885e-15
-6.89574646802959241662e-18
2.86995027418646531654e-15
0.156863545477969063516
7.29264041081110614071e-18
-2.77613501765513150292e-15
0.294520479889594054509
-1.31067771727205947802e-15
1.37545531904344227083
-1.79489292921676067937
2.32277392791479994844
-2.96452234422403258739
-0.62902196477001482012
-0.396311426067817758295
5.35701518480690532305e-16
-1.73838425005291035691e-15
-0.62902196477001284498
-6.71909907920015706074e-16
-2.96452234422403027375
2.32277392791479801555
-2.78125607936700961251
7.26982839112033242238
2.66755971019694675809
-5.75626959240107338633e-16
7.26982839112033329904
-2.78125607936700776033
3.2869940413577117458
8.82255618714744202442
3.28699404135770917093
-0.563846975653046829056
0.831477365933042979424
1.42377447581066818685
2.02592920831948257597
2.02592920831948197077
1.42377447581066669299
0.83147736593304303966
0.527377226316241784579
3.2232634156377895848
4.35271100244914162255
3.22326341563778715635
0.527377226316240760073
-0.90880445523252355871
-4.2256137436115216356
-4.22561374361151892141
-0.908804455232522705303
-0.711146961757088189847
-3.392087969514871462
-0.711146961757087890642
-1.18034696451890301495
-1.1803469645189017067
0.334297516778406477001
-1.79489292921675961326
-1.67934771151268946297e-15
4.0360508977933812568e-16
-2.23404003803639867134e-15
-1.79489292921675845109
1.37545531904344052799
-2.2190515269035705328e-16
-2.9522023073750056366e-15
1.37545531904344131353
0.294520479889594215843
2.59106060290762645105e-15
0.294520479889593945071
0.156863545477968950364
0.156863545477968937808
0.0690448446934440909525
2.32277392791479703248
-1.06099964428151536806e-16
-5.89583463989444217997e-16
2.32277392791479620048
-2.96452234422402948337
-1.33649875365065491409e-15
-2.96452234422402788552
-0.6290219647700133771
-0.629021964770012696691
-0.396311426067817530695
-2.78125607936700578263
7.74522571649039461961e-16
-2.78125607936700434302
7.26982839112032617929
7.26982839112032658381
2.66755971019694530179
3.28699404135770652099
3.28699404135770300234
8.82255618714743718833
-0.563846975653045573562
0.898819165357963167211
1.12843224443338353872
2.45781987292583351923
2.45781987292583204442
1.12843224443338473639
0.898819165357961855137
1.12843224443338335938
10.0883770882506409944
10.3402995116729624715
10.0883770882506388085
1.12843224443338375509
2.45781987292583303868
10.340299511672964085
10.3402995116729612966
2.45781987292583312313
2.4578198729258321271
10.0883770882506379182
2.45781987292583094994
1.12843224443338529014
1.12843224443338459305
0.898819165357962252357
-1.3499133141904898274
-2.66404972859634557358e-16
-5.45960260341161984955e-16
-2.52183700940957848523e-15
-1.34991331419048719703
-1.10761068630627596966e-15
-4.59943080841963201944e-15
-4.59937490928664757346e-15
-1.60888611524042898122e-15
-1.03210275549068597208e-15
-4.59928866276302764854e-15
-1.3218799688323667453e-15
-1.94981509746798571439e-15
-1.60894236344569266997e-15
-1.34991331419048813547
2.2446846481761695018
-1.55570533034928603978e-15
1.21232128509108095596e-15
2.24468464817616726096
5.6323638166211716953e-16
4.23654645323658051361e-15
1.82626679702536332289e-15
1.59698886760559652942e-15
1.82636767526049129997e-15
2.24468464817616768408
-4.0361872703053502442
4.23658670206147575535e-15
-4.03618727030534864629
-8.77321502992648668027e-16
-3.92526809326613578318e-15
-4.0361872703053505313
10.1414159363196756465
10.1414159363196648424
10.1414159363196683084
1.49999999999999673937
