-1.0
-0.577350269189625764509
-0.408248290463863016366
-0.765055323929464692316
-0.577350269189625764509
-0.408248290463863016366
-0.285231516480645096514
-0.577350269189625764509
-0.408248290463863016366
0.285231516480645096514
-0.577350269189625764509
-0.408248290463863016366
0.765055323929464692316
-0.577350269189625764509
-0.408248290463863016366
1.0
-0.577350269189625764509
-0.408248290463863016366
-0.882527661964732346158
-0.373882211228636284485
-0.408248290463863016366
-0.53281519697490918063
-0.307620997401787270069
-0.408248290463863016366
8.53360382631963468964e-17
-0.290259048269507115131
-0.408248290463863016366
0.532815196974909162715
-0.307620997401787301099
-0.408248290463863016366
0.882527661964732469979
-0.373882211228636306654
-0.408248290463863016366
-0.642615758240322548257
0.0416573953626144460441
-0.408248290463863016366
-0.251371709479686731257
0.145129524134753619523
-0.408248290463863016366
0.251371709479686858586
0.14512952413475361839
-0.408248290463863016366
0.642615758240322548257
0.0416573953626144460441
-0.408248290463863016366
-0.357384241759677451743
0.535692873827011318465
-0.408248290463863016366
1.79151835857918801699e-17
0.615241994803574571168
-0.408248290463863016366
0.357384241759677451743
0.535692873827011318465
-0.408248290463863016366
-0.117472338035267653842
0.951232480418262048994
-0.408248290463863016366
0.117472338035267749031
0.951232480418262076419
-0.408248290463863016366
0.0
1.15470053837925152902
-0.408248290463863016366
-0.882527661964732293681
-0.50952758320262924087
-0.216416765745098720936
-0.53281519697490918063
-0.487440511927012933029
-0.15394509424294312215
8.53360382631963468964e-17
-0.481653195549586214716
-0.13757609162154153258
0.532815196974909162715
-0.487440511927012943372
-0.153945094242943151406
0.882527661964732417502
-0.50952758320262924826
-0.216416765745098741837
-0.688543464649939447782
-0.217711240139174469619
-0.15394509424294312215
-0.244663630438763238677
-0.141256612894731070994
-0.0998835088653074500068
0.2446636304387633693
-0.14125661289473108252
-0.0998835088653074581574
0.688543464649939447782
-0.217711240139174469619
-0.15394509424294312215
-0.417123903159895546341
0.240826597774793181261
-0.13757609162154153258
5.82851452560268706393e-17
0.282513225789462261727
-0.0998835088653074593642
0.417123903159895675947
0.240826597774793165515
-0.137576091621541555832
-0.155728267675030285067
0.705151752066187392305
-0.153945094242943151406
0.155728267675030285067
0.705151752066187392305
-0.153945094242943151406
2.07299799486363269842e-17
1.01905516640525859717
-0.216416765745098833396
-0.642615758240322548257
-0.371014381005545694325
0.175357732484585955674
-0.251371709479686731257
-0.336523671414832636498
0.272912191042702332888
0.251371709479686858586
-0.336523671414832636876
0.272912191042702331819
0.642615758240322548257
-0.371014381005545694325
0.175357732484585955674
-0.417123903159895553238
-0.0494324504947139871199
0.272912191042702332888
5.82851452560268706393e-17
3.45042564425474292388e-17
0.299650526595922468445
0.417123903159895682844
-0.0494324504947140142907
0.272912191042702325793
-0.165752193680208758644
0.385956121909546734078
0.272912191042702331819
0.165752193680208863254
0.385956121909546741482
0.272912191042702337055
3.30872245021211069949e-24
0.74202876201109138865
0.175357732484585955674
-0.357384241759677451743
-0.206335888184080070184
0.641138848443140077058
1.79151835857918801699e-17
-0.179819514525225652617
0.716138478949749289923
0.357384241759677451743
-0.206335888184080070184
0.641138848443140077058
-0.155728267675030267152
0.0899097572626128418233
0.716138478949749289923
0.155728267675030267152
0.0899097572626128418233
0.716138478949749289923
-3.30872245021211069949e-24
0.412671776368160140369
0.641138848443140077058
-0.117472338035267601365
-0.067822685986996463044
1.03291334667282492506
0.117472338035267696554
-0.0678226859869964539024
1.03291334667282495091
2.07299667137465261357e-17
0.13564537197399304032
1.03291334667282481429
0.0
0.0
1.2247448713915890491
