-1.0
-1.0
-1.0
-0.953309846642163925256
-1.0
-1.0
-0.846347564651872331143
-1.0
-1.0
-0.686188469081757432341
-1.0
-1.0
-0.482909821091336222988
-1.0
-1.0
-0.249286930106239981547
-1.0
-1.0
0.0
-1.0
-1.0
0.249286930106239981546
-1.0
-1.0
0.482909821091336222988
-1.0
-1.0
0.686188469081757432341
-1.0
-1.0
0.846347564651872331143
-1.0
-1.0
0.953309846642163925255
-1.0
-1.0
1.0
-1.0
-1.0
-1.0
-0.953309846642163925256
-1.0
-0.930837518312137175842
-0.933149298520583325442
-1.0
-0.79918800275592765972
-0.917288016478721090868
-1.0
-0.613396657400239993427
-0.905544791186837966441
-1.0
-0.385726768453658928285
-0.897788178771226161676
-1.0
-0.131592342695574847795
-0.893931507469615036272
-1.0
0.13159234269557474755
-0.893931507469615005632
-1.0
0.385726768453658857856
-0.897788178771226150273
-1.0
0.613396657400240114128
-0.905544791186838066182
-1.0
0.799188002755927275051
-0.917288016478721077425
-1.0
0.930837518312137854649
-0.933149298520582645823
-1.0
0.999999999999999886324
-0.953309846642163911268
-1.0
-1.0
-0.846347564651872331143
-1.0
-0.908478767558850308392
-0.807492782059390802412
-1.0
-0.749809868247160679434
-0.777627562913585666828
-1.0
-0.534438977143072122885
-0.756488436841644420638
-1.0
-0.278000664496383016473
-0.743883299024671450654
-1.0
1.58636565526521639002e-17
-0.739694764478405020089
-1.0
0.278000664496382712858
-0.743883299024671349614
-1.0
0.534438977143072210979
-0.756488436841644283314
-1.0
0.749809868247160427336
-0.777627562913585632902
-1.0
0.9084787675588502424
-0.807492782059391045427
-1.0
1.0
-0.846347564651872331143
-1.0
-1.0
-0.686188469081757432341
-1.0
-0.884221592921791747229
-0.631655007126803596797
-1.0
-0.69391247256992103281
-0.591123723353818941338
-1.0
-0.442917209254254664195
-0.564282554509485977152
-1.0
-0.152240157237847255835
-0.55091672680825862329
-1.0
0.152240157237847262471
-0.550916726808258670765
-1.0
0.442917209254254619378
-0.564282554509486025738
-1.0
0.69391247256992118439
-0.591123723353818832004
-1.0
0.884221592921791497869
-0.631655007126803338013
-1.0
1.0
-0.686188469081757432341
-1.0
-1.0
-0.482909821091336222988
-1.0
-0.85574709489094969173
-0.417119761317876770851
-1.0
-0.626232152205125247251
-0.370458708454165835638
-1.0
-0.331023244288036209376
-0.342597539771919017981
-1.0
-1.12310851333526258433e-16
-0.333333333333333383249
-1.0
0.331023244288036146117
-0.342597539771919032958
-1.0
0.626232152205125228891
-0.370458708454165883887
-1.0
0.85574709489094971427
-0.417119761317876834179
-1.0
0.999999999999999850264
-0.482909821091336186286
-1.0
-1.0
-0.249286930106239981546
-1.0
-0.819863795278438877617
-0.177647688251636528491
-1.0
-0.539344985038666884451
-0.130152617760797503754
-1.0
-0.188271010411030047579
-0.106485733419822343752
-1.0
0.188271010411030109551
-0.106485733419822311254
-1.0
0.539344985038666873202
-0.130152617760797476156
-1.0
0.81986379527843894214
-0.177647688251636610115
-1.0
1.00000000000000017774
-0.249286930106240016744
-1.0
-1.0
2.11758236813575084767e-22
-1.0
-0.771507721409183242532
0.071579195721251646388
-1.0
-0.421635206506175925965
0.114342007478837198529
-1.0
5.57540379288829976434e-17
0.12856510901897200289
-1.0
0.421635206506175556339
0.114342007478837048992
-1.0
0.771507721409183204155
0.0715791957212515341233
-1.0
1.0
2.11758236813575084767e-22
-1.0
-1.0
0.249286930106239981546
-1.0
-0.701611426522539186231
0.314907940089102995855
-1.0
-0.25347608186162827324
0.347612160195463252642
-1.0
0.25347608186162788428
0.347612160195463224653
-1.0
0.701611426522539185491
0.314907940089102921124
-1.0
1.00000000000000029578
0.249286930106239965219
-1.0
-1.0
0.482909821091336222988
-1.0
-0.591809992869559544845
0.537199798313641198156
-1.0
-4.17994348206644165261e-16
0.555255125827171079904
-1.0
0.591809992869559361273
0.537199798313641555608
-1.0
0.999999999999999570588
0.482909821091336222325
-1.0
-1.0
0.686188469081757432341
-1.0
-0.398937406387811341368
0.724780798538112048432
-1.0
0.398937406387811393766
0.724780798538111791133
-1.0
1.0
0.686188469081757432341
-1.0
-1.0
0.846347564651872331143
-1.0
-5.08311046740558694981e-15
0.866298597041165971265
-1.0
1.0
0.846347564651872331143
-1.0
-0.999999999999999999997
0.953309846642163925255
-1.0
0.999999999999995244293
0.953309846642163852057
-1.0
-1.0
1.0
-1.0
-1.0
-1.0
-0.953309846642163977067
-0.930837518312137175842
-1.0
-0.933149298520583325442
-0.79918800275592765972
-1.0
-0.917288016478721090868
-0.613396657400239993427
-1.0
-0.905544791186837966441
-0.385726768453658928285
-1.0
-0.897788178771226161676
-0.131592342695574847794
-1.0
-0.893931507469615036272
0.13159234269557474755
-1.0
-0.893931507469615005632
0.385726768453658857856
-1.0
-0.897788178771226150273
0.613396657400240114128
-1.0
-0.905544791186838066182
0.799188002755927275051
-1.0
-0.917288016478721077425
0.930837518312137854648
-1.0
-0.933149298520582645823
0.999999999999999886324
-1.0
-0.953309846642163963079
-1.0
-0.930837518312137175842
-0.933149298520583325442
-0.890881037587196985461
-0.896526498165876403705
-0.901616538792716064689
-0.744733494110998464803
-0.873588471470762000269
-0.88110342063779882527
-0.536341292181576931724
-0.861092386656308849279
-0.870113498612928888108
-0.280681904889220420661
-0.854593696243824299958
-0.864448702792008719667
-1.5218429205081200617e-17
-0.852553454766549391167
-0.86267733130705558407
0.280681904889220082297
-0.854593696243824256026
-0.864448702792008681488
0.536341292181577064424
-0.861092386656308840176
-0.870113498612928880149
0.744733494110998248375
-0.87358847147076204433
-0.881103420637798864248
0.89088103758719690931
-0.896526498165876383043
-0.901616538792716046009
1.0
-0.930837518312137175842
-0.933149298520583325442
-1.0
-0.79918800275592765972
-0.917288016478721090868
-0.856421330546021214742
-0.760867808706871675758
-0.881103420637798825326
-0.673581252824387906945
-0.719380917496559391979
-0.86344693882162140904
-0.431514731008729310163
-0.695450537044415626725
-0.854572902604580974707
-0.148616281133048509286
-0.684460879446916029753
-0.850746090433474616301
0.148616281133048290879
-0.684460879446916016368
-0.850746090433474603504
0.431514731008729066196
-0.695450537044415565396
-0.854572902604580948645
0.673581252824387888281
-0.719380917496559290949
-0.863446938821621399648
0.856421330546020911543
-0.760867808706871607841
-0.881103420637798819387
0.999999999999999871262
-0.799188002755927704424
-0.917288016478721058098
-1.0
-0.613396657400239993427
-0.905544791186837966441
-0.822883387820691835131
-0.568544154436115485853
-0.870113498612928888449
-0.598770383638127263141
-0.518080672693455490813
-0.85457290260458097524
-0.316030397740838881643
-0.490329844508337447972
-0.847477989449678919481
-9.38270042376613232216e-17
-0.481517949211071511244
-0.845386512678515195734
0.31603039774083881594
-0.490329844508337496897
-0.847477989449678911649
0.598770383638127172585
-0.518080672693455487235
-0.854572902604580957717
0.82288338782069183879
-0.568544154436115422138
-0.870113498612928888449
0.999999999999999855553
-0.61339665740024004528
-0.905544791186837930007
-1.0
-0.385726768453658928285
-0.897788178771226161676
-0.781832500510894760437
-0.332978597606716210901
-0.864448702792008720068
-0.508099464772710502436
-0.282938716085294490761
-0.850746090433474616852
-0.176516583667513418247
-0.259241025394464332751
-0.845386512678515195263
0.176516583667513171857
-0.25924102539446430758
-0.845386512678515193137
0.508099464772710303832
-0.282938716085294465306
-0.850746090433474607779
0.781832500510894675787
-0.332978597606716225835
-0.864448702792008702044
1.0
-0.385726768453658928285
-0.897788178771226161676
-1.0
-0.131592342695574847795
-0.893931507469615036272
-0.725354662614111165547
-0.0737232726167253037714
-0.862677331307055582773
-0.38884563827821603186
-0.0326004044677896706289
-0.850746090433474600208
5.14358639637805745148e-17
-0.0193403109833250851577
-0.847477989449678903817
0.388845638278215769426
-0.032600404467789660933
-0.850746090433474596201
0.72535466261411117139
-0.0737232726167253172231
-0.862677331307055581476
1.0
-0.131592342695574847795
-0.893931507469615036272
-1.0
0.13159234269557474755
-0.893931507469615005632
-0.642044940969982679896
0.187572293850540328091
-0.864448702792008676972
-0.22552689508739835377
0.213531209737870970056
-0.854572902604580938045
0.225526895087398008895
0.213531209737870907017
-0.854572902604580935659
0.642044940969982374088
0.187572293850540256977
-0.864448702792008666261
1.0
0.13159234269557474755
-0.893931507469615005632
-1.0
0.385726768453658857856
-0.897788178771226150273
-0.512915453560988438495
0.429636541092424332626
-0.870113498612928880149
-3.16742359032470052055e-16
0.438761834993118643634
-0.863446938821621398447
0.512915453560988360539
0.429636541092424387569
-0.870113498612928880489
1.0
0.385726768453658857856
-0.897788178771226150273
-1.0
0.613396657400240114128
-0.905544791186838066182
-0.30836438065101025164
0.634456280177633421725
-0.88110342063779889108
0.308364380651009643157
0.634456280177633486232
-0.881103420637798877898
0.999999999999999397183
0.613396657400240188726
-0.905544791186838036231
-1.0
0.799188002755927275051
-0.917288016478721077425
-2.43644686233844814244e-16
0.793052996331752715664
-0.901616538792716046009
0.999999999999998846565
0.799188002755927310826
-0.917288016478721053831
-0.999999999999999999999
0.930837518312137854648
-0.933149298520582645823
1.0
0.930837518312137854648
-0.933149298520582645823
-1.0
0.999999999999999975948
-0.953309846642163910344
-1.0
-1.0
-0.846347564651872331143
-0.908478767558850308391
-1.0
-0.807492782059390802412
-0.749809868247160679435
-1.0
-0.777627562913585666827
-0.534438977143072122885
-1.0
-0.756488436841644420638
-0.278000664496383016473
-1.0
-0.743883299024671450654
1.58636565526521639002e-17
-1.0
-0.739694764478405020089
0.278000664496382712858
-1.0
-0.743883299024671349614
0.534438977143072210979
-1.0
-0.756488436841644283315
0.749809868247160427336
-1.0
-0.777627562913585632902
0.9084787675588502424
-1.0
-0.807492782059391045427
1.0
-1.0
-0.846347564651872331143
-1.0
-0.908478767558850308392
-0.807492782059390802412
-0.856421330546021220059
-0.866038348393761762463
-0.77508380848694193013
-0.673581252824387914208
-0.842910703367348381135
-0.738540614867015826863
-0.431514731008729310177
-0.830661986388366695083
-0.717595409249897800867
-0.148616281133048507554
-0.825230494397841335531
-0.708008603128781497246
0.148616281133048289147
-0.825230494397841319486
-0.708008603128781486878
0.43151473100872906621
-0.830661986388366659521
-0.717595409249897747965
0.673581252824387895544
-0.842910703367348361944
-0.738540614867015734049
0.85642133054602091686
-0.866038348393761751004
-0.775083808486941866961
0.999999999999999871262
-0.908478767558850274467
-0.807492782059390848558
-1.0
-0.749809868247160679434
-0.777627562913585666827
-0.815104195450419722789
-0.699219698525152077306
-0.738540614867015826742
-0.59133084266587073206
-0.660668086283434000789
-0.709889894865359826962
-0.311893023810869745999
-0.639463119842894549077
-0.694529762963830550817
-1.8789583638176374919e-16
-0.632738364001209496285
-0.689716058069908956957
0.311893023810869481777
-0.639463119842894548823
-0.694529762963830550635
0.591330842665870441257
-0.660668086283433932668
-0.709889894865359777171
0.815104195450419587396
-0.699219698525151995724
-0.738540614867015765095
0.999999999999999714459
-0.74980986824716063235
-0.777627562913585629631
-1.0
-0.534438977143072122885
-0.756488436841644420638
-0.771110379110614921174
-0.479647814117957706297
-0.717595409249897801267
-0.497837465837872635193
-0.435936995015654051891
-0.694529762963830552105
-0.172574229958436120445
-0.414714417044164858939
-0.684122246585972106288
0.172574229958435882155
-0.414714417044164867001
-0.684122246585972110208
0.497837465837872424546
-0.435936995015654061418
-0.694529762963830548154
0.771110379110614810862
-0.47964781411795767916
-0.717595409249897769854
1.0
-0.534438977143072122885
-0.756488436841644420638
-1.0
-0.278000664496383016473
-0.743883299024671450654
-0.714198738947298408696
-0.223014236945100673712
-0.70800860312878149994
-0.379432116139818017194
-0.183630817999395427626
-0.689716058069908963327
-1.16307046899553640645e-16
-0.170571165911670429647
-0.684122246585972117473
0.379432116139817514446
-0.183630817999395376466
-0.689716058069908954468
0.714198738947298238208
-0.223014236945100651075
-0.708008603128781485405
0.999999999999999800739
-0.278000664496382990586
-0.743883299024671419369
-1.0
1.58636565526521639002e-17
-0.739694764478405020089
-0.632742762015363006683
0.0482447313429418423628
-0.708008603128781489645
-0.220123458912288131015
0.0754001148585484295255
-0.694529762963830557453
0.220123458912287873227
0.0754001148585484164734
-0.694529762963830554485
0.632742762015362731223
0.0482447313429418433456
-0.708008603128781478144
1.0
1.58636565526521639002e-17
-0.739694764478405020089
-1.0
0.278000664496382712858
-0.743883299024671349614
-0.508944700864388396399
0.310309800506324211103
-0.717595409249897736993
-3.81391725215180898284e-16
0.321336172566867697479
-0.709889894865359755923
0.508944700864388018777
0.310309800506324187226
-0.717595409249897726803
0.999999999999999647292
0.27800066449638273997
-0.743883299024671323913
-1.0
0.534438977143072210979
-0.756488436841644283315
-0.313825170826171099343
0.542130401892500331755
-0.738540614867015696581
0.313825170826170609264
0.542130401892500375585
-0.738540614867015690819
1.0
0.534438977143072210979
-0.756488436841644283315
-1.0
0.749809868247160427335
-0.777627562913585632902
-4.25227903697077483369e-16
0.732076696787523195454
-0.775083808486941864863
0.999999999999998002948
0.749809868247160382529
-0.777627562913585629631
-1.0
0.9084787675588502424
-0.807492782059391045427
0.999999999999997315449
0.908478767558850169803
-0.807492782059391114427
-1.0
1.0
-0.846347564651872331143
-1.0
-1.0
-0.686188469081757432341
-0.884221592921791747229
-1.0
-0.631655007126803596796
-0.69391247256992103281
-1.0
-0.591123723353818941338
-0.442917209254254664195
-1.0
-0.564282554509485977152
-0.152240157237847255835
-1.0
-0.550916726808258623289
0.152240157237847262471
-1.0
-0.550916726808258670765
0.442917209254254619378
-1.0
-0.564282554509486025738
0.69391247256992118439
-1.0
-0.591123723353818832004
0.884221592921791497869
-1.0
-0.631655007126803338013
1.0
-1.0
-0.686188469081757432341
-1.0
-0.884221592921791747229
-0.631655007126803596796
-0.822883387820691841787
-0.837292489351763977438
-0.596564299577762258049
-0.598770383638127254232
-0.812729420650165750976
-0.553122737167927313894
-0.316030397740838870853
-0.800520233211695704621
-0.529197802924879008396
-9.38270042376613232216e-17
-0.796775136268924379489
-0.521600108204107226487
0.31603039774083880515
-0.800520233211695700534
-0.529197802924879055586
0.598770383638127163676
-0.812729420650165728521
-0.553122737167927314799
0.822883387820691845446
-0.837292489351763971366
-0.596564299577762198472
0.999999999999999855553
-0.884221592921791706576
-0.631655007126803653244
-1.0
-0.69391247256992103281
-0.591123723353818941338
-0.771110379110614910031
-0.63633963499232708989
-0.553122737167927313762
-0.49783746583787262933
-0.598617174299365630067
-0.522089224933605120278
-0.172574229958436121172
-0.580828763673817653983
-0.507153764569019287759
0.172574229958435882883
-0.580828763673817660753
-0.5071537645690192934
0.497837465837872418683
-0.598617174299365627298
-0.522089224933605129464
0.771110379110614799718
-0.636339634992327045895
-0.553122737167927298629
1.0
-0.69391247256992103281
-0.591123723353818941338
-1.0
-0.442917209254254664195
-0.564282554509485977152
-0.711786387420108049971
-0.384249446115312211326
-0.529197802924879007154
-0.377155853940152272642
-0.345990771456669009502
-0.507153764569019285619
0.0
-0.333333333333333333333
-0.5
0.377155853940152007048
-0.345990771456668998182
-0.50715376456901927919
0.711786387420108085832
-0.38424944611531223099
-0.52919780292487901865
1.0
-0.442917209254254664195
-0.564282554509485977152
-1.0
-0.152240157237847255835
-0.550916726808258623289
-0.631041085135682064091
-0.101612431865537896138
-0.521600108204107227679
-0.218824326294182432469
-0.0731804648695135313669
-0.507153764569019296584
0.218824326294182156002
-0.0731804648695135150634
-0.507153764569019289711
0.631041085135681807147
-0.101612431865537865835
-0.521600108204107214237
1.0
-0.152240157237847255835
-0.550916726808258623289
-1.0
0.152240157237847262471
-0.550916726808258670765
-0.510617400433219980943
0.184769679327007909669
-0.529197802924879067082
-1.59474704627829769188e-16
0.197234348598731104878
-0.522089224933605153841
0.510617400433219970012
0.184769679327007885353
-0.52919780292487906584
1.0
0.152240157237847262471
-0.550916726808258670765
-1.0
0.442917209254254619378
-0.564282554509486025738
-0.320166778548886234078
0.449069055642492759011
-0.553122737167927325595
0.320166778548885757618
0.449069055642492762725
-0.553122737167927321563
1.0
0.442917209254254619378
-0.564282554509486025738
-1.0
0.69391247256992118439
-0.591123723353818832004
1.30908941998152117403e-18
0.674584978703527950957
-0.596564299577762138895
1.0
0.69391247256992118439
-0.591123723353818832004
-1.0
0.884221592921791497869
-0.631655007126803338013
0.999999999999997649208
0.884221592921791424168
-0.631655007126803426084
-1.0
1.0
-0.686188469081757432341
-1.0
-1.0
-0.482909821091336370049
-0.85574709489094969173
-1.0
-0.417119761317876770851
-0.626232152205125247251
-1.0
-0.370458708454165835638
-0.331023244288036209376
-1.0
-0.342597539771919017981
-1.12310851333526258433e-16
-1.0
-0.333333333333333383249
0.331023244288036146117
-1.0
-0.342597539771919032958
0.626232152205125228891
-1.0
-0.370458708454165883887
0.85574709489094971427
-1.0
-0.417119761317876834179
0.999999999999999850264
-1.0
-0.482909821091336333347
-1.0
-0.85574709489094969173
-0.417119761317876770851
-0.781832500510894745072
-0.803290329031189738775
-0.37818640578666773436
-0.508099464772710497273
-0.776641373152168452024
-0.336450816096825498699
-0.17651658366751342111
-0.765115531052389305426
-0.316506689558688870087
0.176516583667513174719
-0.765115531052389298193
-0.316506689558688847649
0.508099464772710298668
-0.776641373152168435054
-0.336450816096825478396
0.781832500510894660422
-0.803290329031189715464
-0.378186405786667754292
1.0
-0.85574709489094969173
-0.417119761317876770851
-1.0
-0.626232152205125247251
-0.370458708454165835638
-0.714198738947298407613
-0.563034578819750876433
-0.336450816096825500842
-0.379432116139818036098
-0.52638671359578348314
-0.310283941930091198878
-1.16307046899553640645e-16
-0.514620498345008102003
-0.301570224275989443854
0.37943211613981753335
-0.526386713595783455302
-0.31028394193009115927
0.714198738947298237124
-0.563034578819750850208
-0.336450816096825487157
0.999999999999999800739
-0.626232152205125198518
-0.370458708454165824359
-1.0
-0.331023244288036209376
-0.342597539771919017981
-0.631041085135682070184
-0.273228316133723575067
-0.316506689558688871749
-0.218824326294182433254
-0.2426897508274960331
-0.301570224275989439773
0.218824326294182156788
-0.242689750827496017244
-0.301570224275989430672
0.63104108513568181324
-0.273228316133723545253
-0.316506689558688854733
1.0
-0.331023244288036209376
-0.342597539771919017981
-1.0
-1.12310957212644665221e-16
-0.333333333333333383249
-0.511500096452731353135
0.0383438471861126623069
-0.316506689558688845313
-3.25510314706854535227e-16
0.0527734271915665710422
-0.310283941930091142966
0.511500096452731021424
0.0383438471861126773144
-0.31650668955868883881
0.999999999999999666933
-8.32667268468867405318e-17
-0.333333333333333370341
-1.0
0.331023244288036146117
-0.342597539771919032958
-0.323487831422026198451
0.339675951971919177627
-0.336450816096825487539
0.323487831422025766309
0.339675951971919170785
-0.336450816096825487159
1.0
0.331023244288036146117
-0.342597539771919032958
-1.0
0.626232152205125228891
-0.370458708454165883887
-3.08775061251477696278e-16
0.606580658062379442116
-0.378186405786667809297
0.999999999999999133034
0.626232152205125195721
-0.3704587084541658974
-1.0
0.85574709489094971427
-0.417119761317876834179
1.0
0.85574709489094971427
-0.417119761317876834179
-1.0
0.999999999999999934628
-0.482909821091336172699
-1.0
-1.0
-0.249286930106239818999
-0.819863795278438877617
-1.0
-0.177647688251636528491
-0.53934498503866688445
-1.0
-0.130152617760797503754
-0.188271010411030047579
-1.0
-0.106485733419822343752
0.188271010411030109551
-1.0
-0.106485733419822311254
0.539344985038666873202
-1.0
-0.130152617760797476156
0.81986379527843894214
-1.0
-0.177647688251636610115
1.00000000000000017774
-1.0
-0.249286930106239854196
-1.0
-0.819863795278438877617
-0.177647688251636528491
-0.725354662614111159704
-0.758515903229536458756
-0.137322668692944404098
-0.388845638278216030034
-0.729806926317185973029
-0.104794490340918528687
5.14358639637805745148e-17
-0.721198556409827591762
-0.0941264047005629947871
0.3888456382782157676
-0.729806926317185964053
-0.104794490340918521653
0.725354662614111165547
-0.758515903229536459263
-0.137322668692944417227
1.0
-0.819863795278438877617
-0.177647688251636528491
-1.0
-0.539344985038666884451
-0.130152617760797503754
-0.632742762015363000061
-0.471410476022349599406
-0.10479449034091853475
-0.220123458912288117367
-0.438912822522282732416
-0.088851249138733868884
0.220123458912287859579
-0.438912822522282733484
-0.0888512491387338815388
0.632742762015362724601
-0.471410476022349581068
-0.104794490340918539939
1.0
-0.539344985038666884451
-0.130152617760797503754
-1.0
-0.188271010411030047579
-0.106485733419822343752
-0.510617400433219924912
-0.139400721795086156313
-0.0941264047005630141151
-1.59474704627829769188e-16
-0.122174354955434674868
-0.0888512491387338995854
0.510617400433219913982
-0.139400721795086169245
-0.0941264047005630334431
1.0
-0.188271010411030047579
-0.106485733419822343752
-1.0
0.188271010411030109551
-0.106485733419822311254
-0.323487831422026174854
0.201217402339535344108
-0.104794490340918542375
0.323487831422025742711
0.201217402339535339548
-0.104794490340918547202
1.0
0.188271010411030109551
-0.106485733419822311254
-0.999999999999999999999
0.539344985038666873201
-0.130152617760797476156
-9.44346444981978769273e-18
0.517031806459072924102
-0.137322668692944430355
1.0
0.539344985038666873201
-0.130152617760797476156
-1.0
0.81986379527843894214
-0.177647688251636610115
1.0
0.81986379527843894214
-0.177647688251636610115
-1.0
1.00000000000000008314
-0.249286930106240037404
-1.0
-1.0
0.0
-0.771507721409183242532
-1.0
0.0715791957212516463877
-0.421635206506175925965
-1.0
0.114342007478837198529
5.57540379288829976434e-17
-1.0
0.12856510901897200289
0.421635206506175556339
-1.0
0.114342007478837048992
0.771507721409183204155
-1.0
0.071579195721251534123
1.0
-1.0
0.0
-1.0
-0.771507721409183242532
0.0715791957212516463877
-0.642044940969982644108
-0.696385172686651709835
0.107083811370685119773
-0.225526895087398323867
-0.667484602203083678802
0.125291049022405963165
0.225526895087397978992
-0.66748460220308369612
0.125291049022405903262
0.642044940969982338299
-0.696385172686651710547
0.107083811370685047118
1.0
-0.771507721409183242532
0.0715791957212516463877
-1.0
-0.421635206506175925964
0.114342007478837198529
-0.508944700864388350381
-0.354289011368911674903
0.125291049022405963538
-3.81391725215180898284e-16
-0.333333333333333535393
0.12966968459607913147
0.508944700864387972759
-0.354289011368911671669
0.125291049022405936357
0.999999999999999647292
-0.421635206506175863214
0.114342007478837205747
-1.0
5.57542496871198112185e-17
0.12856510901897200289
-0.320166778548886234422
0.0217736135719950388864
0.125291049022405870409
0.320166778548885757962
0.0217736135719950480614
0.125291049022405870372
1.0
5.57542496871198112185e-17
0.12856510901897200289
-1.0
0.421635206506175556339
0.114342007478837048992
-3.08775061251477696278e-16
0.392770345373303133244
0.10708381137068495633
0.999999999999999133033
0.421635206506175506978
0.114342007478837037251
-1.0
0.771507721409183204155
0.071579195721251534123
1.0
0.771507721409183204155
0.071579195721251534123
-1.0
1.0
0.0
-1.0
-1.0
0.249286930106240144094
-0.701611426522539186231
-1.0
0.314907940089102995854
-0.25347608186162827324
-1.0
0.347612160195463252642
0.25347608186162788428
-1.0
0.347612160195463224652
0.701611426522539185491
-1.0
0.314907940089102921124
1.00000000000000029578
-1.0
0.249286930106240127766
-1.0
-0.701611426522539186231
0.314907940089102995854
-0.512915453560988492906
-0.608308815125392171187
0.336791296803619915452
-3.16742359032470052055e-16
-0.585871436299846564742
0.34052816855565277669
0.512915453560988414951
-0.608308815125392141727
0.33679129680361996707
1.0
-0.701611426522539186231
0.314907940089102995854
-1.0
-0.25347608186162827324
0.347612160195463252642
-0.313825170826171223432
-0.207064281850077039175
0.340528168555652812957
0.313825170826170733354
-0.207064281850076981232
0.340528168555652846615
1.0
-0.25347608186162827324
0.347612160195463252642
-1.0
0.25347608186162788428
0.347612160195463224652
1.30908941998152117403e-18
0.216617630250784173453
0.336791296803620018688
1.0
0.25347608186162788428
0.347612160195463224652
-1.0
0.701611426522539185491
0.314907940089102921124
1.0
0.701611426522539185491
0.314907940089102921124
-1.0
1.00000000000000013835
0.249286930106239926788
-1.0
-1.0
0.482909821091336075927
-0.591809992869559544844
-1.0
0.537199798313641198156
-4.17994348206644165261e-16
-1.0
0.555255125827171079904
0.591809992869559361274
-1.0
0.537199798313641555608
0.999999999999999570589
-1.0
0.482909821091336075264
-1.0
-0.591809992869559544844
0.537199798313641198156
-0.308364380651010357968
-0.486085252864745734047
0.537290649762539359456
0.308364380651009749484
-0.486085252864745621646
0.537290649762539409355
0.999999999999999397183
-0.591809992869559374032
0.537199798313641245069
-1.0
-4.17993924690170538111e-16
0.555255125827171079904
-4.25227797817959076582e-16
-0.0278294942705088230775
0.537290649762539469964
0.999999999999998002949
-4.99263136089194824868e-16
0.555255125827171037218
-1.0
0.591809992869559361274
0.537199798313641555608
0.999999999999997649209
0.59180999286955905925
0.537199798313641578453
-1.0
0.999999999999999812527
0.48290982109133627129
-1.0
-1.0
0.686188469081757432341
-0.398937406387811341368
-0.999999999999999999999
0.724780798538112048432
0.398937406387811393766
-0.999999999999999999999
0.724780798538111791132
1.0
-1.0
0.686188469081757432341
-1.0
-0.398937406387811341368
0.724780798538112048432
-2.43644686233844814244e-16
-0.33333333333333344162
0.704849616378148090085
0.999999999999998846566
-0.39893740638781114137
0.724780798538112061503
-1.0
0.398937406387811393766
0.724780798538111791132
0.999999999999997315447
0.398937406387810893536
0.724780798538111791367
-1.0
1.0
0.686188469081757432341
-1.0
-1.0
0.846347564651872331143
-5.08311046740558694981e-15
-0.999999999999999999999
0.866298597041165971265
1.0
-1.0
0.846347564651872331143
-0.999999999999999999999
-5.0831097262517581023e-15
0.866298597041165971265
0.999999999999999999999
-5.0831097262517581023e-15
0.866298597041165971265
-1.0
1.0
0.846347564651872331143
-1.0
-0.999999999999999999995
0.953309846642163873443
0.999999999999995244294
-0.999999999999999999996
0.953309846642163800245
-1.0
0.999999999999998993785
0.953309846642163938665
-1.0
-1.0
1.0
