-1.0
-1.0
-1.0
-0.953309846642163925256
-1.0
-1.0
-0.846347564651872331143
-1.0
-1.0
-0.686188469081757432341
-1.0
-1.0
-0.482909821091336222988
-1.0
-1.0
-0.249286930106239981547
-1.0
-1.0
-7.37224720937885915229e-23
-1.0
-1.0
0.249286930106239981546
-1.0
-1.0
0.482909821091336222988
-1.0
-1.0
0.686188469081757432341
-1.0
-1.0
0.846347564651872331143
-1.0
-1.0
0.953309846642163925255
-1.0
-1.0
1.0
-1.0
-1.0
-1.0
-0.953309846642163925256
-1.0
-0.933149298520582645823
-0.933149298520583325442
-1.0
-0.807492782059391068282
-0.917288016478721090868
-1.0
-0.631655007126803369637
-0.905544791186837966441
-1.0
-0.417119761317876834179
-0.897788178771226161676
-1.0
-0.177647688251636610115
-0.893931507469615036272
-1.0
0.071579195721251534123
-0.893931507469615005632
-1.0
0.314907940089102921124
-0.897788178771226150273
-1.0
0.537199798313641531539
-0.905544791186838066182
-1.0
0.724780798538111778296
-0.917288016478721077425
-1.0
0.866298597041165971265
-0.933149298520582645823
-1.0
0.953309846642163800245
-0.953309846642163911268
-1.0
-1.0
-0.846347564651872331143
-1.0
-0.917288016478721086602
-0.807492782059390802412
-1.0
-0.777627562913585666827
-0.777627562913585666828
-1.0
-0.591123723353818832004
-0.756488436841644420638
-1.0
-0.370458708454165908679
-0.743883299024671450654
-1.0
-0.130152617760797476156
-0.739694764478405020089
-1.0
0.114342007478837030033
-0.743883299024671349614
-1.0
0.347612160195463224652
-0.756488436841644283314
-1.0
0.555255125827171079904
-0.777627562913585632902
-1.0
0.724780798538112061268
-0.807492782059391045427
-1.0
0.846347564651872331143
-0.846347564651872331143
-1.0
-1.0
-0.686188469081757432341
-1.0
-0.905544791186838072664
-0.631655007126803596797
-1.0
-0.756488436841644283315
-0.591123723353818941338
-1.0
-0.564282554509486025738
-0.564282554509485977152
-1.0
-0.342597539771919032958
-0.55091672680825862329
-1.0
-0.106485733419822311254
-0.550916726808258670765
-1.0
0.128565109018972002889
-0.564282554509486025738
-1.0
0.347612160195463252642
-0.591123723353818832004
-1.0
0.537199798313641222224
-0.631655007126803338013
-1.0
0.686188469081757432341
-0.686188469081757432341
-1.0
-1.0
-0.482909821091336222988
-1.0
-0.897788178771226150273
-0.417119761317876770851
-1.0
-0.743883299024671355199
-0.370458708454165835638
-1.0
-0.550916726808258670765
-0.342597539771919017981
-1.0
-0.333333333333333383249
-0.333333333333333383249
-1.0
-0.106485733419822343752
-0.342597539771919032958
-1.0
0.114342007478837217488
-0.370458708454165883887
-1.0
0.314907940089102995854
-0.417119761317876834179
-1.0
0.482909821091336075264
-0.482909821091336186286
-1.0
-1.0
-0.249286930106239981547
-1.0
-0.893931507469615005632
-0.177647688251636528491
-1.0
-0.739694764478405020089
-0.130152617760797503754
-1.0
-0.55091672680825862329
-0.106485733419822343752
-1.0
-0.342597539771919017981
-0.106485733419822311254
-1.0
-0.130152617760797503754
-0.130152617760797476156
-1.0
0.0715791957212516463877
-0.177647688251636610115
-1.0
0.249286930106240127766
-0.249286930106240016744
-1.0
-1.0
-4.32203519139966705109e-23
-1.0
-0.893931507469615036272
0.0715791957212516463877
-1.0
-0.74388329902467144507
0.114342007478837198529
-1.0
-0.564282554509485977152
0.12856510901897200289
-1.0
-0.370458708454165810847
0.114342007478837048992
-1.0
-0.177647688251636528491
0.071579195721251534123
-1.0
-4.3220187005895696012e-23
-4.32203519139966705109e-23
-1.0
-1.0
0.249286930106239981546
-1.0
-0.897788178771226161676
0.314907940089102995854
-1.0
-0.756488436841644420638
0.347612160195463252642
-1.0
-0.591123723353818941338
0.347612160195463224653
-1.0
-0.417119761317876770851
0.314907940089102921124
-1.0
-0.249286930106239854196
0.249286930106239965219
-1.0
-1.0
0.482909821091336222988
-1.0
-0.905544791186837959958
0.537199798313641198156
-1.0
-0.777627562913585632903
0.555255125827171079904
-1.0
-0.631655007126803565174
0.537199798313641555608
-1.0
-0.482909821091336333348
0.482909821091336222325
-1.0
-1.0
0.686188469081757432341
-1.0
-0.917288016478721081691
0.724780798538112048432
-1.0
-0.807492782059390779557
0.724780798538111791132
-1.0
-0.686188469081757432341
0.686188469081757432341
-1.0
-1.0
0.846347564651872331143
-1.0
-0.933149298520583325442
0.866298597041165971265
-1.0
-0.846347564651872331143
0.846347564651872331143
-1.0
-1.0
0.953309846642163925255
-1.0
-0.953309846642163963079
0.953309846642163852057
-1.0
-1.0
1.0
-1.0
-1.0
-1.0
-0.953309846642163977067
-0.933149298520582645823
-1.0
-0.933149298520583325442
-0.807492782059391068282
-1.0
-0.917288016478721090868
-0.631655007126803369637
-1.0
-0.905544791186837966441
-0.417119761317876834179
-1.0
-0.897788178771226161676
-0.177647688251636610115
-1.0
-0.893931507469615036272
0.071579195721251534123
-1.0
-0.893931507469615005632
0.314907940089102921124
-1.0
-0.897788178771226150273
0.537199798313641531539
-1.0
-0.905544791186838066182
0.724780798538111778296
-1.0
-0.917288016478721077425
0.866298597041165971265
-1.0
-0.933149298520582645823
0.953309846642163852057
-1.0
-0.953309846642163963079
-1.0
-0.933149298520582645823
-0.933149298520583325442
-0.901616538792716064688
-0.901616538792716064688
-0.901616538792716064689
-0.775083808486941925934
-0.881103420637798852158
-0.88110342063779882527
-0.596564299577762138895
-0.870113498612928888449
-0.870113498612928888108
-0.37818640578666784437
-0.864448702792008715552
-0.864448702792008719667
-0.137322668692944430355
-0.862677331307055581477
-0.86267733130705558407
0.107083811370684938196
-0.864448702792008677373
-0.864448702792008681488
0.336791296803620018687
-0.870113498612928880489
-0.870113498612928880149
0.537290649762539480672
-0.881103420637798891136
-0.881103420637798864248
0.704849616378148090085
-0.901616538792716046009
-0.901616538792716046009
0.866298597041165971265
-0.933149298520582645823
-0.933149298520583325442
-1.0
-0.807492782059391068282
-0.917288016478721090868
-0.881103420637798910612
-0.775083808486941928032
-0.881103420637798825326
-0.738540614867015715118
-0.738540614867015789274
-0.86344693882162140904
-0.553122737167927347623
-0.717595409249897790295
-0.854572902604580974707
-0.336450816096825507845
-0.708008603128781502707
-0.850746090433474616301
-0.104794490340918556672
-0.70800860312878149234
-0.850746090433474603504
0.125291049022405864327
-0.717595409249897737393
-0.854572902604580948645
0.340528168555652812957
-0.73854061486701569646
-0.863446938821621399648
0.537290649762539348747
-0.775083808486941864863
-0.881103420637798819387
0.724780798538112061503
-0.807492782059391114428
-0.917288016478721058098
-1.0
-0.631655007126803369637
-0.905544791186837966441
-0.870113498612928880149
-0.596564299577762198472
-0.870113498612928888449
-0.717595409249897746844
-0.553122737167927324557
-0.85457290260458097524
-0.529197802924879067082
-0.52919780292487901865
-0.847477989449678919481
-0.316506689558688851828
-0.521600108204107228871
-0.845386512678515195734
-0.0941264047005630141151
-0.52919780292487906584
-0.847477989449678911649
0.125291049022405969619
-0.553122737167927325462
-0.854572902604580957717
0.336791296803619915452
-0.596564299577762138895
-0.870113498612928888449
0.537199798313641245069
-0.631655007126803426084
-0.905544791186837930007
-1.0
-0.417119761317876834179
-0.897788178771226161676
-0.864448702792008679368
-0.378186405786667789365
-0.864448702792008720068
-0.708008603128781492752
-0.336450816096825509986
-0.850746090433474616852
-0.521600108204107227679
-0.316506689558688869413
-0.845386512678515195263
-0.316506689558688865234
-0.316506689558688846975
-0.845386512678515193137
-0.104794490340918520453
-0.336450816096825489682
-0.850746090433474607779
0.107083811370685137907
-0.378186405786667809297
-0.864448702792008702044
0.314907940089102995854
-0.417119761317876834179
-0.897788178771226161676
-1.0
-0.177647688251636610115
-0.893931507469615036272
-0.862677331307055582773
-0.137322668692944417227
-0.862677331307055582773
-0.708008603128781496834
-0.104794490340918555472
-0.850746090433474600208
-0.529197802924879007154
-0.094126404700563033443
-0.847477989449678903817
-0.336450816096825480537
-0.104794490340918548438
-0.850746090433474596201
-0.137322668692944404098
-0.137322668692944430355
-0.862677331307055581476
0.0715791957212516463877
-0.177647688251636610115
-0.893931507469615036272
-1.0
0.071579195721251534123
-0.893931507469615005632
-0.864448702792008717673
0.107083811370685028984
-0.864448702792008676972
-0.717595409249897791417
0.125291049022405930684
-0.854572902604580938045
-0.553122737167927291733
0.125291049022405870781
-0.854572902604580935659
-0.378186405786667699287
0.10708381137068495633
-0.864448702792008666261
-0.177647688251636528491
0.071579195721251534123
-0.893931507469615005632
-1.0
0.314907940089102921124
-0.897788178771226150273
-0.870113498612928888449
0.33679129680361996707
-0.870113498612928880149
-0.738540614867015808204
0.340528168555652849225
-0.863446938821621398447
-0.596564299577762258049
0.336791296803620018687
-0.870113498612928880489
-0.417119761317876770851
0.314907940089102921124
-0.897788178771226150273
-1.0
0.537199798313641531539
-0.905544791186838066182
-0.881103420637798805794
0.537290649762539420064
-0.88110342063779889108
-0.77508380848694186906
0.537290649762539469964
-0.881103420637798877898
-0.631655007126803653244
0.537199798313641578453
-0.905544791186838036231
-1.0
0.724780798538111778296
-0.917288016478721077425
-0.901616538792716046009
0.704849616378148090085
-0.901616538792716046009
-0.807492782059390848558
0.724780798538111791367
-0.917288016478721053831
-1.0
0.866298597041165971265
-0.933149298520582645823
-0.933149298520583325442
0.866298597041165971265
-0.933149298520582645823
-1.0
0.953309846642163886854
-0.953309846642163910344
-1.0
-1.0
-0.846347564651872331143
-0.917288016478721086602
-1.0
-0.807492782059390802412
-0.777627562913585666827
-1.0
-0.777627562913585666827
-0.591123723353818832004
-1.0
-0.756488436841644420638
-0.370458708454165908679
-1.0
-0.743883299024671450654
-0.130152617760797476156
-1.0
-0.739694764478405020089
0.114342007478837030033
-1.0
-0.743883299024671349614
0.347612160195463224653
-1.0
-0.756488436841644283315
0.555255125827171079904
-1.0
-0.777627562913585632902
0.724780798538112061268
-1.0
-0.807492782059391045427
0.846347564651872331143
-1.0
-0.846347564651872331143
-1.0
-0.917288016478721086602
-0.807492782059390802412
-0.881103420637798910668
-0.881103420637798883781
-0.77508380848694193013
-0.738540614867015714998
-0.863446938821621407839
-0.738540614867015826863
-0.553122737167927347491
-0.854572902604580964639
-0.717595409249897800867
-0.336450816096825509988
-0.850746090433474613556
-0.708008603128781497246
-0.104794490340918562735
-0.850746090433474600759
-0.708008603128781486878
0.1252910490224058647
-0.854572902604580938577
-0.717595409249897747965
0.340528168555652849225
-0.863446938821621398447
-0.738540614867015734049
0.537290649762539409355
-0.881103420637798877842
-0.775083808486941866961
0.724780798538111791367
-0.917288016478721053831
-0.807492782059390848558
-1.0
-0.777627562913585666827
-0.777627562913585666827
-0.863446938821621406639
-0.738540614867015752586
-0.738540614867015826742
-0.709889894865359784466
-0.709889894865359805714
-0.709889894865359826962
-0.522089224933605169031
-0.694529762963830558923
-0.694529762963830550817
-0.310283941930091166268
-0.689716058069908969696
-0.689716058069908956957
-0.0888512491387339049771
-0.694529762963830558741
-0.694529762963830550635
0.12966968459607913147
-0.709889894865359755923
-0.709889894865359777171
0.34052816855565277408
-0.73854061486701569094
-0.738540614867015765095
0.555255125827171037218
-0.777627562913585629631
-0.777627562913585629631
-1.0
-0.591123723353818832004
-0.756488436841644420638
-0.854572902604580942049
-0.553122737167927336828
-0.717595409249897801267
-0.694529762963830563966
-0.522089224933605144654
-0.694529762963830552105
-0.507153764569019301464
-0.507153764569019288803
-0.684122246585972106288
-0.301570224275989439773
-0.507153764569019294444
-0.684122246585972110208
-0.0888512491387338634924
-0.522089224933605153841
-0.694529762963830548154
0.125291049022405968837
-0.553122737167927321695
-0.717595409249897769854
0.347612160195463252642
-0.591123723353818832004
-0.756488436841644420638
-1.0
-0.370458708454165908679
-0.743883299024671450654
-0.850746090433474601426
-0.336450816096825498701
-0.70800860312878149994
-0.689716058069908963327
-0.310283941930091182573
-0.689716058069908963327
-0.507153764569019280739
-0.301570224275989435693
-0.684122246585972117473
-0.310283941930091175575
-0.310283941930091142966
-0.689716058069908954468
-0.104794490340918513154
-0.336450816096825485016
-0.708008603128781485405
0.114342007478837205747
-0.3704587084541658974
-0.743883299024671419369
-1.0
-0.130152617760797476156
-0.739694764478405020089
-0.850746090433474615634
-0.10479449034091853595
-0.708008603128781489645
-0.694529762963830545593
-0.0888512491387338869306
-0.694529762963830557453
-0.522089224933605105087
-0.0888512491387338995854
-0.694529762963830554485
-0.336450816096825475871
-0.104794490340918541139
-0.708008603128781478144
-0.130152617760797503754
-0.130152617760797476156
-0.739694764478405020089
-1.0
0.114342007478837030033
-0.743883299024671349614
-0.854572902604580971235
0.125291049022405897181
-0.717595409249897736993
-0.709889894865359798419
0.12966968459607913147
-0.709889894865359755923
-0.553122737167927287966
0.12529104902240587
-0.717595409249897726803
-0.370458708454165824359
0.114342007478837037251
-0.743883299024671323913
-1.0
0.347612160195463224653
-0.756488436841644283315
-0.863446938821621400848
0.34052816855565277669
-0.738540614867015696581
-0.738540614867015802684
0.340528168555652810347
-0.738540614867015690819
-0.591123723353818941338
0.347612160195463224653
-0.756488436841644283315
-1.0
0.555255125827171079904
-0.777627562913585632902
-0.8811034206377987925
0.537290649762539348747
-0.775083808486941864863
-0.777627562913585629631
0.555255125827171037217
-0.777627562913585629631
-1.0
0.724780798538112061268
-0.807492782059391045427
-0.917288016478721058098
0.724780798538112061503
-0.807492782059391114427
-1.0
0.846347564651872331143
-0.846347564651872331143
-1.0
-1.0
-0.686188469081757432341
-0.905544791186838072664
-1.0
-0.631655007126803596796
-0.756488436841644283315
-1.0
-0.591123723353818941338
-0.564282554509486025738
-1.0
-0.564282554509485977152
-0.342597539771919032958
-1.0
-0.550916726808258623289
-0.106485733419822311254
-1.0
-0.550916726808258670765
0.128565109018972002889
-1.0
-0.564282554509486025738
0.347612160195463252642
-1.0
-0.591123723353818832004
0.537199798313641222224
-1.0
-0.631655007126803338013
0.686188469081757432341
-1.0
-0.686188469081757432341
-1.0
-0.905544791186838072664
-0.631655007126803596796
-0.870113498612928880489
-0.870113498612928880149
-0.596564299577762258049
-0.717595409249897747244
-0.854572902604580952649
-0.553122737167927313894
-0.52919780292487906584
-0.847477989449678911649
-0.529197802924879008396
-0.31650668955868885349
-0.845386512678515194792
-0.521600108204107226487
-0.094126404700563033443
-0.847477989449678903817
-0.529197802924879055586
0.125291049022405936766
-0.854572902604580935127
-0.553122737167927314799
0.33679129680361996707
-0.870113498612928880149
-0.596564299577762198472
0.537199798313641578453
-0.905544791186838036231
-0.631655007126803653244
-1.0
-0.756488436841644283314
-0.591123723353818941338
-0.854572902604580942582
-0.717595409249897757816
-0.553122737167927313762
-0.694529762963830565254
-0.694529762963830557148
-0.522089224933605120278
-0.507153764569019299324
-0.684122246585972113553
-0.507153764569019287759
-0.301570224275989435693
-0.684122246585972117472
-0.5071537645690192934
-0.0888512491387338815389
-0.694529762963830553197
-0.522089224933605129464
0.125291049022405902853
-0.717595409249897726403
-0.553122737167927298629
0.347612160195463224652
-0.756488436841644283314
-0.591123723353818941338
-1.0
-0.564282554509486025738
-0.564282554509485977152
-0.847477989449678903817
-0.529197802924879055586
-0.529197802924879007154
-0.684122246585972120818
-0.50715376456901929828
-0.507153764569019285619
-0.5
-0.5
-0.5
-0.301570224275989438834
-0.507153764569019291851
-0.50715376456901927919
-0.0941264047005629947871
-0.529197802924879067082
-0.52919780292487901865
0.12856510901897200289
-0.564282554509486025738
-0.564282554509485977152
-1.0
-0.342597539771919032958
-0.550916726808258623289
-0.845386512678515195263
-0.316506689558688854164
-0.521600108204107227679
-0.684122246585972102943
-0.301570224275989443854
-0.507153764569019296584
-0.507153764569019278146
-0.301570224275989434753
-0.507153764569019289711
-0.316506689558688855407
-0.316506689558688837148
-0.521600108204107214237
-0.106485733419822343752
-0.342597539771919032958
-0.550916726808258623289
-1.0
-0.106485733419822311254
-0.550916726808258670765
-0.847477989449678919481
-0.0941264047005629947872
-0.529197802924879067082
-0.694529762963830540048
-0.0888512491387338634925
-0.522089224933605153841
-0.529197802924879008396
-0.0941264047005630141151
-0.52919780292487906584
-0.342597539771919017981
-0.106485733419822311254
-0.550916726808258670765
-1.0
0.12856510901897200289
-0.564282554509486025738
-0.854572902604580967785
0.125291049022405969247
-0.553122737167927325595
-0.717595409249897780426
0.12529104902240596921
-0.553122737167927321563
-0.564282554509485977152
0.12856510901897200289
-0.564282554509486025738
-1.0
0.347612160195463252642
-0.591123723353818832004
-0.870113498612928888108
0.336791296803619915452
-0.596564299577762138895
-0.756488436841644420638
0.347612160195463252642
-0.591123723353818832004
-1.0
0.537199798313641222224
-0.631655007126803338013
-0.905544791186837930007
0.537199798313641245069
-0.631655007126803426084
-1.0
0.686188469081757432341
-0.686188469081757432341
-1.0
-1.0
-0.482909821091336370049
-0.897788178771226150273
-1.0
-0.417119761317876770851
-0.743883299024671355199
-1.0
-0.370458708454165835638
-0.550916726808258670765
-1.0
-0.342597539771919017981
-0.333333333333333383249
-1.0
-0.333333333333333383249
-0.106485733419822343752
-1.0
-0.342597539771919032958
0.114342007478837217488
-1.0
-0.370458708454165883887
0.314907940089102995854
-1.0
-0.417119761317876834179
0.482909821091336222325
-1.0
-0.482909821091336333347
-1.0
-0.897788178771226150273
-0.417119761317876770851
-0.864448702792008679769
-0.864448702792008683884
-0.37818640578666773436
-0.708008603128781495446
-0.850746090433474604722
-0.336450816096825498699
-0.521600108204107228871
-0.845386512678515195734
-0.316506689558688870087
-0.316506689558688862898
-0.845386512678515193608
-0.316506689558688847649
-0.104794490340918541175
-0.85074609043347459565
-0.336450816096825478396
0.107083811370685047118
-0.86444870279200866586
-0.378186405786667754292
0.314907940089102921124
-0.897788178771226150273
-0.417119761317876770851
-1.0
-0.743883299024671355199
-0.370458708454165835638
-0.850746090433474601977
-0.708008603128781489985
-0.336450816096825500842
-0.689716058069908969696
-0.689716058069908956957
-0.310283941930091198878
-0.507153764569019283923
-0.684122246585972102943
-0.301570224275989443854
-0.31028394193009115927
-0.689716058069908948099
-0.31028394193009115927
-0.104794490340918520417
-0.70800860312878147545
-0.336450816096825487157
0.114342007478837037251
-0.743883299024671323913
-0.370458708454165824359
-1.0
-0.550916726808258670765
-0.342597539771919017981
-0.845386512678515194792
-0.521600108204107226487
-0.316506689558688871749
-0.684122246585972110208
-0.507153764569019282879
-0.301570224275989439773
-0.507153764569019288667
-0.507153764569019276006
-0.301570224275989430672
-0.316506689558688839484
-0.521600108204107213046
-0.316506689558688854733
-0.106485733419822311254
-0.550916726808258670765
-0.342597539771919017981
-1.0
-0.333333333333333383249
-0.333333333333333383249
-0.845386512678515194079
-0.316506689558688863572
-0.316506689558688845313
-0.68971605806990894173
-0.310283941930091175575
-0.310283941930091142966
-0.521600108204107211854
-0.316506689558688857069
-0.31650668955868883881
-0.333333333333333370341
-0.333333333333333370341
-0.333333333333333370341
-1.0
-0.106485733419822343752
-0.342597539771919032958
-0.850746090433474610524
-0.10479449034091851439
-0.336450816096825487539
-0.708008603128781479944
-0.104794490340918519217
-0.336450816096825487159
-0.55091672680825862329
-0.106485733419822343752
-0.342597539771919032958
-1.0
0.114342007478837217488
-0.370458708454165883887
-0.86444870279200870616
0.107083811370685137907
-0.378186405786667809297
-0.743883299024671419369
0.114342007478837205747
-0.3704587084541658974
-1.0
0.314907940089102995854
-0.417119761317876834179
-0.897788178771226161676
0.314907940089102995854
-0.417119761317876834179
-1.0
0.482909821091336124229
-0.482909821091336172699
-1.0
-1.0
-0.249286930106239818999
-0.893931507469615005632
-1.0
-0.177647688251636528491
-0.739694764478405020089
-1.0
-0.130152617760797503754
-0.55091672680825862329
-1.0
-0.106485733419822343752
-0.342597539771919017981
-1.0
-0.106485733419822311254
-0.130152617760797503754
-1.0
-0.130152617760797476156
0.0715791957212516463877
-1.0
-0.177647688251636610115
0.249286930106239965219
-1.0
-0.249286930106239854196
-1.0
-0.893931507469615005632
-0.177647688251636528491
-0.862677331307055581477
-0.86267733130705558407
-0.137322668692944404098
-0.708008603128781499601
-0.850746090433474615083
-0.104794490340918528687
-0.52919780292487901865
-0.847477989449678919481
-0.0941264047005629947871
-0.33645081609682548968
-0.850746090433474611075
-0.104794490340918521653
-0.137322668692944417227
-0.862677331307055582773
-0.137322668692944417227
0.071579195721251534123
-0.893931507469615005632
-0.177647688251636528491
-1.0
-0.739694764478405020089
-0.130152617760797503754
-0.850746090433474612338
-0.708008603128781494139
-0.10479449034091853475
-0.694529762963830552411
-0.694529762963830544305
-0.088851249138733868884
-0.522089224933605129464
-0.694529762963830541336
-0.0888512491387338815388
-0.336450816096825475873
-0.708008603128781482638
-0.104794490340918539939
-0.130152617760797476156
-0.739694764478405020089
-0.130152617760797503754
-1.0
-0.55091672680825862329
-0.106485733419822343752
-0.847477989449678911649
-0.529197802924879008396
-0.0941264047005630141151
-0.694529762963830546378
-0.522089224933605105087
-0.0888512491387338995854
-0.529197802924879055586
-0.529197802924879007154
-0.0941264047005630334431
-0.342597539771919032958
-0.55091672680825862329
-0.106485733419822343752
-1.0
-0.342597539771919017981
-0.106485733419822311254
-0.850746090433474598946
-0.336450816096825478394
-0.104794490340918542375
-0.708008603128781472683
-0.336450816096825478014
-0.104794490340918547202
-0.550916726808258670765
-0.342597539771919017981
-0.106485733419822311254
-1.0
-0.130152617760797503754
-0.130152617760797476156
-0.86267733130705558407
-0.137322668692944404098
-0.137322668692944430355
-0.739694764478405020089
-0.130152617760797503754
-0.130152617760797476156
-1.0
0.0715791957212516463878
-0.177647688251636610115
-0.893931507469615036272
0.0715791957212516463878
-0.177647688251636610115
-1.0
0.249286930106240089336
-0.249286930106240037404
-1.0
-1.0
0.0
-0.893931507469615036272
-1.0
0.0715791957212516463877
-0.74388329902467144507
-1.0
0.114342007478837198529
-0.564282554509485977152
-1.0
0.12856510901897200289
-0.370458708454165810847
-1.0
0.114342007478837048992
-0.177647688251636528491
-1.0
0.071579195721251534123
0.0
-1.0
0.0
-1.0
-0.893931507469615036272
0.0715791957212516463877
-0.864448702792008713157
-0.864448702792008717272
0.107083811370685119773
-0.717595409249897780444
-0.854572902604580970703
0.125291049022405963165
-0.553122737167927302529
-0.854572902604580968317
0.125291049022405903262
-0.378186405786667754292
-0.86444870279200870656
0.107083811370685047118
-0.177647688251636610115
-0.893931507469615036272
0.0715791957212516463877
-1.0
-0.743883299024671445069
0.114342007478837198529
-0.854572902604580960635
-0.717595409249897791016
0.125291049022405963538
-0.709889894865359777171
-0.709889894865359798419
0.12966968459607913147
-0.5531227371679273109
-0.717595409249897780827
0.125291049022405936357
-0.3704587084541658974
-0.743883299024671419369
0.114342007478837205747
-1.0
-0.564282554509485977152
0.12856510901897200289
-0.854572902604580945727
-0.553122737167927291866
0.125291049022405870409
-0.717595409249897737376
-0.553122737167927287834
0.125291049022405870372
-0.564282554509486025738
-0.564282554509485977152
0.12856510901897200289
-1.0
-0.370458708454165810847
0.114342007478837048992
-0.864448702792008670376
-0.378186405786667699287
0.10708381137068495633
-0.743883299024671323914
-0.37045870845416582436
0.114342007478837037251
-1.0
-0.177647688251636528491
0.071579195721251534123
-0.893931507469615005632
-0.177647688251636528491
0.071579195721251534123
-1.0
0.0
0.0
-1.0
-1.0
0.249286930106240144094
-0.897788178771226161676
-1.0
0.314907940089102995854
-0.756488436841644420638
-1.0
0.347612160195463252642
-0.591123723353818941338
-1.0
0.347612160195463224652
-0.417119761317876770851
-1.0
0.314907940089102921124
-0.249286930106240016744
-1.0
0.249286930106240127766
-1.0
-0.897788178771226161676
0.314907940089102995854
-0.870113498612928888449
-0.870113498612928888108
0.336791296803619915452
-0.738540614867015770736
-0.863446938821621400848
0.34052816855565277669
-0.596564299577762198472
-0.870113498612928888448
0.33679129680361996707
-0.417119761317876834179
-0.897788178771226161676
0.314907940089102995854
-1.0
-0.756488436841644420638
0.347612160195463252642
-0.863446938821621399648
-0.738540614867015808325
0.340528168555652812957
-0.738540614867015728408
-0.738540614867015802563
0.340528168555652846615
-0.591123723353818832004
-0.756488436841644420638
0.347612160195463252642
-1.0
-0.591123723353818941338
0.347612160195463224652
-0.870113498612928880149
-0.596564299577762258049
0.336791296803620018688
-0.756488436841644283314
-0.591123723353818941338
0.347612160195463224652
-1.0
-0.417119761317876770851
0.314907940089102921124
-0.897788178771226150273
-0.417119761317876770851
0.314907940089102921124
-1.0
-0.249286930106239874856
0.249286930106239926788
-1.0
-1.0
0.482909821091336075927
-0.905544791186837959958
-1.0
0.537199798313641198156
-0.777627562913585632903
-1.0
0.555255125827171079904
-0.631655007126803565173
-1.0
0.537199798313641555608
-0.482909821091336186286
-1.0
0.482909821091336075264
-1.0
-0.905544791186837959958
0.537199798313641198156
-0.881103420637798832626
-0.881103420637798805738
0.537290649762539359456
-0.775083808486941866962
-0.881103420637798792556
0.537290649762539409355
-0.631655007126803426084
-0.905544791186837930007
0.537199798313641245069
-1.0
-0.777627562913585632902
0.555255125827171079904
-0.88110342063779885101
-0.77508380848694186906
0.537290649762539469964
-0.777627562913585629631
-0.777627562913585629631
0.555255125827171037218
-1.0
-0.631655007126803565173
0.537199798313641555608
-0.905544791186838036231
-0.631655007126803653244
0.537199798313641578453
-1.0
-0.48290982109133631976
0.48290982109133627129
-1.0
-1.0
0.686188469081757432341
-0.917288016478721081691
-1.0
0.724780798538112048432
-0.807492782059390779557
-1.0
0.724780798538111791132
-0.686188469081757432341
-1.0
0.686188469081757432341
-1.0
-0.917288016478721081691
0.724780798538112048432
-0.901616538792716046009
-0.901616538792716046009
0.704849616378148090085
-0.807492782059391114428
-0.917288016478721058098
0.724780798538112061503
-1.0
-0.807492782059390779557
0.724780798538111791132
-0.917288016478721053831
-0.807492782059390848558
0.724780798538111791367
-1.0
-0.686188469081757432341
0.686188469081757432341
-1.0
-1.0
0.846347564651872331143
-0.933149298520583325442
-1.0
0.866298597041165971265
-0.846347564651872331143
-1.0
0.846347564651872331143
-1.0
-0.933149298520583325442
0.866298597041165971265
-0.933149298520582645823
-0.933149298520583325442
0.866298597041165971265
-1.0
-0.846347564651872331143
0.846347564651872331143
-1.0
-1.0
0.953309846642163873443
-0.953309846642163911268
-1.0
0.953309846642163800245
-1.0
-0.953309846642163962156
0.953309846642163938665
-1.0
-1.0
1.0
