-1.0
-0.577350269189625764509
-0.408248290463863016366
-0.953309846642163925256
-0.577350269189625764509
-0.408248290463863016366
-0.846347564651872331143
-0.577350269189625764509
-0.408248290463863016366
-0.686188469081757432341
-0.577350269189625764509
-0.408248290463863016366
-0.482909821091336222988
-0.577350269189625764509
-0.408248290463863016366
-0.249286930106239981547
-0.577350269189625764509
-0.408248290463863016366
0.0
-0.577350269189625764509
-0.408248290463863016366
0.249286930106239981546
-0.577350269189625764509
-0.408248290463863016366
0.482909821091336222988
-0.577350269189625764509
-0.408248290463863016366
0.686188469081757432341
-0.577350269189625764509
-0.408248290463863016366
0.846347564651872331143
-0.577350269189625764509
-0.408248290463863016366
0.953309846642163925255
-0.577350269189625764509
-0.408248290463863016366
1.0
-0.577350269189625764509
-0.408248290463863016366
-0.976654923321081962628
-0.536915410275148413954
-0.408248290463863016366
-0.899723947780874308544
-0.519455863447640968917
-0.408248290463863016366
-0.766136790298751613716
-0.505719590262798361728
-0.408248290463863016366
-0.584427402720222352857
-0.495549658837663646511
-0.408248290463863016366
-0.366013850703489915016
-0.488832235438434043251
-0.408248290463863016366
-0.124613441986444128252
-0.485492260117192411807
-0.408248290463863016366
0.124613441986444031307
-0.485492260117192385271
-0.408248290463863016366
0.366013850703489845988
-0.488832235438434033375
-0.408248290463863016366
0.584427402720222498448
-0.495549658837663732889
-0.408248290463863016366
0.766136790298751239584
-0.505719590262798350086
-0.408248290463863016366
0.899723947780874648354
-0.519455863447640380349
-0.408248290463863016366
0.976654923321081844612
-0.53691541027514840184
-0.408248290463863016366
-0.923173782325936165572
-0.444283356824801146335
-0.408248290463863016366
-0.821034407508416487808
-0.410634128041190752569
-0.408248290463863016366
-0.666441344370378500241
-0.384770089571334112173
-0.408248290463863016366
-0.469367941774641042323
-0.36646306937923104
-0.408248290463863016366
-0.242400357966501634006
-0.355546699811528526178
-0.408248290463863016366
1.37990335960545080964e-17
-0.351919322489833070131
-0.408248290463863016366
0.242400357966501355226
-0.355546699811528438674
-0.408248290463863016366
0.469367941774641082995
-0.366463069379230921074
-0.408248290463863016366
0.666441344370378263453
-0.384770089571334082793
-0.408248290463863016366
0.821034407508416538555
-0.410634128041190963026
-0.408248290463863016366
0.923173782325936165572
-0.444283356824801146335
-0.408248290463863016366
-0.843094234540878716171
-0.305581511413941892148
-0.408248290463863016366
-0.721372294750239871063
-0.258354148004639673775
-0.408248290463863016366
-0.552050298518553753983
-0.223253026609238971624
-0.408248290463863016366
-0.346423831764229014314
-0.200007892522779221883
-0.408248290463863016366
-0.118055903176048344603
-0.188432746190910567365
-0.408248290463863016366
0.118055903176048353363
-0.18843274619091060848
-0.408248290463863016366
0.346423831764228990021
-0.20000789252277926396
-0.408248290463863016366
0.55205029851855383664
-0.223253026609238876938
-0.408248290463863016366
0.721372294750239553217
-0.258354148004639449662
-0.408248290463863016366
0.843094234540878716171
-0.305581511413941892148
-0.408248290463863016366
-0.741454910545668111494
-0.129537038207282596633
-0.408248290463863016366
-0.606348059430164535699
-0.0725611751269700204328
-0.408248290463863016366
-0.429112653251754273018
-0.0321515179796677205243
-0.408248290463863016366
-0.222215496694218179756
-0.00802303812171856385869
-0.408248290463863016366
-7.48739710646323203506e-17
-4.32284736870075605261e-17
-0.408248290463863016366
0.222215496694218139769
-0.00802303812171857682968
-0.408248290463863016366
0.429112653251754275545
-0.0321515179796677623095
-0.408248290463863016366
0.606348059430164578765
-0.072561175126970075276
-0.408248290463863016366
0.741454910545667982121
-0.129537038207282564848
-0.408248290463863016366
-0.624643465053119990773
0.0727863202913732673126
-0.408248290463863016366
-0.482755351595433269877
0.134827723645317280085
-0.408248290463863016366
-0.304771073358803771967
0.175959661244916523115
-0.408248290463863016366
-0.104159593518169795166
0.196455784312629144195
-0.408248290463863016366
0.104159593518169826392
0.196455784312629172339
-0.408248290463863016366
0.304771073358803758167
0.175959661244916547016
-0.408248290463863016366
0.48275535159543334133
0.134827723645317209397
-0.408248290463863016366
0.624643465053120119394
0.072786320291373236831
-0.408248290463863016366
-0.5
0.288675134594812882255
-0.408248290463863016366
-0.358141909608989213079
0.35066453647187520241
-0.408248290463863016366
-0.186712295285252845805
0.387698217791196170697
-0.408248290463863016366
2.42930041889268400878e-17
0.400015785045558485843
-0.408248290463863016366
0.186712295285252713649
0.387698217791196041194
-0.408248290463863016366
0.35814190960898923857
0.350664536471875105186
-0.408248290463863016366
0.5
0.288675134594812882255
-0.408248290463863016366
-0.375356534946880009227
0.504563948898252497196
-0.408248290463863016366
-0.240334208726674663749
0.561393410565404118527
-0.408248290463863016366
-0.0826823567439127943172
0.589716095988469916938
-0.408248290463863016366
0.0826823567439126709882
0.589716095988469892698
-0.408248290463863016366
0.240334208726674689711
0.561393410565404053808
-0.408248290463863016366
0.375356534946880128413
0.504563948898252483056
-0.408248290463863016366
-0.258545089454331888506
0.706887307396908361142
-0.408248290463863016366
-0.136944892030017360881
0.753903806842303004116
-0.408248290463863016366
-9.29504243989266287339e-17
0.769540179142668004591
-0.408248290463863016366
0.13694489203001721263
0.753903806842303313678
-0.408248290463863016366
0.258545089454331777815
0.706887307396908360568
-0.408248290463863016366
-0.156905765459121283829
0.882931780603567656658
-0.408248290463863016366
-0.0548976172096650574753
0.916353718303989248663
-0.408248290463863016366
0.0548976172096651160088
0.916353718303989025835
-0.408248290463863016366
0.156905765459121283829
0.882931780603567656658
-0.408248290463863016366
-0.0768262176740638344284
1.02163362601442691084
-0.408248290463863016366
-3.39809534493152508522e-16
1.03891172689528134927
-0.408248290463863016366
0.0768262176740638344284
1.02163362601442691084
-0.408248290463863016366
-0.0233450766789180373724
1.11426567946477417846
-0.408248290463863016366
0.0233450766789179629492
1.11426567946477411507
-0.408248290463863016366
0.0
1.15470053837925152902
-0.408248290463863016366
-0.976654923321081988534
-0.563871982884799995947
-0.370125939884198716699
-0.899723947780874308544
-0.558052133942297499312
-0.353664921273299225126
-0.766136790298751613716
-0.553473376214016630249
-0.340714238716988369502
-0.584427402720222352857
-0.55008339907230505851
-0.331125935417101800836
-0.366013850703489915016
-0.54784425793922852409
-0.324792687900173212374
-0.124613441986444128252
-0.546730932832147980275
-0.321643728968645645626
0.124613441986444031307
-0.54673093283214797143
-0.321643728968645620608
0.366013850703489845988
-0.547844257939228520798
-0.324792687900173203064
0.584427402720222498448
-0.550083399072305087302
-0.331125935417101882274
0.766136790298751239584
-0.553473376214016626368
-0.340714238716988358526
0.899723947780874648354
-0.558052133942297303123
-0.353664921273298670219
0.976654923321081870517
-0.563871982884799991909
-0.370125939884198705277
-0.933149298520582985633
-0.500157728200312115152
-0.353664921273299225126
-0.803233077585432129377
-0.463746833565960796793
-0.327918530768280113943
-0.656187229124740764648
-0.440060324988640684952
-0.31116963993062372405
-0.466677798190691027173
-0.427370256109777351408
-0.302196406172655108653
-0.24263510857867656198
-0.420829113325552294919
-0.297571119753220120114
-1.31284939013539627515e-17
-0.418783709718207256314
-0.296124800992203015999
0.242635108578676258765
-0.420829113325552250834
-0.297571119753220088941
0.466677798190691138368
-0.427370256109777342218
-0.302196406172655102154
0.656187229124740602981
-0.440060324988640729959
-0.311169639930623755876
0.803233077585432044076
-0.463746833565960775224
-0.327918530768280098691
0.933149298520582985633
-0.500157728200312115152
-0.353664921273299225126
-0.862390399269056079575
-0.386757235065581848559
-0.340714238716988369502
-0.709197035200169287292
-0.348244647566625239371
-0.311169639930623724096
-0.539534391711334314275
-0.311500326291599901017
-0.296753182896502297197
-0.339206893095166730124
-0.290799532540333801978
-0.289507562666259970429
-0.115828162877953567349
-0.281392409379727744871
-0.286382983612699020701
0.115828162877953395406
-0.281392409379727732198
-0.286382983612699010253
0.339206893095166521308
-0.29079953254033374864
-0.289507562666259949149
0.539534391711334264904
-0.311500326291599817926
-0.296753182896502289529
0.709197035200169006622
-0.34824464756662518295
-0.311169639930623719247
0.86239039926905597524
-0.386757235065581879062
-0.340714238716988342745
-0.768599899156820668039
-0.231087277887318771049
-0.331125935417101800836
-0.603452397708274423609
-0.190469700560437344133
-0.30219640617265510893
-0.421443229136151896742
-0.14836202028903976019
-0.289507562666259970864
-0.217535699112158036147
-0.12559429444075784863
-0.283714590333303296468
-6.41301062415176739037e-17
-0.118410740463952948935
-0.282006906700558355961
0.217535699112157997141
-0.125594294440757887237
-0.283714590333303290073
0.421443229136151828029
-0.148362020289039755915
-0.289507562666259956557
0.60345239770827440178
-0.190469700560437292538
-0.30219640617265510893
0.768599899156820567023
-0.231087277887318809417
-0.331125935417101771088
-0.657453970044551497927
-0.0430551638765728348564
-0.324792687900173212374
-0.485766257081346934084
0.000286388783646711953781
-0.297571119753220120442
-0.301607056393931556171
0.0403860731638744050988
-0.286382983612699021151
-0.102546709322709260017
0.0592053702319764038361
-0.282006906700558355577
0.102546709322709114709
0.0592053702319764238812
-0.282006906700558353841
0.301607056393931430816
0.040386073163874425301
-0.286382983612699013743
0.485766257081346882236
0.000286388783646699894811
-0.297571119753220105725
0.657453970044551497927
-0.0430551638765728348564
-0.324792687900173212374
-0.535789597860625823194
0.165447060002794993631
-0.321643728968645645626
-0.362677331307055582773
0.209391854859103628531
-0.29612480099220301494
-0.185778893515978074674
0.241006336215853184507
-0.286382983612699007561
2.42161012073777851049e-17
0.251188588881515710249
-0.283714590333303283679
0.185778893515977947144
0.241006336215853191755
-0.286382983612699004289
0.362677331307055589986
0.209391854859103617536
-0.296124800992203013881
0.535789597860625823194
0.165447060002794993631
-0.321643728968645645626
-0.411176155874181735754
0.381283872829352898265
-0.321643728968645620608
-0.243131148502670541667
0.42054272454190542578
-0.297571119753220085254
-0.082236336040985295097
0.439161552829373435008
-0.289507562666259940494
0.0822363360409851758275
0.439161552829373383819
-0.289507562666259938547
0.243131148502670445747
0.420542724541905365952
-0.297571119753220076508
0.411176155874181735754
0.381283872829352898265
-0.321643728968645620608
-0.291440119341061614574
0.590899421815801297519
-0.324792687900173203064
-0.136774599517583344988
0.617839956670214690848
-0.302196406172655102154
-8.28153608563961550265e-17
0.623000652583199685266
-0.296753182896502288549
0.13677459951758331105
0.617839956670214735452
-0.302196406172655102432
0.291440119341061614574
0.590899421815801297519
-0.324792687900173203064
-0.184172496436598267321
0.781170676959623970041
-0.331125935417101882274
-0.0530098060754285413018
0.788304972555265744751
-0.311169639930623777784
0.0530098060754284269735
0.78830497255526579177
-0.31116963993062376702
0.184172496436598117867
0.781170676959624019316
-0.331125935417101857819
-0.0962536089703046495644
0.940230611279598152859
-0.340714238716988358526
-2.39706949176067779603e-17
0.927493667131921508929
-0.327918530768280098691
0.0962536089703045202098
0.94023061127959817099
-0.340714238716988339262
-0.033425350739708337279
1.05820986214260981065
-0.353664921273298670219
0.033425350739708337279
1.05820986214260981065
-0.353664921273298670219
-1.17450184036322323195e-17
1.12774396576959993303
-0.370125939884198662219
-0.923173782325936165572
-0.532994631734684225118
-0.282791602350898301076
-0.821034407508416487808
-0.521778222140147427196
-0.251066805211447005847
-0.666441344370378500241
-0.513156875983528547064
-0.226681955890239850021
-0.469367941774641042323
-0.507054535919494189673
-0.20942193172869967098
-0.242400357966501634006
-0.503415746063593351732
-0.199129879799018460537
1.37990335960545080964e-17
-0.502206620289694866383
-0.195709955662894255674
0.242400357966501355226
-0.503415746063593322564
-0.199129879799018378038
0.469367941774641082995
-0.507054535919494150031
-0.209421931728699558856
0.666441344370378263453
-0.51315687598352853727
-0.226681955890239822321
0.821034407508416538555
-0.521778222140147497348
-0.251066805211447204267
0.923173782325936165572
-0.532994631734684225118
-0.282791602350898301076
-0.862390399269055944507
-0.45014754321332002072
-0.251066805211447005847
-0.709197035200169317623
-0.409455099181302238839
-0.224604989098165470927
-0.539534391711334332349
-0.383615026050278066361
-0.194767596451315915715
-0.339206893095166730244
-0.369883525201580307139
-0.177665907678110845522
-0.115828162877953565389
-0.363801936098543100167
-0.169838313258202388223
0.115828162877953393446
-0.363801936098543086092
-0.169838313258202379758
0.339206893095166521428
-0.369883525201580269297
-0.177665907678110802328
0.539534391711334282977
-0.383615026050278031434
-0.194767596451315839933
0.709197035200169036954
-0.409455099181302215461
-0.224604989098165419349
0.862390399269055840172
-0.450147543213320005661
-0.251066805211447043525
-0.777627562913585666827
-0.320576696365236894727
-0.226681955890239850021
-0.601987553688637196303
-0.275442976412260802294
-0.194767596451315915617
-0.419779789730719600804
-0.242359974601395474909
-0.171374381528846178658
-0.216618987897435723901
-0.224623622025123328633
-0.158832886348648633685
-1.29594860956764144983e-16
-0.219065234392513230344
-0.154902512761166590166
0.216618987897435540335
-0.224623622025123328423
-0.158832886348648633536
0.419779789730719364923
-0.242359974601395417415
-0.171374381528846138004
0.601987553688637046062
-0.275442976412260731111
-0.194767596451315865283
0.777627562913585407586
-0.320576696365236851777
-0.22668195589023981965
-0.673806080097731626321
-0.152957293339107302102
-0.20942193172869967098
-0.489931975813493511096
-0.108820023958416518416
-0.177665907678110845849
-0.302839256912548412346
-0.0752857354486915161322
-0.158832886348648634736
-0.10279177014651499901
-0.0593468561645685647799
-0.150335184810177902123
0.102791770146514857901
-0.0593468561645685707973
-0.150335184810177905323
0.30283925691254828551
-0.0752857354486915229474
-0.15883288634864863151
0.489931975813493423062
-0.108820023958416496243
-0.1776659076781108202
0.673806080097731626321
-0.152957293339107302102
-0.20942193172869967098
-0.557171003739418679666
0.0417830051463646289978
-0.199129879799018460537
-0.372975800046278100747
0.081590836523282095454
-0.169838313258202390423
-0.189716058069909036276
0.109532617196256486981
-0.154902512761166595366
-5.73214593696824327107e-17
0.118693712329137022766
-0.150335184810177911255
0.189716058069908775708
0.109532617196256523839
-0.154902512761166588134
0.372975800046278001635
0.0815908365232821115016
-0.169838313258202378556
0.557171003739418547362
0.0417830051463646477966
-0.199129879799018434992
-0.434923691119601248123
0.251103310144847445142
-0.195709955662894255674
-0.257147637168324628432
0.282211099575260880163
-0.169838313258202382018
-0.0862202690151127677848
0.299909357473814720086
-0.158832886348648639103
0.0862202690151126678776
0.299909357473814709984
-0.158832886348648636679
0.257147637168324514488
0.28221109957526087899
-0.169838313258202372627
0.434923691119601248123
0.251103310144847445142
-0.195709955662894255674
-0.314770645772917159791
0.46163274091722846672
-0.199129879799018378038
-0.150725082718326891142
0.47870354915999666621
-0.177665907678110793369
-1.10645660659840658845e-16
0.484719949202790704523
-0.171374381528846120655
0.150725082718326783632
0.478703549159996645612
-0.177665907678110785049
0.314770645772917032309
0.46163274091722848039
-0.199129879799018357053
-0.204438138323090529331
0.660011829258601507177
-0.209421931728699558856
-0.0624531619773028607937
0.659058002462538723915
-0.194767596451315809341
0.0624531619773027570797
0.659058002462538754727
-0.194767596451315804636
0.204438138323090529331
0.660011829258601507177
-0.209421931728699558856
-0.111186218543207276499
0.83373357234876523183
-0.226681955890239822321
-5.05580565890168513342e-17
0.818910198362604194325
-0.224604989098165417636
0.111186218543207074162
0.833733572348765195806
-0.22668195589023981965
-0.0413559917606394920793
0.97192576535346752694
-0.251066805211447204267
0.04135599176063941544
0.971925765353467507225
-0.251066805211447260606
6.61744490042422139897e-24
1.06598926346936845024
-0.282791602350898301076
-0.843094234540878716171
-0.486760683264397807056
-0.152022248413422573658
-0.721372294750239871063
-0.471018228794630400931
-0.107495863181050540567
-0.552050298518553753983
-0.459317854996163500214
-0.0744022085597971458966
-0.346423831764229014314
-0.451569476967343583634
-0.0524864859702954771714
-0.118055903176048344603
-0.447711094856720698794
-0.041573333350974254633
0.118055903176048353363
-0.447711094856720712499
-0.0415733333509742933968
0.346423831764228990021
-0.451569476967343597659
-0.0524864859702955168417
0.55205029851855383664
-0.459317854996163468652
-0.0744022085597970566256
0.721372294750239553217
-0.471018228794630326227
-0.107495863181050329272
0.843094234540878716171
-0.486760683264397807056
-0.152022248413422573658
-0.76859989915682083473
-0.389217618442668374925
-0.107495863181050540567
-0.603452397708274449588
-0.34840340425999735906
-0.0788444204449235423011
-0.421443229136151880516
-0.322404354451148943311
-0.0433745332671348836839
-0.217535699112158025862
-0.309353445808575360501
-0.0238399062587652691413
-6.41301043803612956593e-17
-0.305348908247193435202
-0.017636414496322475071
0.217535699112157986856
-0.309353445808575367341
-0.0238399062587653076718
0.421443229136151811803
-0.322404354451148928397
-0.0433745332671348844229
0.603452397708274427759
-0.348403404259997341861
-0.0788444204449234936566
0.768599899156820733715
-0.389217618442668359667
-0.107495863181050586657
-0.673806080097731612326
-0.248430655185768656779
-0.0744022085597971458966
-0.489931975813493478371
-0.203778365459279168006
-0.0433745332671348835758
-0.302839256912548403966
-0.174844326499646051441
-0.018035776633632056791
-0.10279177014651499998
-0.161519656895135726202
-0.00584102431136615603163
0.102791770146514858871
-0.161519656895135731225
-0.00584102431136616063813
0.302839256912548277131
-0.174844326499646050671
-0.0180357766336320642917
0.489931975813493390337
-0.203778365459279136433
-0.0433745332671348712203
0.673806080097731612326
-0.248430655185768656779
-0.0744022085597971458966
-0.564282554509486001445
-0.0742271003004970830842
-0.0524864859702954771714
-0.376675792374557935187
-0.0337147187568491164924
-0.0238399062587652681271
-0.191276011154991412767
-0.00826045579928499435239
-0.00584102431136615428434
0.0
0.0
0.0
0.191276011154991275646
-0.00826045579928498692901
-0.00584102431136614903522
0.376675792374557962347
-0.0337147187568491297667
-0.0238399062587652775134
0.564282554509486001445
-0.0742271003004970830842
-0.0524864859702954771714
-0.446757133290088828124
0.121616136211186488885
-0.041573333350974254633
-0.264439911559913236185
0.152674454123596661135
-0.017636414496322476044
-0.0884842410084764731623
0.169780112694420594397
-0.00584102431136616323789
0.0884842410084763596221
0.169780112694420604262
-0.00584102431136615762602
0.264439911559913118901
0.152674454123596679752
-0.0176364144963224650689
0.446757133290088828124
0.121616136211186488885
-0.041573333350974254633
-0.32870123011404049101
0.326094958645534224349
-0.0415733333509742933968
-0.159140093262399950416
0.343068164565424486029
-0.0238399062587653170581
-4.87148318320914635996e-17
0.349688652999292008266
-0.0180357766336320841952
0.159140093262399951626
0.34306816456542446965
-0.0238399062587653160439
0.32870123011404049101
0.326094958645534224349
-0.0415733333509742933968
-0.217858722745257011424
0.525796577267840652692
-0.0524864859702955168417
-0.0684887466773416459587
0.526182719910428060249
-0.0433745332671348932373
0.0684887466773415433969
0.52618271991042806138
-0.0433745332671348899455
0.217858722745257011424
0.525796577267840652692
-0.0524864859702955168417
-0.121755781579177789681
0.707748510181932212795
-0.0744022085597970566256
1.70061716496002065732e-19
0.696806808519994663406
-0.0788444204449234450121
0.121755781579177789681
0.707748510181932212795
-0.0744022085597970566256
-0.0472276044065810578947
0.860235847237298463242
-0.107495863181050329272
0.0472276044065809794853
0.860235847237298457602
-0.107495863181050401181
6.61744490042422139897e-24
0.973521366528795614111
-0.152022248413422573658
-0.741454910545668185024
-0.42807919219551141767
0.013954072646366990103
-0.606348059430164535699
-0.40908723783540718315
0.067671431510427478763
-0.429112653251754273018
-0.395617352119639749848
0.10577002163613533693
-0.222215496694218179756
-0.387574525500323364292
0.128518570605840501752
-7.48739710646323203506e-17
-0.384900179459750524082
0.136082763487954298032
0.222215496694218139769
-0.387574525500323368616
0.128518570605840489522
0.429112653251754275545
-0.395617352119639763776
0.105770021636135297534
0.606348059430164578765
-0.409087237835407201431
0.0676714315104274270564
0.741454910545668055651
-0.428079192195511407075
0.0139540726463670200696
-0.657453970044551460562
-0.320569204084215452017
0.067671431510427478763
-0.48576625708134688889
-0.280457279289152581431
0.0994603831857032277913
-0.301607056393931547157
-0.256542441917342374126
0.133537349470461866994
-0.102546709322709261781
-0.246143538015216986022
0.149821660598440349219
0.102546709322709116473
-0.246143538015216977704
0.149821660598440367539
0.301607056393931421802
-0.256542441917342360408
0.133537349470461883572
0.485766257081346837042
-0.280457279289152571576
0.0994603831857032115164
0.657453970044551460562
-0.320569204084215452017
0.067671431510427478763
-0.557171003739418595418
-0.173813782741542428849
0.10577002163613533693
-0.372975800046278097391
-0.132928151839119334879
0.133537349470461865244
-0.189716058069909047613
-0.109532617196256654642
0.154902512761166462927
-5.73214568881405950516e-17
-0.102172800730567189413
0.162017233432910111586
0.189716058069908787045
-0.109532617196256635537
0.154902512761166495266
0.372975800046277998279
-0.132928151839119318341
0.133537349470461876418
0.557171003739418463114
-0.1738137827415423985
0.105770021636135346138
-0.446757133290088844373
0.00134299749839179173666
0.128518570605840501752
-0.26443991155991324391
0.034263713659643747218
0.149821660598440347861
-0.0884842410084764715339
0.0510864003652835471467
0.162017233432910114917
0.0884842410084763579937
0.0510864003652835557262
0.162017233432910122348
0.264439911559913126627
0.0342637136596437637711
0.149821660598440361755
0.446757133290088844373
0.00134299749839179173666
0.128518570605840501752
-0.333333333333333383249
0.192450089729875197198
0.136082763487954298032
-0.161893202237204048521
0.21187982435557311048
0.149821660598440369447
-1.01000690049719278293e-16
0.21906523439251307569
0.154902512761166508579
0.161893202237203940206
0.211879824355573117988
0.149821660598440374756
0.333333333333333259318
0.192450089729875212104
0.136082763487954308572
-0.224541636595870688355
0.386231528001931540088
0.128518570605840489522
-0.0713687436523466114888
0.389470593756461618254
0.133537349470461876107
0.0713687436523465168676
0.389470593756461614183
0.133537349470461876417
0.224541636595870688355
0.386231528001931540088
0.128518570605840489522
-0.1280583504876643332
0.569431134861182187849
0.105770021636135297534
-4.18547682405605387594e-17
0.560914558578305172215
0.0994603831857031666049
0.128058350487664234804
0.56943113486118217378
0.105770021636135286501
-0.0511059106143869191621
0.729656441919622681604
0.0676714315104274270564
0.0511059106143869191621
0.729656441919622681604
0.0676714315104274270564
-2.42351280158277298474e-17
0.856158384391022679423
0.0139540726463671512386
-0.6246434650531199095
-0.360638072695959373645
0.204706364362149192814
-0.482755351595433269877
-0.339957604911311416311
0.263199560396687226404
-0.304771073358803771967
-0.326246959044778335301
0.301979123063378624753
-0.104159593518169795166
-0.319414918022207461608
0.321303053208996781477
0.104159593518169826392
-0.319414918022207452226
0.321303053208996808011
0.304771073358803758167
-0.326246959044778327334
0.301979123063378647287
0.48275535159543334133
-0.339957604911311439874
0.263199560396687159758
0.62464346505312003812
-0.360638072695959383806
0.204706364362149164076
-0.535789597860625767062
-0.248099595838878037073
0.263199560396687226404
-0.362677331307055575561
-0.209391854859103625865
0.296124800992203025659
-0.185778893515978071486
-0.189669020900016120423
0.322683947400439426859
2.42161012073777851049e-17
-0.183759151367817507633
0.33139440285083389104
0.185778893515977943956
-0.189669020900016114922
0.322683947400439432602
0.362677331307055582773
-0.209391854859103628531
0.29612480099220301494
0.535789597860625767062
-0.248099595838878037073
0.263199560396687226404
-0.434923691119601261922
-0.100816012344985640923
0.301979123063378624753
-0.257147637168324626783
-0.0660547308217930769334
0.322683947400439421908
-0.0862202690151127590056
-0.0497792955254772962253
0.335701549330929250025
0.0862202690151126590985
-0.0497792955254772973073
0.335701549330929239693
0.257147637168324512838
-0.0660547308217930684711
0.322683947400439417671
0.434923691119601261922
-0.100816012344985640923
0.301979123063378624753
-0.328701230114040483521
0.0695026049765077355363
0.321303053208996781477
-0.159140093262399922904
0.0918795756839087780886
0.331394402850833875258
-4.87148268690077882815e-17
0.0995585910509545293909
0.335701549330929224958
0.159140093262399924115
0.0918795756839087735848
0.331394402850833859477
0.328701230114040483521
0.0695026049765077355363
0.321303053208996781477
-0.224541636595870664617
0.249912313045699748424
0.321303053208996808011
-0.07136874365234660933
0.255723751721809090934
0.322683947400439415682
0.0713687436523465147088
0.255723751721809089869
0.322683947400439411741
0.224541636595870664617
0.249912313045699748424
0.321303053208996808011
-0.130152617760797489955
0.42706297138976396029
0.301979123063378647287
-1.29677600938305680406e-18
0.418783709718207264643
0.29612480099220300422
0.130152617760797489955
0.42706297138976396029
0.301979123063378647287
-0.0530342462651924818638
0.588057200750189527045
0.263199560396687159758
0.0530342462651924818638
0.588057200750189527045
0.263199560396687159758
2.59659769778153385602e-17
0.721276145391918918361
0.204706364362149014487
-0.5
-0.288675134594812882255
0.408248290463863016366
-0.358141909608989213079
-0.268012000635792108869
0.466692459035821502234
-0.186712295285252845805
-0.255667440196018452774
0.501608148626746068315
2.42930041889268400878e-17
-0.251561584444564347725
0.513221262404454010379
0.186712295285252713649
-0.255667440196018495941
0.501608148626745946219
0.35814190960898923857
-0.268012000635792141277
0.46669245903582141057
0.5
-0.288675134594812882255
0.408248290463863016366
-0.411176155874181694942
-0.176153991563358756167
0.466692459035821502234
-0.243131148502670511906
-0.140371834036399699554
0.495681856320736968411
-0.0822363360409852842131
-0.126563163411677891161
0.510548003611505596509
0.0822363360409851649436
-0.126563163411677906388
0.510548003611505547598
0.243131148502670415987
-0.140371834036399711251
0.495681856320736909088
0.411176155874181694942
-0.176153991563358756167
0.466692459035821502234
-0.31477064577291712327
-0.033863870817921209606
0.501608148626746068315
-0.150725082718326874375
-0.00793717441980812890413
0.510548003611505596813
-1.10645660659840658845e-16
-7.61489493452506320482e-17
0.514123144586538250677
0.150725082718326766865
-0.00793717441980812792624
0.510548003611505574619
0.314770645772916995789
-0.033863870817921185265
0.501608148626746074208
-0.217858722745256987131
0.125780792222282194901
0.513221262404454010379
-0.0684887466773416564552
0.134500337831485915091
0.510548003611505520773
0.0684887466773415538934
0.134500337831485918571
0.510548003611505520743
0.217858722745256987131
0.125780792222282194901
0.513221262404454010379
-0.128058350487664380927
0.289531311013939569513
0.501608148626745946219
-4.18547765123666642897e-17
0.280743668072799339752
0.49568185632073683496
0.128058350487664282532
0.289531311013939554421
0.501608148626745936632
-0.0530342462651924971842
0.444165992199150903317
0.46669245903582141057
0.0530342462651924971842
0.444165992199150903317
0.46669245903582141057
0.0
0.577350269189625764509
0.408248290463863016366
-0.375356534946879927953
-0.216712196493666297017
0.611790216565577105357
-0.240334208726674663749
-0.197769042604615803497
0.665369546853608801684
-0.0826823567439127943172
-0.188328147463593870693
0.692072430752359743972
0.0826823567439126709882
-0.188328147463593878773
0.692072430752359721118
0.240334208726674689711
-0.19776904260461582507
0.665369546853608740667
0.375356534946880047139
-0.216712196493666301731
0.611790216565577092025
-0.291440119341061582911
-0.109251008853424082239
0.665369546853608801684
-0.136774599517583374777
-0.0789668518497800194599
0.683237232790233662595
-8.2815345967145129072e-17
-0.0721146997586782093194
0.686288375799133895049
0.136774599517583340838
-0.0789668518497800048537
0.683237232790233704741
0.291440119341061582911
-0.109251008853424082239
0.665369546853608801684
-0.204438138323090583998
0.0225590523468008538159
0.692072430752359743972
-0.0624531619773028973316
0.0360573498793390108561
0.686288375799133924661
0.0624531619773027936176
0.036057349879339025562
0.686288375799133952142
0.204438138323090583998
0.0225590523468008538159
0.692072430752359743972
-0.121755781579177858343
0.165769095116792914111
0.692072430752359721118
1.70061716496002065732e-19
0.157933703699559965825
0.683237232790233746886
0.121755781579177858343
0.165769095116792914111
0.692072430752359721118
-0.0511059106143869248636
0.307020051458039919006
0.665369546853608740667
0.0511059106143869248636
0.307020051458039919006
0.665369546853608740667
2.59659637429255377118e-17
0.43342439298733276447
0.611790216565576927928
-0.258545089454331962037
-0.149271076994114431745
0.80254250828135880248
-0.136944892030017360881
-0.133598910512316174968
0.846870089062015059682
-9.29504243989266287339e-17
-0.128386786412194508142
0.861612202244342509221
0.13694489203001721263
-0.13359891051231607178
0.84687008906201535154
0.258545089454331851346
-0.149271076994114431936
0.802542508281358801938
-0.184172496436598380901
-0.051798300160354051355
0.846870089062015059682
-0.0530098060754285557668
-0.0306052258073385204423
0.846944268959412738406
0.0530098060754284414384
-0.0306052258073384946213
0.846944268959412779149
0.184172496436598231447
-0.0517983001603540118738
0.846870089062015097986
-0.111186218543207276499
0.0641933932060971735738
0.861612202244342509221
-5.05580665151842019705e-17
0.061210451614676967927
0.846944268959412828635
0.111186218543207074162
0.0641933932060971640843
0.861612202244342474367
-0.047227604406581004783
0.18539721067267004634
0.84687008906201535154
0.0472276044065809263735
0.185397210672669976664
0.846870089062015370193
-2.42351412507175306959e-17
0.29854215398822870872
0.802542508281358961993
-0.15690576545912128383
-0.0905895859252279574537
0.96851882934114860639
-0.0548976172096650574753
-0.0794489400250874267852
1.0000293343922985184
0.0548976172096651160088
-0.0794489400250875010612
1.00002933439229830831
0.15690576545912128383
-0.0905895859252279574537
0.96851882934114860639
-0.0962536089703045166296
-0.00781826109826001605692
1.0000293343922985184
-2.39706916088843277482e-17
-1.38395307044838792253e-17
0.98375559230484025693
0.0962536089703043872751
-0.00781826109825999185113
1.00002933439229852907
-0.0413559917606394942125
0.0872672011233475306717
1.00002933439229830831
0.0413559917606394175731
0.0872672011233474709831
1.0000293343922983085
-1.32348898008484427979e-23
0.181179171850455914907
0.96851882934114860639
-0.0768262176740638344285
-0.0443556374549415393913
1.09928818327862433381
-3.39809534493152508522e-16
-0.0385962704946567265842
1.11557813301046091171
0.0768262176740638344285
-0.0443556374549415393913
1.09928818327862433381
-0.0334253507397086770885
0.0192981352473280690084
1.11557813301046091171
0.0334253507397086770885
0.0192981352473280690084
1.11557813301046091171
-1.32348898008484427979e-23
0.0887112749098830787823
1.09928818327862433381
-0.0233450766789180632782
-0.0134782863048257984754
1.18662252081192466482
0.023345076678917988855
-0.0134782863048258196059
1.18662252081192460506
-1.17450382559669335922e-17
0.0269565726096515389518
1.18662252081192471808
0.0
0.0
1.2247448713915890491
