-1.0
-1.0
-1.0
-0.919533908166458834194
-1.0
-1.0
-0.738773865105505076779
-1.0
-1.0
-0.477924949810444523029
-1.0
-1.0
-0.165278957666387010201
-1.0
-1.0
0.165278957666387010201
-1.0
-1.0
0.477924949810444523029
-1.0
-1.0
0.738773865105505076779
-1.0
-1.0
0.919533908166458834194
-1.0
-1.0
1.0
-1.0
-1.0
-1.0
-0.919533908166458834194
-1.0
-0.881155368819367085379
-0.887821287666182476055
-1.0
-0.653789759882202368855
-0.870178295305141741354
-1.0
-0.347538783498235773433
-0.861634259105176985766
-1.0
-1.27964549594377762637e-16
-0.859130485493578278867
-1.0
0.347538783498235820059
-0.861634259105176965508
-1.0
0.653789759882202322472
-0.870178295305141735149
-1.0
0.881155368819367046083
-0.88782128766618251549
-1.0
0.999999999999999884324
-0.919533908166458816578
-1.0
-1.0
-0.738773865105505076779
-1.0
-0.845105763662319556478
-0.676262561659656799703
-1.0
-0.562795760816241255206
-0.641224783582206295826
-1.0
-0.197189333673232324631
-0.62573097059543976718
-1.0
0.197189333673232109376
-0.625730970595439721679
-1.0
0.562795760816241348197
-0.641224783582206198168
-1.0
0.845105763662319436493
-0.67626256165965669219
-1.0
1.0
-0.738773865105505076779
-1.0
-1.0
-0.477924949810444523029
-1.0
-0.801295420026729371742
-0.39267792331143788891
-1.0
-0.444466879146751445989
-0.347422918114106126955
-1.0
-1.14811292593820953034e-16
-0.33333333333333338436
-1.0
0.44446687914675130098
-0.347422918114106112627
-1.0
0.801295420026729393698
-0.3926779233114378389
-1.0
0.999999999999999849759
-0.477924949810444487528
-1.0
-1.0
-0.165278957666387010201
-1.0
-0.736799438635755929968
-0.0704347572532109062655
-1.0
-0.271031899932483088112
-0.0268461112904542662741
-1.0
0.271031899932482772134
-0.0268461112904542975083
-1.0
0.736799438635755757741
-0.0704347572532109458892
-1.0
1.0
-0.165278957666387010201
-1.0
-1.0
0.165278957666387010201
-1.0
-0.628890971175479828687
0.254312182416614824667
-1.0
-1.36098924624216029156e-16
0.282449567164412493995
-1.0
0.628890971175479759547
0.254312182416614854418
-1.0
1.0
0.165278957666387010201
-1.0
-1.0
0.477924949810444523029
-1.0
-0.427542331850721702449
0.546440856964798324634
-1.0
0.427542331850721196068
0.546440856964798425267
-1.0
0.999999999999999574688
0.47792494981044452241
-1.0
-1.0
0.738773865105505076779
-1.0
1.75767171610029422635e-16
0.775642575332364991545
-1.0
1.0
0.738773865105505076779
-1.0
-1.0
0.919533908166458834194
-1.0
0.999999999999997240521
0.919533908166458772136
-1.0
-1.0
1.0
-1.0
-1.0
-1.0
-0.919533908166458900774
-0.881155368819367085379
-1.0
-0.887821287666182476055
-0.653789759882202368855
-1.0
-0.870178295305141741354
-0.347538783498235773433
-1.0
-0.861634259105176985766
-1.27964549594377762637e-16
-1.0
-0.859130485493578278867
0.347538783498235820059
-1.0
-0.861634259105176965508
0.653789759882202322472
-1.0
-0.870178295305141735149
0.881155368819367046083
-1.0
-0.88782128766618251549
0.999999999999999884324
-1.0
-0.919533908166458883158
-1.0
-0.881155368819367085379
-0.887821287666182476055
-0.81567905629868839273
-0.83123272774285497261
-0.844365714647196377662
-0.547196107123729538161
-0.804234339547260433235
-0.821688020740450860188
-0.192713651164067023349
-0.793939852534425677245
-0.813187190111470072329
0.19271365116406680123
-0.793939852534425662324
-0.813187190111470060066
0.547196107123729627058
-0.804234339547260411431
-0.821688020740450842098
0.815679056298688288975
-0.831232727742854951123
-0.844365714647196359389
1.0
-0.881155368819367085379
-0.887821287666182476055
-1.0
-0.653789759882202368855
-0.870178295305141741354
-0.753988731627199420483
-0.591517833695976894526
-0.821688020740450860079
-0.414955268714800004366
-0.547362005612696079603
-0.802388181132131315602
-1.22644123894436688632e-16
-0.534251576749888195714
-0.797164185117605656711
0.414955268714799850037
-0.547362005612696032299
-0.80238818113213130028
0.753988731627199448705
-0.59151783369597684805
-0.821688020740450851684
0.999999999999999856416
-0.653789759882202382998
-0.870178295305141705671
-1.0
-0.347538783498235773433
-0.861634259105176985766
-0.676993467896738524439
-0.275888423208105724563
-0.813187190111470070967
-0.24445102532202841166
-0.232874211625055985336
-0.797164185117605654164
0.244451025322028178389
-0.232874211625055986561
-0.797164185117605648093
0.676993467896738365581
-0.275888423208105699274
-0.813187190111470052614
1.0
-0.347538783498235773433
-0.861634259105176985766
-1.0
-1.27964549594377762637e-16
-0.859130485493578278867
-0.55694170852147407464
0.0698282757425312280812
-0.813187190111470055321
-1.82077990583547587311e-16
0.0947240112253919808011
-0.802388181132131290446
0.556941708521473812088
0.069828275742531232847
-0.813187190111470042281
0.999999999999999761131
-9.91186308173957510148e-17
-0.859130485493578239085
-1.0
0.347538783498235820059
-0.861634259105176965508
-0.352035202166993730883
0.395752173243237328218
-0.821688020740450833703
0.352035202166993638891
0.395752173243237353035
-0.821688020740450833594
1.0
0.347538783498235820059
-0.861634259105176965508
-1.0
0.653789759882202322472
-0.870178295305141735149
-2.28887995864135614099e-16
0.662465455485709830472
-0.844365714647196358069
0.999999999999999314122
0.653789759882202354057
-0.87017829530514170567
-1.0
0.881155368819367046083
-0.88782128766618251549
1.0
0.881155368819367046083
-0.88782128766618251549
-1.0
0.999999999999999971257
-0.919533908166458813786
-1.0
-1.0
-0.738773865105505076779
-0.845105763662319556478
-1.0
-0.676262561659656799703
-0.562795760816241255206
-1.0
-0.641224783582206295826
-0.197189333673232324631
-1.0
-0.62573097059543976718
0.197189333673232109376
-1.0
-0.625730970595439721679
0.562795760816241348197
-1.0
-0.641224783582206198168
0.845105763662319436493
-1.0
-0.67626256165965669219
1.0
-1.0
-0.738773865105505076779
-1.0
-0.845105763662319556478
-0.676262561659656799703
-0.753988731627199424175
-0.780934965165128655256
-0.627936465478926270412
-0.414955268714800005513
-0.751757249320918031898
-0.592085314292485721529
-1.22644123894436688632e-16
-0.743487186924219991056
-0.581486807229951559456
0.414955268714799851184
-0.751757249320918006544
-0.592085314292485682367
0.753988731627199452398
-0.780934965165128639476
-0.627936465478926229794
0.999999999999999856416
-0.845105763662319515696
-0.676262561659656819105
-1.0
-0.562795760816241255206
-0.641224783582206295826
-0.66624435010011083207
-0.487571825397071222166
-0.592085314292485722378
-0.239056910191019372274
-0.44878031523523547696
-0.567877523008693946877
0.239056910191019145033
-0.448780315235235462317
-0.567877523008693937878
0.666244350100110672407
-0.487571825397071175758
-0.592085314292485692971
1.0
-0.562795760816241255206
-0.641224783582206295826
-1.0
-0.197189333673232324631
-0.62573097059543976718
-0.545293407439356618181
-0.128256406537890095347
-0.581486807229951559456
-1.45959023404966525828e-16
-0.102439369529529222038
-0.567877523008693934641
0.54529340743935637886
-0.128256406537890082494
-0.581486807229951545496
0.99999999999999977183
-0.197189333673232290717
-0.625730970595439737072
-1.0
0.197189333673232109376
-0.625730970595439721679
-0.347305799581997880833
0.239329074717989095019
-0.592085314292485671854
0.347305799581997508288
0.23932907471798910725
-0.592085314292485664745
0.999999999999999659742
0.197189333673232133495
-0.625730970595439695272
-1.0
0.562795760816241348197
-0.641224783582206198168
-2.38452480146294359953e-17
0.561869930330257322649
-0.627936465478926189176
1.0
0.562795760816241348197
-0.641224783582206198168
-1.0
0.845105763662319436493
-0.67626256165965669219
0.999999999999998289618
0.845105763662319375474
-0.676262561659656735145
-1.0
1.0
-0.738773865105505076779
-1.0
-1.0
-0.477924949810444668933
-0.801295420026729371742
-1.0
-0.39267792331143788891
-0.444466879146751445989
-1.0
-0.347422918114106126955
-1.14811292593820953034e-16
-1.0
-0.33333333333333338436
0.44446687914675130098
-1.0
-0.347422918114106112627
0.801295420026729393698
-1.0
-0.3926779233114378389
0.999999999999999849759
-1.0
-0.477924949810444633432
-1.0
-0.801295420026729371742
-0.39267792331143788891
-0.67699346789673851709
-0.721906479693959552609
-0.343525082374759608632
-0.244451025322028404748
-0.690486365165019250495
-0.310674503826221454966
0.244451025322028171477
-0.690486365165019242041
-0.310674503826221458396
0.676993467896738358232
-0.721906479693959521919
-0.34352508237475959235
1.0
-0.801295420026729371742
-0.39267792331143788891
-1.0
-0.444466879146751445989
-0.347422918114106126955
-0.545293407439356607981
-0.361377380046239314669
-0.310674503826221457514
-1.45959023404966525828e-16
-0.333333333333333401533
-0.296367430973918309274
0.54529340743935636866
-0.361377380046239291378
-0.310674503826221453435
0.99999999999999977183
-0.444466879146751394917
-0.347422918114106111473
-1.0
-1.14810974956465732671e-16
-0.33333333333333338436
-0.347111486831721598697
0.0518637452112583727111
-0.310674503826221468531
0.347111486831721247151
0.0518637452112583814201
-0.310674503826221464791
0.999999999999999666933
-8.32667268468867405318e-17
-0.333333333333333370341
-1.0
0.44446687914675130098
-0.347422918114106112627
-2.51212184463733140261e-16
0.443812959387918952698
-0.343525082374759601263
0.999999999999999406725
0.44446687914675129217
-0.347422918114106111473
-0.999999999999999999999
0.801295420026729393698
-0.3926779233114378389
1.0
0.801295420026729393698
-0.3926779233114378389
-1.0
0.999999999999999947911
-0.477924949810444468285
-1.0
-1.0
-0.165278957666387010201
-0.736799438635755929968
-1.0
-0.0704347572532109062654
-0.271031899932483088112
-1.0
-0.0268461112904542662742
0.271031899932482772134
-1.0
-0.0268461112904542975082
0.736799438635755757741
-1.0
-0.0704347572532109458892
1.0
-1.0
-0.165278957666387010201
-1.0
-0.736799438635755929968
-0.0704347572532109062654
-0.556941708521474061196
-0.637292083431714275209
-0.0301005374023003917462
-1.82077990583547587311e-16
-0.610018182085718735022
-0.0134411902828974365705
0.556941708521473798645
-0.637292083431714250825
-0.030100537402300394401
0.999999999999999761131
-0.736799438635755853937
-0.0704347572532108993423
-1.0
-0.271031899932483088112
-0.0268461112904542662742
-0.347305799581997889377
-0.194990908957140797595
-0.0134411902828974358917
0.347305799581997516832
-0.19499090895714077933
-0.0134411902828974305607
0.999999999999999659742
-0.271031899932483033983
-0.0268461112904542624762
-1.0
0.271031899932482772134
-0.0268461112904542975082
-2.51212184463733140261e-16
0.274584166863428298134
-0.0301005374023004136482
0.999999999999999406725
0.271031899932482766003
-0.0268461112904543042767
-1.0
0.736799438635755757741
-0.0704347572532109458892
0.999999999999998423757
0.736799438635755664515
-0.0704347572532109725946
-1.0
1.0
-0.165278957666387010201
-1.0
-1.0
0.165278957666387010201
-0.628890971175479828687
-1.0
0.254312182416614824667
-1.36098924624216029156e-16
-1.0
0.282449567164412493994
0.628890971175479759547
-1.0
0.254312182416614854418
1.0
-1.0
0.165278957666387010201
-1.0
-0.628890971175479828687
0.254312182416614824667
-0.352035202166993758079
-0.510594099768036203453
0.271312506959827901047
0.352035202166993666087
-0.510594099768036188024
0.271312506959827923576
1.0
-0.628890971175479828687
0.254312182416614824667
-1.0
-1.3609871286597921558e-16
0.282449567164412493994
-2.38452480146294359953e-17
0.0211881995360722237435
0.271312506959827946104
1.0
-1.3609871286597921558e-16
0.282449567164412493994
-1.0
0.628890971175479759547
0.254312182416614854418
1.0
0.628890971175479759547
0.254312182416614854418
-1.0
1.0
0.165278957666387010201
-1.0
-1.0
0.477924949810444377125
-0.427542331850721702449
-0.999999999999999999999
0.546440856964798324634
0.427542331850721196069
-1.0
0.546440856964798425267
0.999999999999999574688
-1.0
0.477924949810444376506
-1.0
-0.427542331850721702448
0.546440856964798324634
-2.28889372292674902337e-16
-0.333333333333333438831
0.533097143941589008241
0.999999999999999314122
-0.427542331850721565948
0.546440856964798329793
-1.0
0.427542331850721196069
0.546440856964798425267
0.99999999999999828962
0.427542331850720970417
0.546440856964798413754
-1.0
0.999999999999999852545
0.477924949810444575697
-1.0
-1.0
0.738773865105505076779
1.75767171610029422635e-16
-0.999999999999999999999
0.775642575332364991545
1.0
-1.0
0.738773865105505076779
-1.0
1.7576738336826623621e-16
0.775642575332364991545
1.0
1.7576738336826623621e-16
0.775642575332364991545
-1.0
1.0
0.738773865105505076779
-1.0
-0.999999999999999999998
0.919533908166458767615
0.99999999999999724052
-0.999999999999999999998
0.919533908166458705556
-1.0
0.999999999999999314325
0.919533908166458852779
-1.0
-1.0
1.0
