-1.0
-1.0
-1.0
-0.919533908166458834194
-1.0
-1.0
-0.738773865105505076779
-1.0
-1.0
-0.477924949810444523029
-1.0
-1.0
-0.165278957666387010201
-1.0
-1.0
0.165278957666387010201
-1.0
-1.0
0.477924949810444523028
-1.0
-1.0
0.738773865105505076779
-1.0
-1.0
0.919533908166458834194
-1.0
-1.0
1.0
-1.0
-1.0
-1.0
-0.919533908166458834194
-1.0
-0.88782128766618251549
-0.887821287666182476055
-1.0
-0.676262561659656715743
-0.870178295305141741354
-1.0
-0.392677923311437838901
-0.861634259105176985766
-1.0
-0.0704347572532109795179
-0.859130485493578278867
-1.0
0.254312182416614854418
-0.861634259105176965508
-1.0
0.546440856964798408594
-0.870178295305141735149
-1.0
0.775642575332364991545
-0.88782128766618251549
-1.0
0.919533908166458705556
-0.919533908166458816578
-1.0
-1.0
-0.738773865105505076779
-1.0
-0.870178295305141741354
-0.676262561659656799703
-1.0
-0.641224783582206198168
-0.641224783582206295826
-1.0
-0.347422918114106126955
-0.62573097059543976718
-1.0
-0.0268461112904543080748
-0.625730970595439721679
-1.0
0.282449567164412493994
-0.641224783582206198168
-1.0
0.546440856964798341307
-0.67626256165965669219
-1.0
0.738773865105505076779
-0.738773865105505076779
-1.0
-1.0
-0.477924949810444523029
-1.0
-0.861634259105176965508
-0.39267792331143788891
-1.0
-0.625730970595439725379
-0.347422918114106126955
-1.0
-0.333333333333333384361
-0.33333333333333338436
-1.0
-0.0268461112904542557079
-0.347422918114106112627
-1.0
0.254312182416614824667
-0.392677923311437838901
-1.0
0.477924949810444376506
-0.477924949810444487528
-1.0
-1.0
-0.165278957666387010201
-1.0
-0.859130485493578278867
-0.0704347572532109062656
-1.0
-0.62573097059543976348
-0.0268461112904542662743
-1.0
-0.347422918114106112627
-0.0268461112904542975083
-1.0
-0.0704347572532108726371
-0.0704347572532109458894
-1.0
0.165278957666387010201
-0.165278957666387010201
-1.0
-1.0
0.165278957666387010201
-1.0
-0.861634259105176985766
0.254312182416614824667
-1.0
-0.641224783582206295826
0.282449567164412493994
-1.0
-0.39267792331143788891
0.254312182416614854418
-1.0
-0.165278957666387010201
0.165278957666387010201
-1.0
-1.0
0.477924949810444523028
-1.0
-0.87017829530514173515
0.546440856964798324634
-1.0
-0.67626256165965677615
0.546440856964798425267
-1.0
-0.477924949810444633432
0.47792494981044452241
-1.0
-1.0
0.738773865105505076779
-1.0
-0.887821287666182476055
0.775642575332364991545
-1.0
-0.738773865105505076779
0.738773865105505076779
-1.0
-1.0
0.919533908166458834194
-1.0
-0.919533908166458883158
0.919533908166458772136
-1.0
-1.0
1.0
-1.0
-1.0
-1.0
-0.919533908166458900774
-0.88782128766618251549
-1.0
-0.887821287666182476055
-0.676262561659656715743
-1.0
-0.870178295305141741354
-0.392677923311437838901
-1.0
-0.861634259105176985766
-0.0704347572532109795178
-1.0
-0.859130485493578278867
0.254312182416614854418
-1.0
-0.861634259105176965508
0.546440856964798408594
-1.0
-0.870178295305141735149
0.775642575332364991545
-1.0
-0.88782128766618251549
0.919533908166458772136
-1.0
-0.919533908166458883158
-1.0
-0.88782128766618251549
-0.887821287666182476055
-0.844365714647196375022
-0.844365714647196376342
-0.844365714647196377662
-0.627936465478926189176
-0.821688020740450851684
-0.821688020740450860188
-0.343525082374759626459
-0.813187190111470066223
-0.813187190111470072329
-0.0301005374023004302408
-0.813187190111470053959
-0.813187190111470060066
0.271312506959827946104
-0.821688020740450833594
-0.821688020740450842098
0.533097143941589008241
-0.844365714647196358069
-0.844365714647196359389
0.775642575332364991545
-0.88782128766618251549
-0.887821287666182476055
-1.0
-0.676262561659656715743
-0.870178295305141741354
-0.821688020740450833703
-0.627936465478926229794
-0.821688020740450860079
-0.59208531429248568279
-0.592085314292485711866
-0.802388181132131315602
-0.310674503826221476458
-0.581486807229951559456
-0.797164185117605656711
-0.013441190282897435892
-0.592085314292485672704
-0.80238818113213130028
0.271312506959827901047
-0.627936465478926189176
-0.821688020740450851684
0.546440856964798329793
-0.676262561659656735145
-0.870178295305141705671
-1.0
-0.3926779233114378389
-0.861634259105176985766
-0.813187190111470057251
-0.343525082374759617545
-0.813187190111470070967
-0.581486807229951559457
-0.310674503826221467649
-0.797164185117605654164
-0.310674503826221449587
-0.310674503826221471079
-0.797164185117605648093
-0.0301005374023003751541
-0.343525082374759601263
-0.813187190111470052614
0.254312182416614824667
-0.3926779233114378389
-0.861634259105176985766
-1.0
-0.0704347572532109795179
-0.859130485493578278867
-0.813187190111470069037
-0.0301005374023004109935
-0.813187190111470055321
-0.592085314292485711443
-0.0134411902828974352131
-0.802388181132131290446
-0.343525082374759583436
-0.0301005374023004136484
-0.813187190111470042281
-0.0704347572532108993425
-0.0704347572532109725948
-0.859130485493578239085
-1.0
0.254312182416614854418
-0.861634259105176965508
-0.821688020740450860079
0.271312506959827923576
-0.821688020740450833703
-0.627936465478926270412
0.271312506959827946104
-0.821688020740450833594
-0.39267792331143788891
0.254312182416614854418
-0.861634259105176965508
-1.0
0.546440856964798408594
-0.870178295305141735149
-0.844365714647196360709
0.533097143941589008241
-0.844365714647196358069
-0.676262561659656819105
0.546440856964798413753
-0.87017829530514170567
-1.0
0.775642575332364991545
-0.88782128766618251549
-0.887821287666182476055
0.775642575332364991545
-0.88782128766618251549
-1.0
0.919533908166458786199
-0.919533908166458813786
-1.0
-1.0
-0.738773865105505076779
-0.870178295305141741354
-1.0
-0.676262561659656799703
-0.641224783582206198168
-1.0
-0.641224783582206295826
-0.347422918114106126955
-1.0
-0.62573097059543976718
-0.0268461112904543080748
-1.0
-0.625730970595439721679
0.282449567164412493994
-1.0
-0.641224783582206198168
0.546440856964798341307
-1.0
-0.67626256165965669219
0.738773865105505076779
-1.0
-0.738773865105505076779
-1.0
-0.870178295305141741354
-0.676262561659656799703
-0.821688020740450833594
-0.821688020740450842098
-0.627936465478926270412
-0.59208531429248568364
-0.802388181132131305768
-0.592085314292485721529
-0.310674503826221479005
-0.797164185117605651616
-0.581486807229951559456
-0.0134411902828974352131
-0.802388181132131290446
-0.592085314292485682367
0.271312506959827923576
-0.821688020740450833703
-0.627936465478926229794
0.546440856964798413753
-0.870178295305141705671
-0.676262561659656819105
-1.0
-0.641224783582206198168
-0.641224783582206295826
-0.802388181132131295934
-0.592085314292485693303
-0.592085314292485722378
-0.567877523008693940404
-0.56787752300869394364
-0.567877523008693946877
-0.296367430973918309274
-0.567877523008693934641
-0.567877523008693937878
-0.0134411902828974319184
-0.592085314292485663895
-0.592085314292485692971
0.282449567164412493994
-0.641224783582206198168
-0.641224783582206295826
-1.0
-0.347422918114106126955
-0.62573097059543976718
-0.797164185117605654164
-0.310674503826221466322
-0.581486807229951559456
-0.567877523008693941115
-0.296367430973918309274
-0.567877523008693934641
-0.310674503826221440752
-0.310674503826221462244
-0.581486807229951545496
-0.0268461112904542624763
-0.347422918114106111474
-0.625730970595439737072
-1.0
-0.0268461112904543080747
-0.625730970595439721679
-0.802388181132131310114
-0.0134411902828974365707
-0.592085314292485671854
-0.592085314292485702634
-0.0134411902828974312396
-0.592085314292485664745
-0.347422918114106111474
-0.0268461112904543042768
-0.625730970595439695272
-1.0
0.282449567164412493994
-0.641224783582206198168
-0.821688020740450860188
0.271312506959827901047
-0.627936465478926189176
-0.641224783582206295826
0.282449567164412493994
-0.641224783582206198168
-1.0
0.546440856964798341307
-0.67626256165965669219
-0.870178295305141705671
0.546440856964798329793
-0.676262561659656735145
-1.0
0.738773865105505076779
-0.738773865105505076779
-1.0
-1.0
-0.477924949810444668933
-0.861634259105176965508
-1.0
-0.39267792331143788891
-0.625730970595439725379
-1.0
-0.347422918114106126955
-0.333333333333333384361
-1.0
-0.33333333333333338436
-0.0268461112904542557079
-1.0
-0.347422918114106112627
0.254312182416614824667
-1.0
-0.3926779233114378389
0.47792494981044452241
-1.0
-0.477924949810444633432
-1.0
-0.861634259105176965508
-0.39267792331143788891
-0.813187190111470055889
-0.813187190111470061996
-0.343525082374759608632
-0.581486807229951559457
-0.797164185117605656711
-0.310674503826221454966
-0.310674503826221459723
-0.797164185117605650641
-0.310674503826221458396
-0.0301005374023003944013
-0.813187190111470043643
-0.34352508237475959235
0.254312182416614854418
-0.861634259105176965508
-0.39267792331143788891
-1.0
-0.625730970595439725379
-0.347422918114106126955
-0.797164185117605651616
-0.581486807229951559456
-0.310674503826221457514
-0.567877523008693937878
-0.567877523008693941115
-0.296367430973918309274
-0.310674503826221452108
-0.581486807229951545496
-0.310674503826221453435
-0.0268461112904543042769
-0.625730970595439695272
-0.347422918114106111473
-1.0
-0.33333333333333338436
-0.33333333333333338436
-0.797164185117605653188
-0.31067450382622144704
-0.310674503826221468531
-0.581486807229951545496
-0.310674503826221443299
-0.310674503826221464791
-0.333333333333333370341
-0.333333333333333370341
-0.333333333333333370341
-1.0
-0.0268461112904542557078
-0.347422918114106112627
-0.813187190111470058721
-0.030100537402300375154
-0.343525082374759601263
-0.625730970595439737073
-0.0268461112904542624763
-0.347422918114106111473
-1.0
0.254312182416614824667
-0.3926779233114378389
-0.861634259105176985766
0.254312182416614824667
-0.3926779233114378389
-1.0
0.477924949810444429793
-0.477924949810444468285
-1.0
-1.0
-0.165278957666387010201
-0.859130485493578278867
-1.0
-0.0704347572532109062654
-0.62573097059543976348
-1.0
-0.0268461112904542662742
-0.347422918114106112627
-1.0
-0.0268461112904542975082
-0.0704347572532108726372
-1.0
-0.0704347572532109458892
0.165278957666387010201
-1.0
-0.165278957666387010201
-1.0
-0.859130485493578278867
-0.0704347572532109062654
-0.813187190111470064293
-0.813187190111470070399
-0.0301005374023003917462
-0.59208531429248570093
-0.802388181132131310114
-0.0134411902828974365705
-0.34352508237475959235
-0.813187190111470057359
-0.030100537402300394401
-0.0704347572532109725948
-0.859130485493578239085
-0.0704347572532108993423
-1.0
-0.625730970595439763479
-0.0268461112904542662742
-0.80238818113213130028
-0.592085314292485710593
-0.0134411902828974358917
-0.592085314292485674408
-0.592085314292485703484
-0.0134411902828974305607
-0.347422918114106111474
-0.625730970595439737072
-0.0268461112904542624762
-1.0
-0.347422918114106112627
-0.0268461112904542975082
-0.813187190111470048387
-0.343525082374759583436
-0.0301005374023004136482
-0.625730970595439695272
-0.347422918114106111474
-0.0268461112904543042767
-1.0
-0.0704347572532108726371
-0.0704347572532109458892
-0.859130485493578239085
-0.0704347572532108993425
-0.0704347572532109725946
-1.0
0.165278957666387010201
-0.165278957666387010201
-1.0
-1.0
0.165278957666387010201
-0.861634259105176985766
-1.0
0.254312182416614824667
-0.641224783582206295826
-1.0
0.282449567164412493994
-0.39267792331143788891
-1.0
0.254312182416614854418
-0.165278957666387010201
-1.0
0.165278957666387010201
-1.0
-0.861634259105176985766
0.254312182416614824667
-0.821688020740450851684
-0.821688020740450860187
0.271312506959827901047
-0.627936465478926229794
-0.821688020740450860079
0.271312506959827923576
-0.392677923311437838901
-0.861634259105176985766
0.254312182416614824667
-1.0
-0.641224783582206295826
0.282449567164412493994
-0.821688020740450842098
-0.627936465478926270412
0.271312506959827946104
-0.641224783582206198168
-0.641224783582206295826
0.282449567164412493994
-1.0
-0.39267792331143788891
0.254312182416614854418
-0.861634259105176965508
-0.39267792331143788891
0.254312182416614854418
-1.0
-0.165278957666387010201
0.165278957666387010201
-1.0
-1.0
0.477924949810444377125
-0.87017829530514173515
-1.0
0.546440856964798324634
-0.67626256165965677615
-1.0
0.546440856964798425267
-0.477924949810444487528
-1.0
0.477924949810444376506
-1.0
-0.870178295305141735149
0.546440856964798324634
-0.844365714647196359389
-0.844365714647196360709
0.533097143941589008241
-0.676262561659656735145
-0.870178295305141705671
0.546440856964798329793
-1.0
-0.67626256165965677615
0.546440856964798425267
-0.870178295305141705671
-0.676262561659656819105
0.546440856964798413754
-1.0
-0.477924949810444614188
0.477924949810444575697
-1.0
-1.0
0.738773865105505076779
-0.887821287666182476055
-1.0
0.775642575332364991545
-0.738773865105505076779
-1.0
0.738773865105505076779
-1.0
-0.887821287666182476055
0.775642575332364991545
-0.88782128766618251549
-0.887821287666182476055
0.775642575332364991545
-1.0
-0.738773865105505076779
0.738773865105505076779
-1.0
-1.0
0.919533908166458767615
-0.919533908166458816578
-1.0
0.919533908166458705556
-1.0
-0.919533908166458880366
0.919533908166458852779
-1.0
-1.0
1.0
