-1.0
-0.577350269189625764509
-0.408248290463863016366
-0.919533908166458834194
-0.577350269189625764509
-0.408248290463863016366
-0.738773865105505076779
-0.577350269189625764509
-0.408248290463863016366
-0.477924949810444523029
-0.577350269189625764509
-0.408248290463863016366
-0.165278957666387010201
-0.577350269189625764509
-0.408248290463863016366
0.165278957666387010201
-0.577350269189625764509
-0.408248290463863016366
0.477924949810444523028
-0.577350269189625764509
-0.408248290463863016366
0.738773865105505076779
-0.577350269189625764509
-0.408248290463863016366
0.919533908166458834194
-0.577350269189625764509
-0.408248290463863016366
1.0
-0.577350269189625764509
-0.408248290463863016366
-0.959766954083229417097
-0.507664589518527555287
-0.408248290463863016366
-0.831731931499273753517
-0.480200654544713055507
-0.408248290463863016366
-0.61135170931222758642
-0.464921374961276986686
-0.408248290463863016366
-0.323495052864026331784
-0.457522022561253648448
-0.408248290463863016366
-1.1895141427771011185e-16
-0.455353691008284056047
-0.408248290463863016366
0.323495052864026371664
-0.457522022561253630904
-0.408248290463863016366
0.611351709312227541019
-0.464921374961276981313
-0.408248290463863016366
0.8317319314992737338
-0.480200654544713089659
-0.408248290463863016366
0.959766954083229297267
-0.507664589518527540031
-0.408248290463863016366
-0.869386932552752538389
-0.351121800238572560389
-0.408248290463863016366
-0.708309576134970141206
-0.296985423430790235275
-0.408248290463863016366
-0.461837175373309346081
-0.266641817523556610222
-0.408248290463863016366
-0.160288403411826010545
-0.253223781875531547892
-0.408248290463863016366
0.160288403411825831086
-0.253223781875531508487
-0.408248290463863016366
0.46183717537330939491
-0.266641817523556525648
-0.408248290463863016366
0.708309576134969995212
-0.296985423430790142166
-0.408248290463863016366
0.869386932552752538389
-0.351121800238572560389
-0.408248290463863016366
-0.738962474905222261514
-0.125220013043434910294
-0.408248290463863016366
-0.557973220760895909963
-0.0513939224982099487742
-0.408248290463863016366
-0.299442429652492788857
-0.0122019383489238400665
-0.408248290463863016366
-7.65407566815156652357e-17
-4.4190781404339976131e-17
-0.408248290463863016366
0.299442429652492687979
-0.012201938348923827658
-0.408248290463863016366
0.557973220760895905216
-0.0513939224982099054651
-0.408248290463863016366
0.738962474905222132742
-0.12522001304343487955
-0.408248290463863016366
-0.582639478833193505101
0.145539358544708930301
-0.408248290463863016366
-0.394347864120183732
0.227676845504141988447
-0.408248290463863016366
-0.139154026240666896617
0.26542572022445524904
-0.408248290463863016366
0.139154026240666738619
0.26542572022445522199
-0.408248290463863016366
0.394347864120183654418
0.227676845504141954132
-0.408248290463863016366
0.582639478833193505101
0.145539358544708930301
-0.408248290463863016366
-0.4173605211668064949
0.431810910644916834208
-0.408248290463863016366
-0.234478167896869573433
0.508915945059463553913
-0.408248290463863016366
-4.88289083103686516463e-17
0.53328363504711313587
-0.408248290463863016366
0.234478167896869538299
0.508915945059463579678
-0.408248290463863016366
0.4173605211668064949
0.431810910644916834208
-0.408248290463863016366
-0.261037525094777738486
0.702570282233060674803
-0.408248290463863016366
-0.0969578668227425728327
0.761906798392067034533
-0.408248290463863016366
0.0969578668227424364835
0.761906798392067121684
-0.408248290463863016366
0.261037525094777627773
0.702570282233060674268
-0.408248290463863016366
-0.130613067447247461611
0.928472069428198324898
-0.408248290463863016366
1.97172925031897071108e-17
0.960401309089426145166
-0.408248290463863016366
0.130613067447247461611
0.928472069428198324898
-0.408248290463863016366
-0.0402330459167705829029
1.0850148587081533198
-0.408248290463863016366
0.0402330459167705029098
1.08501485870815326605
-0.408248290463863016366
0.0
1.15470053837925152902
-0.408248290463863016366
-0.959766954083229450387
-0.554121709299259713988
-0.342548001601160291412
-0.831731931499273753517
-0.544967064307988194842
-0.316654755390426077971
-0.61135170931222758642
-0.539873971113509505235
-0.302249312450302329538
-0.323495052864026331784
-0.537407520313501725822
-0.295273136105708385673
-1.1895141427771011185e-16
-0.536684743129178528355
-0.293228813512420977197
0.323495052864026371664
-0.537407520313501719974
-0.295273136105708369132
0.611351709312227541019
-0.539873971113509503444
-0.302249312450302324472
0.8317319314992737338
-0.544967064307988206226
-0.316654755390426110169
0.959766954083229330557
-0.554121709299259708903
-0.342548001601160277029
-0.887821287666182495772
-0.447817449663075519991
-0.316654755390426077971
-0.688731429294392752023
-0.397639276102473360156
-0.281173428598168787208
-0.449624486219377045112
-0.371453330739154432989
-0.26265716905998554626
-0.156712272486229695735
-0.36163741703519948792
-0.255716269916377042214
0.156712272486229512747
-0.361637417035199473759
-0.255716269916377032201
0.449624486219377108258
-0.371453330739154412101
-0.26265716905998553149
0.688731429294392649512
-0.397639276102473339056
-0.281173428598168772288
0.887821287666182495772
-0.447817449663075519991
-0.316654755390426077971
-0.773220428482399228548
-0.259509125354673903289
-0.302249312450302329538
-0.546500263850139378639
-0.203659561859929594074
-0.262657169059985546172
-0.289322062004794196524
-0.167040170380965542637
-0.246898916007339134927
-8.45416206203453195417e-17
-0.156353556270006217904
-0.242633541122698867023
0.289322062004794077616
-0.167040170380965504298
-0.246898916007339122417
0.546500263850139380617
-0.203659561859929556474
-0.262657169059985539317
0.773220428482399109386
-0.259509125354673909791
-0.302249312450302300402
-0.627156091208307412333
-0.0114511736220858667779
-0.295273136105708385673
-0.391543326354584901507
0.0451018994597357049129
-0.255716269916377041102
-0.135406151701865120363
0.0781767781350030441006
-0.242633541122698864943
0.135406151701864990827
0.0781767781350030428832
-0.242633541122698859986
0.391543326354584797907
0.0451018994597357243113
-0.255716269916377026117
0.627156091208307412333
-0.0114511736220858667779
-0.295273136105708385673
-0.464782621373394629192
0.268342371564589161163
-0.293228813512420977197
-0.234831053868355302195
0.316535517575463643605
-0.255716269916377028327
-7.42722659597280868973e-17
0.334080340761930941373
-0.246898916007339114387
0.234831053868355188599
0.31653551757546364507
-0.255716269916377017679
0.464782621373394494818
0.268342371564589178642
-0.293228813512420944716
-0.303661038344281055545
0.548858693935587624213
-0.295273136105708369132
-0.0968757776307623151425
0.575112892599084019074
-0.262657169059985524635
0.0968757776307622858431
0.575112892599084038616
-0.262657169059985524547
0.303661038344281055545
0.548858693935587624213
-0.295273136105708369132
-0.161868719170171663278
0.79938309646818336831
-0.302249312450302324472
-3.56229202001228116353e-17
0.795278552204946620222
-0.28117342859816877121
0.161868719170171534936
0.799383096468183381288
-0.302249312450302300402
-0.0560893561669087619725
0.99278451397106370345
-0.316654755390426110169
0.0560893561669087619725
0.99278451397106370345
-0.316654755390426110169
-1.37934220027789483567e-17
1.10824341859851935386
-0.342548001601160220387
-0.869386932552752538389
-0.501940779539274696469
-0.194958044473542964957
-0.708309576134970141206
-0.483895320603347254765
-0.143917778940672267979
-0.461837175373309346081
-0.473780785300936046413
-0.115309552937129497593
-0.160288403411826010545
-0.46930810675159435897
-0.10265890760790102804
0.160288403411825831086
-0.469308106751594345835
-0.102658907607900990889
0.46183717537330939491
-0.473780785300936018222
-0.115309552937129417855
0.708309576134969995212
-0.483895320603347223728
-0.143917778940672180195
0.869386932552752538389
-0.501940779539274696469
-0.194958044473542964957
-0.773220428482399270529
-0.371466426374998476941
-0.143917778940672267979
-0.546500263850139389849
-0.315522074446079487664
-0.104459686639521351424
-0.289322062004794197288
-0.288458587162184947995
-0.0751873442734696546289
-8.45416206203453195417e-17
-0.28087494845155594599
-0.0665336994939721542533
0.28932206200479407838
-0.28845858716218492342
-0.0751873442734696226533
0.546500263850139391828
-0.315522074446079468668
-0.10445968663952131826
0.773220428482399151366
-0.371466426374998451639
-0.143917778940672283821
-0.641224783582206246997
-0.163072333634866807552
-0.115309552937129497593
-0.394473495424617003775
-0.106330961990355824053
-0.0751873442734696553224
-0.135755046017387885663
-0.0783782123619889307203
-0.0554217654584416630244
0.135755046017387754467
-0.078378212361988920329
-0.0554217654584416556767
0.394473495424616889648
-0.106330961990355790096
-0.0751873442734696313112
0.641224783582206246997
-0.163072333634866807552
-0.115309552937129497593
-0.486576944354772947067
0.0958402240891075654727
-0.10265890760790102804
-0.243244840645692167053
0.140437474225777910764
-0.0665336994939721542533
-6.30722421201213172856e-17
0.156756424723977740757
-0.0554217654584416530339
0.243244840645692055378
0.140437474225777918326
-0.0665336994939721428546
0.486576944354772813251
0.0958402240891075875713
-0.102658907607901003458
-0.326288540942947014877
0.373467882662486631514
-0.102658907607900990889
-0.105151433419822864327
0.394789549152540650028
-0.0751873442734696140696
0.105151433419822749373
0.394789549152540656698
-0.0751873442734696082647
0.326288540942946888752
0.373467882662486642426
-0.102658907607900969328
-0.179387608208896852087
0.636853118935802882157
-0.115309552937129417855
-4.25197635504102942981e-18
0.631044148892158952393
-0.104459686639521285095
0.179387608208896852087
0.636853118935802882157
-0.115309552937129417855
-0.0649108523474291754414
0.855361746978345589754
-0.143917778940672180195
0.0649108523474290916535
0.855361746978345567382
-0.143917778940672215268
6.61744490042422139897e-24
1.00388155907854939294
-0.194958044473542964957
-0.738962474905222334466
-0.426640183807562188556
0.018024203003579878272
-0.557973220760895909963
-0.402031486959153825931
0.0876281086742741732538
-0.299442429652492788857
-0.388967492242725123028
0.124578665687762028448
-7.65407566815156652357e-17
-0.384900179459750524403
0.136082763487954297125
0.299442429652492687979
-0.388967492242725118892
0.124578665687762040147
0.557973220760895905216
-0.402031486959153811494
0.087628108674274214086
0.738962474905222205694
-0.426640183807562178308
0.0180242030035799072579
-0.627156091208307427209
-0.282203240330781692326
0.0876281086742741732538
-0.391543326354584891203
-0.226057644870221082443
0.127761235241956355781
-0.135406151701865115295
-0.202698170316552859651
0.154583620308335459158
0.135406151701864985759
-0.202698170316552855384
0.154583620308335456358
0.391543326354584787603
-0.226057644870221061849
0.127761235241956369075
0.627156091208307427209
-0.282203240330781692326
0.0876281086742741732538
-0.486576944354772926167
-0.0648410049286308702105
0.124578665687762028448
-0.243244840645692160101
-0.0159160820442282616393
0.154583620308335457078
-6.30722437744825423916e-17
-3.82835017658513941498e-17
0.166265296375324866676
0.243244840645692048427
-0.0159160820442282483718
0.154583620308335460408
0.48657694435477279235
-0.0648410049286308396676
0.124578665687762041089
-0.33333333333333338436
0.192450089729875195915
0.136082763487954297125
-0.107838688943827110974
0.218614252360781014298
0.154583620308335448082
0.107838688943827000459
0.218614252360781018617
0.154583620308335451136
0.333333333333333259318
0.192450089729875212104
0.136082763487954308572
-0.187134514702280184167
0.453808497171355903808
0.124578665687762040147
-4.69296586105550473473e-17
0.452115289740442073676
0.127761235241956361797
0.187134514702280075953
0.453808497171355898279
0.124578665687762041089
-0.0691828704474115071169
0.684234727289935506927
0.087628108674274214086
0.0691828704474115071169
0.684234727289935506927
0.087628108674274214086
-1.92456605876915724275e-17
0.853280367615124227934
0.0180242030035800421005
-0.5826394788331935051
-0.336387059944847532906
0.273298586629959649891
-0.394347864120183732
-0.309007897625036513524
0.350738551988141959469
-0.139154026240666896617
-0.296424939384932093326
0.386328532384001884985
0.139154026240666738619
-0.296424939384932102343
0.386328532384001859483
0.394347864120183654418
-0.309007897625036524962
0.350738551988141927116
0.5826394788331935051
-0.336387059944847532906
0.273298586629959649891
-0.464782621373394592566
-0.187011319443694805062
0.350738551988141959469
-0.234831053868355295366
-0.135579772164978442013
0.383671304590797610225
-7.42722651325474743443e-17
-0.121418416781219457111
0.397273604554278284779
0.23483105386835518177
-0.135579772164978431486
0.383671304590797608058
0.464782621373394458191
-0.187011319443694768611
0.350738551988141965121
-0.326288540942947014877
0.027701547929162126496
0.386328532384001884985
-0.105151433419822873523
0.0607092083906096560612
0.397273604554278285333
0.105151433419822758569
0.0607092083906096637572
0.397273604554278289686
0.326288540942946888752
0.0277015479291621504615
0.386328532384001888086
-0.187134514702280205068
0.268723391455769834508
0.386328532384001859483
-4.69296519931101469231e-17
0.27115954432995677726
0.383671304590797592342
0.187134514702280096853
0.268723391455769833553
0.386328532384001853956
-0.0704347572532109092632
0.496019217068731257117
0.350738551988141927116
0.0704347572532108249463
0.496019217068731226281
0.350738551988141905311
3.30872245021211069949e-24
0.672774119889695065812
0.273298586629959649891
-0.4173605211668064949
-0.240963209244778231603
0.543197994297766382842
-0.234478167896869573433
-0.215261531106595991702
0.615893317895297187953
-4.88289083103686516463e-17
-0.207138967777379464383
0.638867396338121931814
0.234478167896869538299
-0.215261531106595983113
0.615893317895297212245
0.4173605211668064949
-0.240963209244778231603
0.543197994297766382842
-0.30366103834428108055
-0.0954332844782238756403
0.615893317895297187953
-0.0968757776307623312538
-0.0559312562930749629299
0.629774024759492370672
0.0968757776307623019543
-0.0559312562930749563325
0.629774024759492389067
0.30366103834428108055
-0.0954332844782238756403
0.615893317895297187953
-0.179387608208896900916
0.103569483888689689904
0.638867396338121931814
-4.25197635504102942981e-18
0.11186251258614986115
0.629774024759492407461
0.179387608208896900916
0.103569483888689689904
0.638867396338121931814
-0.0691828704474115172458
0.310694815584819832621
0.615893317895297212245
0.0691828704474115172458
0.310694815584819832621
0.615893317895297212245
-3.30872245021211069949e-24
0.481926418489556463207
0.543197994297766382842
-0.261037525094777811438
-0.150710085382063660191
0.7984723779241459162
-0.0969578668227425728327
-0.130931246662394831495
0.854415381854837437174
0.0969578668227424364835
-0.130931246662394802445
0.854415381854837519341
0.261037525094777700725
-0.150710085382063660369
0.798472377924145915695
-0.161868719170171705258
-0.0185023524340460482987
0.854415381854837437174
-3.56229268175677120595e-17
-2.13289943697451777173e-17
0.84352028579450625977
0.161868719170171576916
-0.0185023524340460212798
0.854415381854837441387
-0.0649108523474291754415
0.149433599096440747187
0.854415381854837519341
0.0649108523474290916536
0.149433599096440706663
0.85441538185483750994
-1.92456870574711741244e-17
0.3014201707641271724
0.798472377924146078334
-0.130613067447247461611
-0.07540948965035106804
1.01145462540126899769
1.97172925031897071108e-17
-0.0647664097632751279507
1.04155780124471520451
0.130613067447247461611
-0.07540948965035106804
1.01145462540126899769
-0.0560893561669087422552
0.032383204881637581051
1.04155780124471520451
0.0560893561669087422552
0.032383204881637581051
1.04155780124471520451
-1.32348898008484427979e-23
0.15081897930070213608
1.01145462540126899769
-0.0402330459167706161927
-0.0232285598903660889607
1.15904458252888621542
0.0402330459167705361997
-0.0232285598903661068754
1.15904458252888616475
-1.37934418551136496293e-17
0.0464571197807321048608
1.15904458252888628496
0.0
0.0
1.2247448713915890491
