-1.0
-1.0
-1.0
-0.871740148509606636946
-1.0
-1.0
-0.591700181433142315074
-1.0
-1.0
-0.209299217902478853437
-1.0
-1.0
0.209299217902478853438
-1.0
-1.0
0.591700181433142315074
-1.0
-1.0
0.871740148509606636947
-1.0
-1.0
1.0
-1.0
-1.0
-1.0
-0.871740148509606636946
-1.0
-0.808559982070501015182
-0.825283816702066035761
-1.0
-0.448952431502012058335
-0.806699305454614458194
-1.0
-2.24772898048137409477e-17
-0.802083407330433562372
-1.0
0.448952431502011923779
-0.806699305454614496702
-1.0
0.80855998207050098148
-0.825283816702066069775
-1.0
0.99999999999999988137
-0.871740148509606615845
-1.0
-1.0
-0.591700181433142315074
-1.0
-0.742645145204941329051
-0.502211370361115563806
-1.0
-0.272736158274305975568
-0.466671445131972953944
-1.0
0.272736158274305774569
-0.466671445131972940734
-1.0
0.742645145204941121197
-0.502211370361115527532
-1.0
1.0
-0.591700181433142315074
-1.0
-1.0
-0.209299217902478853437
-1.0
-0.639810549081520887615
-0.0989582963347833610592
-1.0
-1.40733677153354747036e-16
-0.0666571097360542548274
-1.0
0.639810549081520637944
-0.0989582963347832130877
-1.0
0.999999999999999816386
-0.209299217902478821283
-1.0
-1.0
0.209299217902478853437
-1.0
-0.440591287461866841468
0.308910675815729858434
-1.0
0.44059128746186659965
0.308910675815729932836
-1.0
0.99999999999999971918
0.209299217902478870532
-1.0
-1.0
0.591700181433142315074
-1.0
9.73403910237537542405e-17
0.650567633404132105535
-1.0
1.0
0.591700181433142315074
-1.0
-1.0
0.871740148509606636947
-1.0
0.999999999999998268792
0.871740148509606586667
-1.0
-1.0
1.0
-1.0
-1.0
-1.0
-0.87174014850960671879
-0.808559982070501015182
-1.0
-0.825283816702066035761
-0.448952431502012058335
-1.0
-0.806699305454614458194
-2.24772898048137409477e-17
-1.0
-0.802083407330433562373
0.448952431502011923778
-1.0
-0.806699305454614496702
0.80855998207050098148
-1.0
-0.825283816702066069774
0.99999999999999988137
-1.0
-0.871740148509606697689
-1.0
-0.808559982070501015182
-0.825283816702066035761
-0.700788931524735647305
-0.739727185052490214465
-0.769697876091515882027
-0.257252462064499040661
-0.711610817218677275998
-0.747954425801984711882
0.257252462064498911533
-0.711610817218677278856
-0.747954425801984714065
0.700788931524735482093
-0.739727185052490209087
-0.769697876091515877816
1.0
-0.808559982070501015182
-0.825283816702066035761
-1.0
-0.448952431502012058335
-0.806699305454614458194
-0.577251255477686791546
-0.36435263980352837603
-0.747954425801984710742
-1.11544074758024303051e-16
-0.333333333333333375932
-0.733705955463020657039
0.577251255477686577005
-0.364352639803528325362
-0.747954425801984698791
0.999999999999999830359
-0.448952431502012046817
-0.806699305454614421139
-1.0
-2.24773956839321477352e-17
-0.802083407330433562373
-0.3758056757106996864
0.0759634570222054855093
-0.747954425801984714106
0.375805675710699401051
0.0759634570222055347328
-0.747954425801984704592
0.999999999999999753569
6.08762579191665653688e-18
-0.802083407330433523122
-1.0
0.448952431502011923778
-0.806699305454614496702
-1.74025460112237767563e-16
0.479454370104980283699
-0.7696978760915158882
0.999999999999999553938
0.448952431502011952076
-0.806699305454614463543
-1.0
0.80855998207050098148
-0.825283816702066069774
1.0
0.80855998207050098148
-0.825283816702066069774
-1.0
0.999999999999999966135
-0.87174014850960661085
-1.0
-1.0
-0.591700181433142315074
-0.742645145204941329051
-1.0
-0.502211370361115563806
-0.272736158274305975568
-1.0
-0.466671445131972953944
0.272736158274305774569
-1.0
-0.466671445131972940734
0.742645145204941121197
-1.0
-0.502211370361115527532
1.0
-1.0
-0.591700181433142315074
-1.0
-0.742645145204941329051
-0.502211370361115563806
-0.577251255477686800082
-0.65101726253857543782
-0.444458691747614568127
-1.11544074758024303051e-16
-0.625491292784231597994
-0.422098014845659836057
0.577251255477686585541
-0.651017262538575411492
-0.444458691747614527642
0.999999999999999830359
-0.742645145204941279683
-0.502211370361115563611
-1.0
-0.272736158274305975568
-0.466671445131972953944
-0.369117988781942556961
-0.187254353607884311992
-0.422098014845659826985
0.369117988781942266996
-0.187254353607884276246
-0.422098014845659808913
0.999999999999999762097
-0.272736158274305934399
-0.466671445131972931804
-1.0
0.272736158274305774569
-0.466671445131972940734
-1.98560510583287424397e-16
0.302034525077150657329
-0.444458691747614505112
0.999999999999999583662
0.272736158274305789001
-0.466671445131972924895
-1.0
0.742645145204941121197
-0.502211370361115527532
0.999999999999998851299
0.74264514520494107306
-0.502211370361115549857
-1.0
1.0
-0.591700181433142315074
-1.0
-1.0
-0.209299217902479013709
-0.639810549081520887615
-1.0
-0.0989582963347833610592
-1.40733677153354747036e-16
-1.0
-0.0666571097360542548273
0.639810549081520637944
-1.0
-0.0989582963347832130875
0.999999999999999816386
-1.0
-0.209299217902478981554
-1.0
-0.639810549081520887615
-0.0989582963347833610592
-0.375805675710699703884
-0.524277361236692512632
-0.0596324566484162047699
0.375805675710699418535
-0.524277361236692477659
-0.0596324566484161668679
0.999999999999999753569
-0.63981054908152081418
-0.0989582963347833549462
-1.0
-1.40733465395117933461e-16
-0.0666571097360542548273
-1.98560510583287424397e-16
0.0485547224733847671661
-0.059632456648416138536
0.999999999999999583663
-1.10562257693038162171e-16
-0.0666571097360542543231
-1.0
0.639810549081520637944
-0.0989582963347832130875
0.99999999999999887809
0.639810549081520572146
-0.0989582963347832329537
-1.0
0.999999999999999939546
-0.209299217902478791095
-1.0
-1.0
0.209299217902478693166
-0.440591287461866841469
-1.0
0.308910675815729858434
0.44059128746186659965
-1.0
0.308910675815729932836
0.99999999999999971918
-1.0
0.20929921790247871026
-1.0
-0.440591287461866841468
0.308910675815729858434
-1.74025460112237767563e-16
-0.333333333333333390639
0.309093628274547542909
0.999999999999999553938
-0.44059128746186674426
0.308910675815729859973
-1.0
0.44059128746186659965
0.308910675815729932836
0.999999999999998851299
0.440591287461866500222
0.308910675815729916131
-1.0
0.999999999999999907542
0.209299217902478914813
-1.0
-1.0
0.591700181433142315074
9.73403910237537542405e-17
-1.0
0.650567633404132105535
1.0
-1.0
0.591700181433142315074
-1.0
9.73406027819905678156e-17
0.650567633404132105535
1.0
9.73406027819905678156e-17
0.650567633404132105535
-1.0
1.0
0.591700181433142315074
-1.0
-1.0
0.871740148509606555103
0.999999999999998268792
-0.999999999999999999999
0.871740148509606504823
-1.0
0.999999999999999505802
0.871740148509606661001
-1.0
-1.0
1.0
