-1.0
-1.0
-1.0
-0.871740148509606636946
-1.0
-1.0
-0.591700181433142315074
-1.0
-1.0
-0.209299217902478853438
-1.0
-1.0
0.209299217902478853437
-1.0
-1.0
0.591700181433142315074
-1.0
-1.0
0.871740148509606636946
-1.0
-1.0
1.0
-1.0
-1.0
-1.0
-0.871740148509606636946
-1.0
-0.825283816702066069775
-0.825283816702066035761
-1.0
-0.502211370361115550052
-0.806699305454614458194
-1.0
-0.0989582963347832390668
-0.802083407330433562373
-1.0
0.308910675815729914592
-0.806699305454614496702
-1.0
0.650567633404132105535
-0.825283816702066069775
-1.0
0.871740148509606504823
-0.871740148509606615845
-1.0
-1.0
-0.591700181433142315074
-1.0
-0.806699305454614500598
-0.502211370361115563806
-1.0
-0.466671445131972947035
-0.466671445131972953944
-1.0
-0.0666571097360542548275
-0.466671445131972940734
-1.0
0.308910675815729876677
-0.502211370361115527532
-1.0
0.591700181433142315074
-0.591700181433142315074
-1.0
-1.0
-0.209299217902478853438
-1.0
-0.802083407330433562373
-0.0989582963347833610594
-1.0
-0.466671445131972947644
-0.0666571097360542548275
-1.0
-0.0989582963347833350802
-0.0989582963347832130877
-1.0
0.20929921790247871026
-0.209299217902478821283
-1.0
-1.0
0.209299217902478853437
-1.0
-0.806699305454614454298
0.308910675815729858433
-1.0
-0.502211370361115541286
0.308910675815729932836
-1.0
-0.209299217902478981554
0.209299217902478870532
-1.0
-1.0
0.591700181433142315074
-1.0
-0.825283816702066035761
0.650567633404132105535
-1.0
-0.591700181433142315074
0.591700181433142315074
-1.0
-1.0
0.871740148509606636946
-1.0
-0.871740148509606697689
0.871740148509606586667
-1.0
-1.0
1.0
-1.0
-1.0
-1.0
-0.87174014850960671879
-0.825283816702066069775
-1.0
-0.825283816702066035761
-0.502211370361115550052
-1.0
-0.806699305454614458194
-0.0989582963347832390667
-1.0
-0.802083407330433562373
0.308910675815729914592
-1.0
-0.806699305454614496702
0.650567633404132105535
-1.0
-0.825283816702066069774
0.871740148509606586667
-1.0
-0.871740148509606697689
-1.0
-0.825283816702066069775
-0.825283816702066035761
-0.769697876091515902795
-0.769697876091515892411
-0.769697876091515882027
-0.444458691747614523067
-0.747954425801984710782
-0.747954425801984711882
-0.0596324566484161481063
-0.747954425801984712965
-0.747954425801984714065
0.309093628274547542908
-0.769697876091515888201
-0.769697876091515877816
0.650567633404132105535
-0.825283816702066069775
-0.825283816702066035761
-1.0
-0.502211370361115550052
-0.806699305454614458194
-0.747954425801984717725
-0.444458691747614545597
-0.747954425801984710742
-0.422098014845659826985
-0.422098014845659817913
-0.733705955463020657039
-0.0596324566484161951999
-0.444458691747614505112
-0.747954425801984698791
0.308910675815729859973
-0.502211370361115549857
-0.806699305454614421139
-1.0
-0.0989582963347832390668
-0.802083407330433562373
-0.747954425801984707123
-0.0596324566484161764382
-0.747954425801984714106
-0.444458691747614550172
-0.0596324566484161385361
-0.747954425801984704592
-0.0989582963347833549462
-0.0989582963347832329537
-0.802083407330433523122
-1.0
0.308910675815729914592
-0.806699305454614496702
-0.769697876091515867432
0.309093628274547542908
-0.7696978760915158882
-0.502211370361115563611
0.308910675815729916131
-0.806699305454614463543
-1.0
0.650567633404132105535
-0.825283816702066069774
-0.825283816702066035761
0.650567633404132105535
-0.825283816702066069774
-1.0
0.871740148509606579157
-0.87174014850960661085
-1.0
-1.0
-0.591700181433142315074
-0.806699305454614500598
-1.0
-0.502211370361115563806
-0.466671445131972947035
-1.0
-0.466671445131972953944
-0.0666571097360542548276
-1.0
-0.466671445131972940734
0.308910675815729876677
-1.0
-0.502211370361115527532
0.591700181433142315074
-1.0
-0.591700181433142315074
-1.0
-0.806699305454614500598
-0.502211370361115563806
-0.747954425801984716584
-0.747954425801984717684
-0.444458691747614568127
-0.422098014845659817914
-0.733705955463020657039
-0.422098014845659836057
-0.059632456648416166868
-0.747954425801984705733
-0.444458691747614527642
0.308910675815729916131
-0.806699305454614463543
-0.502211370361115563611
-1.0
-0.466671445131972947035
-0.466671445131972953944
-0.733705955463020657039
-0.422098014845659836057
-0.422098014845659826985
-0.422098014845659827056
-0.422098014845659817984
-0.422098014845659808913
-0.0666571097360542543232
-0.466671445131972924895
-0.466671445131972931804
-1.0
-0.0666571097360542548275
-0.466671445131972940734
-0.74795442580198469989
-0.0596324566484161951999
-0.444458691747614505112
-0.466671445131972931804
-0.0666571097360542543232
-0.466671445131972924895
-1.0
0.308910675815729876677
-0.502211370361115527532
-0.806699305454614421138
0.308910675815729859973
-0.502211370361115549857
-1.0
0.591700181433142315074
-0.591700181433142315074
-1.0
-1.0
-0.209299217902479013709
-0.802083407330433562373
-1.0
-0.0989582963347833610592
-0.466671445131972947644
-1.0
-0.0666571097360542548273
-0.0989582963347833350802
-1.0
-0.0989582963347832130875
0.209299217902478870532
-1.0
-0.209299217902478981554
-1.0
-0.802083407330433562373
-0.0989582963347833610592
-0.747954425801984707164
-0.747954425801984708263
-0.0596324566484162047699
-0.444458691747614527642
-0.74795442580198469875
-0.0596324566484161668679
-0.0989582963347832329539
-0.802083407330433523122
-0.0989582963347833549462
-1.0
-0.466671445131972947644
-0.0666571097360542548273
-0.747954425801984705692
-0.444458691747614550172
-0.059632456648416138536
-0.466671445131972924895
-0.466671445131972931804
-0.0666571097360542543231
-1.0
-0.0989582963347833350802
-0.0989582963347832130875
-0.802083407330433523122
-0.0989582963347833549463
-0.0989582963347832329537
-1.0
0.209299217902478754542
-0.209299217902478791095
-1.0
-1.0
0.209299217902478693166
-0.806699305454614454298
-1.0
0.308910675815729858434
-0.502211370361115541286
-1.0
0.308910675815729932836
-0.209299217902478821283
-1.0
0.20929921790247871026
-1.0
-0.806699305454614454298
0.308910675815729858434
-0.769697876091515877816
-0.769697876091515867433
0.309093628274547542909
-0.502211370361115549857
-0.806699305454614421139
0.308910675815729859973
-1.0
-0.502211370361115541286
0.308910675815729932836
-0.806699305454614463542
-0.502211370361115563611
0.308910675815729916131
-1.0
-0.209299217902478951366
0.209299217902478914813
-1.0
-1.0
0.591700181433142315074
-0.825283816702066035761
-1.0
0.650567633404132105535
-0.591700181433142315074
-1.0
0.591700181433142315074
-1.0
-0.825283816702066035761
0.650567633404132105535
-0.825283816702066069775
-0.825283816702066035761
0.650567633404132105535
-1.0
-0.591700181433142315074
0.591700181433142315074
-1.0
-1.0
0.871740148509606555103
-0.871740148509606615846
-1.0
0.871740148509606504823
-1.0
-0.871740148509606692694
0.871740148509606661001
-1.0
-1.0
1.0
