-1.0
-0.577350269189625764509
-0.408248290463863016366
-0.871740148509606636946
-0.577350269189625764509
-0.408248290463863016366
-0.591700181433142315074
-0.577350269189625764509
-0.408248290463863016366
-0.209299217902478853438
-0.577350269189625764509
-0.408248290463863016366
0.209299217902478853437
-0.577350269189625764509
-0.408248290463863016366
0.591700181433142315074
-0.577350269189625764509
-0.408248290463863016366
0.871740148509606636947
-0.577350269189625764509
-0.408248290463863016366
1.0
-0.577350269189625764509
-0.408248290463863016366
-0.935870074254803318473
-0.466273979513325717305
-0.408248290463863016366
-0.737925725053099087655
-0.426041616001356507667
-0.408248290463863016366
-0.405561023088422779149
-0.409946957144145813628
-0.408248290463863016366
-2.02530871644423550448e-17
-0.405949472107324220402
-0.408248290463863016366
0.405561023088422666241
-0.409946957144145846977
-0.408248290463863016366
0.737925725053099070648
-0.426041616001356537124
-0.408248290463863016366
0.9358700742548031969
-0.466273979513325699031
-0.408248290463863016366
-0.795850090716571157537
-0.223752253950149798327
-0.408248290463863016366
-0.557804990635172282501
-0.146252670207308487176
-0.408248290463863016366
-0.200007167697959424007
-0.115474192110271500273
-0.408248290463863016366
0.200007167697959274806
-0.115474192110271488832
-0.408248290463863016366
0.557804990635172112911
-0.146252670207308455761
-0.408248290463863016366
0.795850090716571157537
-0.223752253950149798327
-0.408248290463863016366
-0.604649608951239426719
0.107416694899051423247
-0.408248290463863016366
-0.351562555497825242902
0.202974736053661987013
-0.408248290463863016366
-7.50572636697633603729e-17
0.230948384220542859629
-0.408248290463863016366
0.351562555497825058376
0.20297473605366211516
-0.408248290463863016366
0.604649608951239299619
0.107416694899051451094
-0.408248290463863016366
-0.395350391048760573281
0.469933574290574341262
-0.408248290463863016366
-0.152243967546749525081
0.556199627351454159151
-0.408248290463863016366
0.152243967546749425132
0.556199627351454223586
-0.408248290463863016366
0.395350391048760453712
0.469933574290574356066
-0.408248290463863016366
-0.204149909283428842463
0.801102523139775562836
-0.408248290463863016366
1.70069194208739545102e-17
0.852083232002713044792
-0.408248290463863016366
0.204149909283428842463
0.801102523139775562836
-0.408248290463863016366
-0.0641299257451966815268
1.04362424870295148181
-0.408248290463863016366
0.0641299257451965956443
1.04362424870295143827
-0.408248290463863016366
0.0
1.15470053837925152902
-0.408248290463863016366
-0.935870074254803359395
-0.540324839297525772401
-0.303524560251658996221
-0.737925725053099087655
-0.526914051460202678895
-0.265593124168358061914
-0.405561023088422779149
-0.521549165174465780882
-0.250418934276600980225
-2.02530871644423550448e-17
-0.520216670162191916473
-0.246650069240296574631
0.405561023088422666241
-0.521549165174465791999
-0.250418934276601011667
0.737925725053099070648
-0.526914051460202688714
-0.265593124168358089686
0.935870074254803237822
-0.540324839297525766309
-0.303524560251658978993
-0.825283816702066052768
-0.37560539827193345151
-0.265593124168358061914
-0.539395752183031790014
-0.311420282722614067086
-0.220207393712192225314
-0.192413117549599234399
-0.286313108967069922438
-0.202453940893218050212
0.192413117549599138378
-0.286313108967069924959
-0.202453940893218051994
0.5393957521830316599
-0.311420282722614062224
-0.220207393712192221876
0.825283816702066052768
-0.37560539827193345151
-0.265593124168358061914
-0.654455337907865004123
-0.090451566192148491637
-0.250418934276600980225
-0.344160984576784345894
-0.0234780933357793929727
-0.202453940893218049281
-6.44614847210737674265e-17
-3.19792509165896302207e-17
-0.190820113578003781829
0.344160984576784202849
-0.0234780933357793544617
-0.202453940893218039523
0.654455337907864874475
-0.0904515661921484807712
-0.25041893427660094997
-0.45052085183260840072
0.260108335081095940697
-0.246650069240296574631
-0.151747867027185152395
0.309791202302849189784
-0.202453940893218052027
0.151747867027185028263
0.309791202302849225355
-0.20245394089321804426
0.450520851832608267016
0.260108335081095957322
-0.246650069240296542584
-0.248894314819442291055
0.612000731366614180297
-0.250418934276601011667
-4.00784640495519160698e-17
0.622840565445228025053
-0.220207393712192230354
0.248894314819442162683
0.612000731366614191202
-0.250418934276600984592
-0.0873580916489669821197
0.902519449732136120587
-0.265593124168358089686
0.0873580916489669821197
0.902519449732136120587
-0.265593124168358089686
-1.58464975180253638942e-17
1.08064967859505145504
-0.303524560251658908089
-0.795850090716571157537
-0.459484264109800442448
-0.0748728846106128444331
-0.557804990635172282501
-0.433651069528853338731
-0.0018055763390157686845
-0.200007167697959424007
-0.423391576829841009764
0.0272126510970062024364
0.200007167697959274806
-0.42339157682984100595
0.0272126510970062132226
0.557804990635172112911
-0.43365106952885332826
-0.00180557633901573906671
0.795850090716571157537
-0.459484264109800442448
-0.0748728846106128444331
-0.654455337907865032202
-0.266247757483373424574
-0.0018055763390157686845
-0.34416098457678435949
-0.198701437089973091556
0.0453492882883255995237
-6.44614857550495331178e-17
-0.179906928397058237723
0.0636067045260012156451
0.344160984576784216445
-0.198701437089973069519
0.0453492882883256325795
0.654455337907864902555
-0.266247757483373392426
-0.00180557633901576852538
-0.466671445131972950489
0.0384845002495132604567
0.0272126510970062024364
-0.15580397030868048856
0.0899534641985290499419
0.0636067045260012230523
0.155803970308680359495
0.0899534641985290708106
0.0636067045260012378086
0.466671445131972817327
0.0384845002495132860216
0.0272126510970062205135
-0.266664277434013597781
0.384907076580327618188
0.0272126510970062132226
-5.00463593533690982024e-17
0.397402874179946029228
0.0453492882883256509754
0.266664277434013478587
0.384907076580327623197
0.0272126510970062261552
-0.0966503472726928254273
0.6998988270122266112
-0.00180557633901573906671
0.0966503472726927339196
0.699898827012226590289
-0.00180557633901575729481
6.61744490042422139897e-24
0.918968528219600884897
-0.0748728846106128444332
-0.604649608951239506855
-0.349094614493400081523
0.237356194655641795072
-0.351562555497825242902
-0.317241934108529847335
0.327449179852079679356
-7.50572636697633603729e-17
-0.307917384719569556463
0.353822988269850478636
0.351562555497825058376
-0.317241934108529804619
0.327449179852079800174
0.604649608951239379755
-0.349094614493400072241
0.237356194655641821327
-0.450520851832608461716
-0.145841137026228303228
0.327449179852079679356
-0.15174786702718516368
-0.0876116718770968904963
0.359558593498110340326
0.151747867027185039549
-0.087611671877096871316
0.359558593498110371273
0.450520851832608328012
-0.145841137026228267471
0.327449179852079684347
-0.266664277434013601235
0.15395869235978471323
0.353822988269850478636
-5.00463626620915484145e-17
0.175223343754193651616
0.359558593498110394406
0.266664277434013482041
0.153958692359784727093
0.353822988269850479048
-0.0989582963347832740839
0.463083071134757969401
0.327449179852079800174
0.0989582963347831829277
0.463083071134757946461
0.327449179852079783954
-1.82765655605264971126e-17
0.698189228986800002864
0.237356194655641976836
-0.395350391048760653417
-0.228255654696225775519
0.579140386272083975938
-0.152243967546749525081
-0.199500303675932456622
0.660472801079479631724
0.152243967546749425132
-0.199500303675932435144
0.660472801079479692474
0.395350391048760533848
-0.228255654696225770584
0.579140386272083989895
-0.248894314819442297932
-0.0320969916304525023675
0.660472801079479631724
-4.00784657039131411759e-17
-1.71441172516332247864e-17
0.6606221811365765917
0.248894314819442169561
-0.0320969916304524732064
0.660472801079479632981
-0.0966503472726928042253
0.231597295306384861692
0.660472801079479692474
0.0966503472726927127175
0.231597295306384837536
0.660472801079479678834
-1.82765721779713975368e-17
0.456511309392451391413
0.579140386272084156912
-0.204149909283428842463
-0.117866005079825322061
0.891369465538338877166
1.70069194208739545102e-17
-0.100872435458846161409
0.939434538800579167966
0.204149909283428842463
-0.117866005079825322061
0.891369465538338877166
-0.0873580916489669651127
0.0504362177294230954328
0.939434538800579167966
0.0873580916489669651127
0.0504362177294230954328
0.939434538800579167966
-6.61744490042422139897e-24
0.235732010159650644121
0.891369465538338877165
-0.0641299257451967224486
-0.037025429892100039361
1.1200211411793848953
0.0641299257451966365662
-0.0370254298921000538755
1.12002114117938485425
-1.58465173703600651668e-17
0.0740508597841999901347
1.12002114117938498177
0.0
0.0
1.2247448713915890491
